15 7 8 3 14 11 13 12 1 2 5 10 6 4 0 9 
12 7 5 14 8 3 13 4 15 10 11 0 6 2 1 9 
13 7 8 14 11 3 12 4 15 10 5 0 6 2 1 9 
13 7 8 14 2 11 12 1 15 10 5 3 6 4 9 0 
13 7 8 15 11 2 12 4 1 3 6 10 14 5 9 0 
13 7 4 3 14 8 12 10 0 11 2 15 5 6 1 9 
13 9 8 10 14 11 12 3 15 4 2 1 5 6 7 0 
15 7 5 10 2 14 12 3 13 11 4 1 6 8 0 9 
13 7 8 15 3 14 12 2 0 11 6 10 5 4 1 9 
9 13 8 10 3 14 12 2 15 11 5 0 6 4 7 1 
13 7 8 2 14 11 12 0 15 3 5 10 6 4 1 9 
13 7 5 14 8 11 12 1 15 3 4 0 6 2 10 9 
14 7 5 12 15 10 13 2 1 3 4 0 6 11 8 9 
15 7 8 10 3 14 13 1 12 2 5 11 6 4 0 9 
13 7 5 15 8 14 12 10 0 2 4 3 6 11 1 9 
13 7 8 15 14 4 12 10 1 11 5 3 6 2 0 9 
15 7 5 2 3 14 13 1 12 11 4 10 6 8 0 9 
12 7 8 15 11 14 13 3 0 4 5 1 6 2 10 9 
13 7 8 11 3 0 12 14 10 2 5 15 6 4 1 9 
14 7 8 15 1 10 13 2 0 3 5 12 6 11 4 9 
12 7 8 15 4 14 13 3 1 11 5 0 6 2 10 9 
2 7 5 10 15 14 13 12 1 3 4 0 6 11 8 9 
13 7 8 14 3 4 12 11 0 10 5 15 6 2 1 9 
14 7 8 3 15 11 12 2 13 0 4 10 5 6 1 9 
15 7 8 11 14 4 13 0 1 10 5 3 6 2 12 9 
2 7 8 15 1 14 13 10 12 11 5 0 6 4 3 9 
15 7 8 14 1 4 13 11 10 3 5 12 6 2 0 9 
12 7 8 14 10 4 13 3 15 11 5 0 6 2 1 9 
12 7 8 14 2 3 13 11 1 10 5 15 6 4 0 9 
12 7 5 15 11 3 13 10 1 2 4 14 6 8 0 9 
15 7 8 3 12 4 13 10 0 11 5 14 6 2 1 9 
30.111074
