0.385597
0.346972
0.354228
0.357925
0.360725
0.347163
0.350935
0.351687
0.355093
0.350287
0.347535
0.354858
0.371546
0.372268
0.37007
0.348766
0.37205
0.391559
0.397782
0.3787
0.380119
0.374113
0.369833
0.37103
0.370529
0.370095
0.369897
0.371791
0.374386
0.368713
0.376223
0.352629
0.35281
0.338765
0.380789
0.371483
0.376265
0.370161
0.367111
0.369287
0.367777
0.362662
0.357595
0.361645
0.326223
0.326088
0.326813
0.332156
0.357191
0.432503
0.386328
0.340933
0.388657
0.419684
0.38812
0.390472
0.36755
0.336935
0.318997
0.331133
0.348694
0.37573
0.368913
0.36639
0.359185
0.356553
0.384034
0.366771
0.36211
0.349979
0.368295
0.334279
0.371294
0.365801
0.360914
0.339819
0.369225
0.359042
0.346102
0.311325
0.29833
0.33453
0.352091
0.350168
0.345605
0.348665
0.349947
0.334574
0.346739
0.338888
0.334218
0.338938
0.29805
0.30135
0.299666
0.326884
0.321968
0.318857
0.30902
0.323013
0.327405
0.335371
0.320764
0.335911
0.343707
0.333467
0.339006
0.338669
0.317127
0.34131
0.387726
0.376598
0.342687
0.330797
0.359606
0.364467
0.363914
0.364518
0.370344
0.358644
0.365712
0.349241
0.314148
0.336614
0.343951
0.360005
0.335975
