loop 0
0.648147 0.498747 0.264115 1 
0.261917 0.226382 0.139777 0.467792 
0.0639123 0.077796 0 0.165184 
0.131472 0.0974424 0.0974424 0.277193 
loop 1
0.627735 0.484575 0.228559 1 
0.259364 0.217474 0.115141 0.511552 
0.0765427 0.0719642 0 0.199368 
0.0807723 0.0424273 0.0200769 0.219689 
loop 2
0.626001 0.481854 0.224544 1 
0.246462 0.246462 0.105411 0.529988 
0.0775614 0.0739359 0 0.210321 
0.0878843 0.0878843 0.0189777 0.230213 
loop 3
0.632825 0.491624 0.239108 1 
0.220936 0.18955 0.108494 0.413284 
0.413284 0.120289 0.0379602 0.274052 
0.0476315 0.0228982 0 0 
loop 4
0.631475 0.489388 0.235852 1 
0.110776 0.0912745 0.0176162 0.243415 
0.154356 0.13238 0.0516839 0.316354 
0.0599109 0.0339989 0 0.172849 
loop 5
0.639763 0.501229 0.253484 1 
0.0828811 0.0981616 0 0.184618 
0.140321 0.129528 0.0561583 0.287876 
0.0640596 0.0386473 0.0122119 0.16775 
loop 6
1 0.793558 0.434022 0.434022 
0.11528 0.137887 0.00766243 0.262054 
0.0828662 0.102111 0 0.211879 
0.108909 0.0820619 0.0344124 0.0344124 
loop 7
0.635644 0.667728 0.354541 1 
0.0783112 0.101755 0.00280871 0.183759 
0.0654953 0.0789337 0 0.157144 
0.0985545 0.0579353 0.0384832 0.22228 
loop 8
0.635556 0.667712 0.354365 1 
0.0993973 0.106423 0.0203833 0.202751 
0.065906 0.0713604 0 0.157809 
0.123391 0.0826862 0.0549317 0.263938 
loop 9
0.633297 0.665655 0.350348 1 
0.30872 0.270537 0.159357 0.54524 
0.059151 0.0727149 0 0.151213 
0.151213 0.0837663 0.0627641 0.0627641 
loop 10
0.589828 0.61987 0.326588 0.930969 
0.444749 0.386908 0.25175 1 
0.0547721 0.067366 0 0.148887 
0.148887 0.0878562 0.0619321 0.272238 
loop 11
0.621304 0.652979 0.34378 0.981054 
0.416367 0.366822 0.241464 1 
0.0579225 0.0712288 0 0.148214 
0.148214 0.03841 0.018005 0.185162 
loop 12
0.579874 0.609054 0.323224 0.912593 
0.450396 0.392438 0.268225 1 
0.052814 0.0719161 0 0.144327 
0.128884 0.100636 0.0557968 0.255068 
loop 13
0.561324 0.589859 0.310685 0.886304 
0.427251 0.371263 0.244138 1 
0.0522256 0.0643549 0 0.141726 
0.114906 0.12089 0.0406334 0.23895 
loop 14
0.63344 0.665695 0.350817 1 
0.409233 0.409233 0.22305 0.981779 
0.0587193 0.0726456 0 0.159651 
0.159651 0.100524 0.0170212 0.194308 
loop 15
0.556262 0.584614 0.307715 0.878646 
0.470079 0.398253 0.398253 1 
1 0.0635666 0 0.132744 
0.0760459 0.0759446 0.0167523 0.186325 
loop 16
0.544032 0.571817 0.301098 0.858784 
0.470954 0.40675 0.281269 1 
0.0505159 0.0621754 0 0 
0.20951 0.170972 0.103134 0.393681 
loop 17
0.577957 0.607178 0.322272 0.322272 
0.462828 0.40577 0.268604 1 
0.059679 0.0713496 0 0.14317 
0.218848 0.216064 0.111083 0.40326 
loop 18
0.488575 0.513491 0.270554 0.771072 
0.53327 0.456393 0.320481 1 
1 0.0556353 0 0.123125 
0.18736 0.17564 0.0962804 0.344069 
loop 19
0.481039 0.505336 0.268112 0.756968 
0.560948 0.476301 0.342959 1 
1 0.0539228 0 0.119634 
0.202588 0.18993 0.105588 0.371637 
loop 20
0.489158 0.513863 0.272401 0.770353 
0.564033 0.48715 0.351173 1 
0.045088 0.0552051 0 0.115869 
0.1518 0.163002 0.0726155 0.282195 
loop 21
0.48271 0.507037 0.269251 0.759387 
0.54888 0.473184 0.334415 1 
0.0496725 0.0600138 0 0.119223 
0.187803 0.176144 0.0986124 0.341331 
loop 22
0.520791 0.547327 0.288167 0.822462 
0.483346 0.421067 0.290667 1 
0.0485586 0.0596235 0 0.124211 
0.223351 0.202605 0.116076 0.400883 
loop 23
0.529792 0.556694 0.293665 0.293665 
0.513437 0.441294 0.304042 1 
0.055594 0.0605561 0 0.132645 
0.167174 0.173493 0.0747801 0.309372 
loop 24
0.477604 0.501721 0.26619 0.751747 
0.751747 0.468213 0.338202 1 
0.0437301 0.0539044 0 0.112411 
0.112411 0.173989 0.0972077 0.3375 
loop 25
0.489703 0.514477 0.272919 0.77071 
0.570235 0.48367 0.350657 1 
0.0449508 0.0449508 0 0.115441 
0.207468 0.193975 0.108112 0.372573 
loop 26
0.492646 0.517793 0.272746 0.777601 
0.562097 0.475793 0.340613 1 
0.0459579 0.0567328 0 0.117368 
0.154799 0.161102 0.0688852 0.28703 
loop 27
0.51506 0.541321 0.285421 0.812689 
0.485388 0.416763 0.293387 1 
0.0478105 0.0591212 0 0.129697 
0.197528 0.185029 0.101675 0.362533 
loop 28
0.486473 0.511119 0.270964 0.270964 
0.549037 0.472949 0.33448 1 
0.0444247 0.0544997 0 0.121437 
0.20635 0.20635 0.107358 0.370621 
loop 29
0.481366 0.505831 0.505831 0.760293 
0.570835 0.485842 0.343332 1 
0.044915 0.0549333 0 0.115038 
0.115038 0.156585 0.0665947 0.27964 
loop 30
0.498683 0.523786 0.277983 0.784919 
0.540995 0.462819 0.32443 1 
0.0453403 0.0558306 0 0.123971 
0.198806 0.18093 0.10045 0.357834 
loop 31
0.51157 0.537504 0.283468 0.807279 
0.553668 0.475505 0.338827 1 
0.0473576 0.0586651 0 0.12864 
0.20897 0.200837 0.110735 0.38232 
loop 32
0.521067 0.547292 0.290717 0.819741 
0.496987 0.426831 0.304235 1 
0.0538782 0.0586865 0 0.129016 
0.165686 0.179351 0.0819354 0.311395 
loop 33
0.480531 0.504904 0.267707 0.756422 
0.573356 0.496811 0.354114 1 
0.04369 0.0537402 0 0.119647 
0.19074 0.179899 0.0961502 0.351005 
loop 34
0.514414 0.540711 0.284675 0.81233 
0.473145 0.412818 0.284299 1 
0.0475788 0.0589114 0 0.129473 
0.211149 0.195653 0.105932 0.378379 
loop 35
0.505984 0.531771 0.280524 0.798097 
0.512114 0.433316 0.30101 1 
0.0529862 0.0576239 0 0.126438 
0.158322 0.171452 0.0764373 0.300932 
loop 36
0.27068 0.479149 0.252311 0.71966 
0.553131 0.470145 0.342212 1 
0.0425367 0.0523792 0 0.1087 
0.183789 0.167739 0.0925032 0.0925032 
loop 37
0.451899 0.474626 0.252064 0.710899 
0.542922 0.469669 0.335626 1 
1 0.050807 0 0.11198 
0.187881 0.174533 0.101306 0.340112 
loop 38
0.445338 0.468 0.246336 0.703352 
0.586958 0.497291 0.363067 1 
0.0415208 0.0507528 0 0.106331 
0.138858 0.144572 0.0616825 0.25829 
loop 39
0.557184 0.58527 0.31077 0.876854 
0.493625 0.428924 0.29038 1 
0.0575075 0.0690722 0 0.137872 
0.221196 0.208633 0.117788 0.406655 
loop 40
0.482234 0.50678 0.266855 0.761401 
0.536568 0.461735 0.331569 1 
0.0449025 0.0551072 0 0.115164 
0.19285 0.184064 0.100103 0.356783 
loop 41
0.460563 0.483848 0.256849 0.724609 
0.532019 0.532019 0.326164 1 
0.0474068 0.057086 0 0.113797 
0.144183 0.161143 0.0724495 0.268622 
loop 42
0.443136 0.465515 0.247065 0.697203 
0.539782 0.460745 0.335597 1 
0.0458748 0.0549005 0 0.109953 
0.140452 0.1573 0.0709614 0.260934 
loop 43
0.439415 0.461804 0.243224 0.693729 
0.550565 0.471532 0.338478 1 
1 0.050204 0 0.11066 
0.145331 0.154321 0.0707934 0.271237 
loop 44
0.542177 0.569851 0.300023 0.856071 
0.525582 0.449764 0.315577 1 
0.0506791 0.062037 0 0.129671 
0.177459 0.185901 0.0871365 0.338295 
loop 45
0.458761 0.481965 0.255791 0.721843 
0.573864 0.483425 0.352025 1 
0.0474125 0.056729 0 0.113703 
0.159541 0.166152 0.0829971 0.295384 
loop 46
0.440364 0.462602 0.24524 0.693324 
0.583734 0.503797 0.364193 1 
0.0403823 0.0494898 0 0.103988 
0.154454 0.162228 0.0810528 0.284269 
loop 47
0.419137 0.440279 0.233629 0.659678 
0.597437 0.512327 0.380317 1 
0.0381037 0.0470048 0 0.104227 
0.154374 0.157944 0.0794251 0.283945 
loop 48
0.446288 0.468925 0.247243 0.704366 
0.534353 0.453182 0.321607 1 
0.0411217 0.0508234 0 0.11203 
0.164213 0.168449 0.0830538 0.304033 
loop 49
0.482804 0.507335 0.267125 0.762529 
0.518818 0.442754 0.307543 1 
0.0449687 0.0552486 0 0.115207 
0.115207 0.179177 0.0874731 0.325155 
loop 50
0.4321 0.456433 0.218873 0.708386 
0.542258 0.457422 0.319593 1 
0 0.00426765 0.00426765 0.0696448 
0.127407 0.12221 0.0409833 0.0409833 
loop 51
0.445174 0.467674 0.248273 0.700348 
0.571887 0.491645 0.361766 1 
0.0405886 0.0502904 0 0.110644 
0.164863 0.160214 0.0845398 0.29597 
loop 52
0.561691 0.590429 0.31075 0.886995 
0.489003 0.432888 0.295916 1 
0.0523962 0.0643187 0 0.134116 
0.201739 0.202216 0.10541 0.378187 
loop 53
0.532299 0.559478 0.294847 0.840215 
0.504973 0.440304 0.305589 1 
0.049086 0.0604954 0 0.1337 
0.192731 0.192731 0.102312 0.358252 
loop 54
0.520831 0.547091 0.290438 0.819486 
0.819486 0.443989 0.310244 1 
1 0.0645242 0 0 
0.18725 0.183282 0.0997788 0.340335 
loop 55
0.555469 0.583403 0.309852 0.873804 
0.873804 0.484216 0.335984 1 
0.0571692 0.0688866 0 0.137192 
0.206052 0.195098 0.105865 0.369658 
loop 56
0.55802 0.586373 0.308717 0.881133 
0.473911 0.418247 0.283541 1 
0.0518706 0.0636878 0 0.140962 
0.196427 0.192535 0.101968 0.370164 
loop 57
0.55595 0.584186 0.308003 0.877423 
0.489171 0.423804 0.288059 1 
0.0512936 0.0634651 0 0.139664 
0.200729 0.188386 0.0988787 0.366896 
loop 58
0.530977 0.557834 0.296159 0.835448 
0.495124 0.421838 0.298857 1 
0.0548001 0.0660063 0 0.13142 
0.188427 0.178121 0.178121 0.345128 
loop 59
0.544868 0.572711 0.301409 0.860271 
0.522334 0.458187 0.318818 1 
0.0508673 0.0625236 0 0.130117 
0.18922 0.184322 0.0960379 0.351574 
loop 60
0.59897 0.629552 0.331415 0.945766 
0.545774 0.465817 0.322396 1 
0.0558254 0.0688476 0 0.142838 
0.207723 0.19558 0.105254 0.385914 
loop 61
0.56387 0.592547 0.312624 0.889434 
0.501596 0.436284 0.297715 1 
0.0589761 0.0642837 0 0.140805 
0.180296 0.184868 0.0918542 0.340723 
loop 62
0.541244 0.568559 0.301824 0.851731 
0.517999 0.444036 0.308634 1 
0.0560143 0.0672234 0 0.13424 
0.179087 0.177123 0.0888413 0.32343 
loop 63
0.523062 0.535702 0.287625 0.823862 
0.550893 0.47289 0.340515 1 
0.051676 0.056116 0 0.123922 
0.168321 0.166234 0.0840096 0.302675 
loop 64
0.467583 0.491429 0.258983 0.737989 
0.531064 0.457346 0.32244 1 
0.0431356 0.0533609 0 0.117268 
0.133539 0.155033 0.060692 0.248047 
loop 65
0.50077 0.52605 0.27928 0.787775 
0.561874 0.476181 0.340269 1 
0.0517445 0.0621876 0 0.124049 
0.138678 0.164434 0.0617943 0.260937 
loop 66
0.572217 0.601351 0.316912 0.903158 
0.506405 0.440909 0.299701 1 
0.0530089 0.0654492 0 0.144134 
0.147598 0.182277 0.0640247 0.287381 
loop 67
0.487226 0.511811 0.271792 0.766485 
0.543345 0.46841 0.332034 1 
0.0503451 0.0604349 0 0.120594 
0.154585 0.163177 0.163177 0.291383 
loop 68
0.433334 0.455278 0.241719 0.681634 
0.58503 0.497062 0.367205 1 
0.0445824 0.0537355 0 0.106964 
0.115303 0.125489 0.0492518 0.0492518 
loop 69
0.42239 0.443766 0.235638 0.664467 
0.592633 0.498053 0.368245 1 
0.0436294 0.0526489 0 0.104497 
0.135343 0.137743 0.0645794 0.250841 
loop 70
0.498212 0.523634 0.27594 0.786305 
0.603096 0.521612 0.370014 1 
0.0461671 0.056873 0 0.125459 
0.125459 0.149321 0.0687082 0.288436 
loop 71
0.516256 0.542317 0.287921 0.812245 
0.624197 0.531197 0.386745 1 
0.0533122 0.0640334 0 0.127774 
0.181132 0.180615 0.0935388 0.336771 
loop 72
0.533786 0.560995 0.295379 0.842853 
0.615941 0.524007 0.379764 1 
0.0497623 0.0613514 0 0.127353 
0.16451 0.162653 0.080783 0.313568 
loop 73
0.54951 0.577519 0.577519 0.867475 
0.611867 0.522611 0.372479 1 
0.0514179 0.0633518 0 0.131333 
0.191133 0.185922 0.0972849 0.348785 
loop 74
0.543269 0.570984 0.300906 0.857453 
0.613784 0.536356 0.375569 1 
0.050533 0.0624103 0 0.137071 
0.17522 0.173297 0.0828631 0.32806 
loop 75
0.55498 0.583099 0.309426 0.309426 
0.620735 0.531485 0.379784 1 
0.0574817 0.0623495 0 0.137742 
0.192292 0.186128 0.0983948 0.350287 
loop 76
0.543493 0.543493 0.300924 0.858045 
0.613266 0.536723 0.375202 1 
0.0502992 0.0620284 0 0.13664 
0.13664 0.163011 0.0746315 0.312153 
loop 77
0.548481 0.576449 0.303527 0.866025 
0.866025 0.532378 0.38047 1 
0.0511647 0.0627875 0 0.130798 
0.166036 0.165824 0.0806225 0.31512 
loop 78
0.551795 0.579662 0.307602 0.868206 
0.612539 0.534676 0.374799 1 
0.0503339 0.0618998 0 0.137335 
0.160191 0.16191 0.0740718 0.299082 
loop 79
0.537577 0.564978 0.297817 0.848243 
0.615779 0.528662 0.379004 1 
0.0497968 0.0615396 0 0.135277 
0.140008 0.150614 0.064109 0.272924 
loop 80
0.559648 0.587965 0.31183 0.880808 
0.617893 0.538333 0.37584 1 
0.0579744 0.0691001 0 0.139099 
0.129128 0.14495 0.0563043 0.254428 
loop 81
0.52815 0.554873 0.294482 0.831102 
0.622181 0.537178 0.383594 1 
0.0545449 0.065431 0 0.130806 
0.141596 0.155074 0.155074 0.273292 
loop 82
0.635609 0.667776 0.354336 1 
0.585938 0.503735 0.353624 0.947752 
0.0579424 0.0714099 0 0.158159 
0.158015 0.171387 0.06747 0.300612 
loop 83
0.633587 0.633587 0.350923 1 
0.586542 0.499008 0.353202 0.962667 
0.0586913 0.0724844 0 0.159527 
0.159658 0.171358 0.0659513 0.305095 
loop 84
0.63541 0.667523 0.354045 1 
0.492455 0.419827 0.288885 0.806815 
0.0579729 0.0712739 0 0.158397 
0.167169 0.168848 0.0717547 0.315065 
loop 85
0.507647 0.533304 0.28282 0.799081 
0.622155 0.532078 0.379775 1 
0.0463796 0.0568793 0 0.126779 
0.149233 0.149807 0.0678763 0.277486 
loop 86
0.537846 0.565256 0.29766 0.849191 
0.60884 0.525005 0.371711 1 
0.0497985 0.0614101 0 0.135447 
0.135447 0.168659 0.0789244 0.323064 
loop 87
0.52661 0.553525 0.291596 0.831151 
0.618427 0.527444 0.383505 1 
0.0487725 0.0601213 0 0.132703 
0.146939 0.150043 0.0653715 0.287696 
loop 88
0.557451 0.585667 0.310943 0.876988 
0.616196 0.529423 0.378937 1 
0.057423 0.0692917 0 0.137764 
0.196485 0.192891 0.102452 0.362955 
loop 89
0.563787 0.592353 0.314023 0.887513 
0.61081 0.523417 0.371164 1 
0.0514705 0.063195 0 0.140767 
0.171031 0.172914 0.077832 0.321413 
loop 90
0.563769 0.592244 0.31428 0.31428 
0.609894 0.531023 0.371008 1 
0.0512661 0.0633292 0 0.140151 
0.216508 0.200878 0.112539 0.386074 
loop 91
0.570043 0.59881 0.31798 0.896812 
0.621805 0.526898 0.382005 1 
0.0588808 0.0707178 0 0.141036 
0.18547 0.182346 0.0845663 0.343933 
loop 92
0.615051 0.646368 0.340619 0.970577 
0.617631 0.529408 0.368872 1 
0.0573037 0.0705212 0 0.155424 
0.251763 0.227711 0.135919 0.458315 
loop 93
0.633239 0.665294 0.352922 0.996623 
0.618162 0.536871 0.374015 1 
0.0575747 0.0710197 0 0.157443 
0.206065 0.20287 0.100117 0.38246 
loop 94
0.597762 0.628336 0.330766 0.943848 
0.607545 0.519896 0.362559 1 
0.0556933 0.0684563 0 0.142484 
0.185079 0.184331 0.0845767 0.351792 
loop 95
0.635476 0.667652 0.354371 1 
0.422584 0.36473 0.243804 0.704446 
0.0658049 0.0788875 0 0.157616 
0.209313 0.208365 0.0995638 0.383325 
loop 96
0.633496 0.665777 0.350775 1 
0.413743 0.35651 0.233958 0.233958 
0.0586942 0.0720094 0 0.159621 
0.215599 0.209096 0.104843 0.396354 
loop 97
0.63567 0.667757 0.354495 1 
0.421443 0.364141 0.24295 0.702763 
0.0657062 0.0714202 0 0.157508 
0.086192 0.0865294 0.0235011 0.195785 
loop 98
0.635584 0.667726 0.354342 1 
0.45592 0.39517 0.267685 0.752307 
0.0657365 0.0787591 0 0.157659 
0.0674544 0.0738345 0.0135355 0.174662 
loop 99
0.611823 0.642736 0.341294 0.962416 
0.594519 0.502848 0.363895 1 
0.0633847 0.0761374 0 0.151695 
0.0678561 0.0728175 0.00951331 0.164314 
loop 100
0.328158 0.344888 0.181869 0.517822 
0.592017 0.476624 0.360827 1 
0.0343964 0.0374335 0 0.0821339 
0.0374488 0.0405444 0.00601325 0.0930115 
loop 101
0.44099 0.46331 0.245826 0.693827 
0.557215 0.458078 0.335788 1 
0.0456114 0.0547074 0 0.109424 
0.592325 0.430082 0.340879 0.921176 
loop 102
0.398297 0.418435 0.222131 0.626658 
0.317704 0.259346 0.18549 0.546617 
0.0411664 0.0494935 0 0.0986879 
0.649489 0.472117 0.370399 1 
loop 103
0.439799 0.462002 0.245265 0.691873 
0.587845 0.48226 0.353107 1 
0.0453297 0.0544346 0 0.108746 
0.351939 0.240807 0.184799 0.184799 
loop 104
0.304412 0.322721 0.143976 0.51238 
0.547214 0.4451 0.322889 1 
0.538602 0.44901 0.333961 0.78971 
0.0804305 0.0246537 0 0.177937 
loop 105
0.223256 0.241506 0.0633353 0.430556 
0.331202 0.26609 0.155275 0.633881 
0.668599 0.561148 0.402081 1 
0.107694 0.0471069 0 0.29849 
loop 106
0.434522 0.458228 0.227517 0.702766 
0.585904 0.492743 0.348843 1 
0.0652488 0.0627815 0 0.164242 
0.269182 0.219967 0.137279 0.457883 
loop 107
0.470737 0.496004 0.249993 0.756877 
0.526107 0.446259 0.312647 1 
0.0692785 0.0625205 0 0.167964 
0.128656 0.141195 0.0448669 0.219025 
loop 108
0.617992 0.651701 0.323262 1 
0.474075 0.395128 0.253755 0.860918 
0.0938274 0.083542 0 0.225536 
0.148336 0.163307 0.0500264 0.284922 
loop 109
0.621296 0.65464 0.329151 1 
0.342068 0.300804 0.164785 0.628013 
0.0833937 0.0807407 0 0.214069 
0.155598 0.170524 0.0581481 0.291195 
loop 110
0.622073 0.655344 0.330548 1 
0.42652 0.342545 0.214707 0.797652 
0.0910017 0.0818323 0 0.221232 
0.312702 0.283087 0.158576 0.573235 
loop 111
0.595746 0.627823 0.314664 0.959888 
0.525023 0.416954 0.280209 1 
0.0883031 0.0803134 0 0.212973 
0.143508 0.138058 0.0499626 0.57554 
loop 112
0.402665 0.424645 0.210459 0.651829 
0.47476 0.383194 0.27123 1 
0.0610999 0.0536196 0 0.147626 
0.201775 0.176968 0.101704 0.48156 
loop 113
0.432328 0.455856 0.22686 0.69866 
0.476333 0.395612 0.270924 1 
0.0700464 0.058401 0 0.168077 
0.316854 0.267631 0.167633 0.586417 
loop 114
0.431828 0.455076 0.228717 0.695212 
0.481405 0.392847 0.270238 1 
0.0573521 0.0598641 0 0.148005 
0.316929 0.278516 0.172086 0.760082 
loop 115
0.439897 0.4638 0.230552 0.711281 
0.44648 0.364577 0.251433 1 
0.0722099 0.0690438 0 0.165832 
0.371419 0.319696 0.209699 0.843226 
loop 116
0.447908 0.472025 0.236572 0.721743 
0.450695 0.367584 0.250176 1 
0.0663401 0.0593515 0 0.160046 
0.236938 0.213459 0.120096 0.623478 
loop 117
0.356991 0.376546 0.185885 0.5787 
0.467628 0.37712 0.273171 1 
0.0591269 0.0523713 0 0.140739 
0.332504 0.290602 0.192633 0.673883 
loop 118
0.427864 0.451313 0.222647 0.693814 
0.48064 0.390672 0.266305 1 
0.064499 0.0627525 0 0.161642 
0.313635 0.282609 0.176925 0.763591 
loop 119
0.445487 0.470429 0.227387 0.728255 
0.463155 0.376142 0.257908 1 
1 0.0703441 0 0.19553 
0.363546 0.31592 0.201722 0.201722 
loop 120
0.479268 0.506124 0.244432 0.783499 
0.429004 0.35601 0.227222 1 
0.0813755 0.0691828 0 0.199506 
0.39398 0.344644 0.22029 0.920974 
loop 121
0.459259 0.484414 0.239209 0.744507 
0.515233 0.409725 0.282815 1 
0.0693325 0.0625039 0 0.17352 
0.404805 0.357195 0.229922 0.879581 
loop 122
0.534774 0.563707 0.281274 0.863256 
0.390814 0.307676 0.196339 0.700095 
0.0869539 0.0782546 0 0.207882 
0.452741 0.38845 0.250384 1 
loop 123
0.444525 0.468478 0.234626 0.716609 
0.505522 0.412688 0.289877 1 
0.0662235 0.0590535 0 0.159662 
0.403274 0.356542 0.23148 0.902913 
loop 124
0.450858 0.475147 0.238019 0.726754 
0.485478 0.401212 0.273575 1 
0.0672566 0.0596868 0 0.162072 
0.443132 0.395578 0.260252 0.953652 
loop 125
0.472226 0.49788 0.248214 0.762508 
0.477042 0.398586 0.267083 1 
0.0699893 0.0686271 0 0.175826 
0.422352 0.37166 0.245554 0.931384 
loop 126
0.527151 0.55643 0.271355 0.858728 
0.402143 0.333636 0.209231 0.900164 
0.088789 0.0814488 0 0.21881 
0.397397 0.346586 0.217994 1 
loop 127
0.427184 0.450511 0.223228 0.691537 
0.477364 0.395403 0.27086 1 
0.069808 0.0590996 0 0.166051 
0.369711 0.3232 0.208105 0.875522 
loop 128
0.484487 0.510885 0.253195 0.784308 
0.485032 0.404394 0.278006 1 
0.0793257 0.0673932 0 0 
0.278623 0.256772 0.14204 0.685001 
loop 129
0.528941 0.557604 0.277788 0.85453 
0.458699 0.380963 0.24506 1 
0.078756 0.0716099 0 0.197706 
0.454525 0.395843 0.257833 0.98061 
loop 130
0.499122 0.527038 0.254495 0.816035 
0.229466 0.192759 0.0983541 0.467129 
0.0848584 0.0760422 0 0.216844 
0.363516 0.324549 0.196153 1 
loop 131
0.433556 0.457632 0.223022 0.70648 
0.124395 0.109639 0.0345366 0.282058 
0.0723996 0.066033 0 0.17847 
0.47851 0.413762 0.275254 1 
loop 132
0.617629 0.651409 0.322639 1 
0.454031 0.375712 0.229143 0.931963 
0.100804 0.0907818 0 0.24005 
0.260202 0.253805 0.124691 0.894475 
loop 133
0.49851 0.527582 0.244528 0.827864 
0.457513 0.378497 0.240869 1 
0.093421 0.0766374 0 0.25654 
0.338336 0.296123 0.169997 0.974243 
loop 134
0.495247 0.522264 0.258626 0.80199 
0.461562 0.380085 0.251568 0.966658 
0.0810475 0.0676709 0 0.193033 
0.349136 0.320821 0.191445 1 
loop 135
0.514733 0.543173 0.265512 0.837657 
0.440885 0.365845 0.242316 0.981811 
0.0851867 0.0731206 0 0.218466 
0.363922 0.332402 0.197021 1 
loop 136
0.497579 0.525128 0.256521 0.809927 
0.442332 0.35961 0.23941 1 
0.0825912 0.0707585 0 0.20325 
0.369038 0.329387 0.199726 0.944626 
loop 137
0.514287 0.542842 0.264389 0.838141 
0.462501 0.383056 0.242029 1 
0.0863102 0.0732428 0 0.204105 
0.268509 0.252451 0.132981 0.716354 
loop 138
0.574026 0.605811 0.296095 0.934366 
0.419274 0.355345 0.215846 0.939295 
0.0954421 0.0809675 0 0.234512 
0.37987 0.342228 0.198042 1 
loop 139
0.483779 0.510353 0.251412 0.784812 
0.421365 0.350773 0.232886 0.873314 
0.0794171 0.0675351 0 0.196192 
0.507095 0.430254 0.285847 1 
loop 140
0.613658 0.647728 0.31562 1 
0.479384 0.383288 0.256591 0.922692 
0.103143 0.0868692 0 0.254935 
0.409706 0.360497 0.212959 0.914836 
loop 141
0.620916 0.654306 0.328365 1 
0.458549 0.375927 0.239753 0.845387 
0.0907712 0.0827018 0 0.229643 
0.325203 0.298386 0.167579 0.750362 
loop 142
0.584134 0.615976 0.305106 0.945827 
0.442763 0.372557 0.237695 0.846662 
0.095451 0.0801955 0 0.227408 
0.447334 0.394105 0.249495 1 
loop 143
0.615145 0.649026 0.318248 1 
0.191125 0.182248 0.0675785 0.399722 
0.0933455 0.0851742 0 0.243117 
0.295836 0.267296 0.139266 0.735891 
loop 144
0.6195 0.653127 0.325867 1 
0.219062 0.209032 0.0787294 0.42654 
0.100517 0.0920363 0 0.240413 
0.240413 0.327247 0.194234 0.967086 
loop 145
0.617651 0.651413 0.322686 1 
0.202191 0.190742 0.0710104 0.409071 
0.100349 0.0850814 0 0.239493 
0.289016 0.260323 0.136641 0.688954 
loop 146
0.613728 0.647814 0.315708 1 
0.386915 0.327431 0.191063 0.755335 
0.102479 0.0874474 0 0.252451 
0.330961 0.305219 0.169704 0.805505 
loop 147
0.617861 0.651507 0.323067 1 
0.361259 0.319719 0.174568 0.694416 
0.100126 0.0924715 0 0.238775 
0.389147 0.354146 0.208737 0.943836 
loop 148
0.609265 0.643664 0.30786 1 
0.31439 0.254883 0.136893 0.616777 
0.106597 0.0913397 0 0.260725 
0.314618 0.281473 0.147121 0.881463 
loop 149
0.594482 0.6277 0.303395 0.971584 
0.249552 0.205684 0.0967433 0.686396 
0.100932 0.0798391 0 0.247044 
0.410291 0.354312 0.212486 1 
loop 150
0.505533 0.533152 0.264011 0.818626 
0.292674 0.248792 0.14095 0.664676 
0.0821275 0.0704656 0 0.196109 
0.498845 0.427005 0.280777 1 
loop 151
0.558034 0.589279 0.285177 0.911715 
0.352539 0.302571 0.176452 0.774021 
0.0937849 0.0819513 0 0.240181 
0.300665 0.28612 0.150671 1 
loop 152
0.487633 0.514544 0.252522 0.792514 
0.360795 0.300069 0.184626 0.677042 
0.0736929 0.0624032 0 0.191993 
0.394372 0.357574 0.228368 1 
loop 153
0.545538 0.574864 0.288694 0.878497 
0.311282 0.271617 0.159055 0.61786 
0.0795691 0.0722527 0 0.201286 
0.416925 0.375762 0.240727 1 
loop 154
0.516793 0.54519 0.267949 0.839229 
0.384794 0.317881 0.194489 0.702129 
0.0854075 0.0665167 0 0.202377 
0.39601 0.356189 0.219115 1 
loop 155
0.529135 0.558123 0.275488 0.857796 
0.453807 0.3659 0.239266 0.863417 
0.080054 0.0733386 0 0.2012 
0.391197 0.351881 0.219649 1 
loop 156
0.483633 0.51023 0.250869 0.785283 
0.348972 0.290387 0.176381 0.684647 
0.0792661 0.0677429 0 0.196392 
0.450968 0.39485 0.255748 1 
loop 157
0.615833 0.64972 0.319524 1 
0.481697 0.393563 0.246286 0.862796 
0.101184 0.0866799 0 0.250256 
0.270439 0.260557 0.118931 0.950962 
loop 158
0.61774 0.651484 0.322674 1 
0.4744 0.400297 0.250798 0.949404 
0.100617 0.085559 0 0.23973 
0.305451 0.296288 0.144133 0.92883 
loop 159
0.550122 0.58036 0.285604 0.893011 
0.280339 0.247342 0.134091 0.701355 
0.0898535 0.0828215 0 0.222951 
0.347934 0.32549 0.186444 1 
