./prob ../../shell/data/matrix8-1-1 8 31
第1轮调度计算开始:
swap2 6
swap3 1
swap5 4
swap7 0
choosen:
0 3 4 7 1 6 2 5 
old:
5 7 2 3 6 1 4 0 
new:0.956165 old:0.91461
in swap:7 0
swap over:
0 7 2 3 6 1 4 5 
cost:0.911364
last cost 矩阵:
0.115847 0.0306375 0.137581 0.0424013 0 0.142906 0.115847 0 
0.110122 0.029035 0.133416 0.0412867 0.0386136 0.133416 0.110122 0.0523885 
0.199781 0.0520056 0.232195 0 0.0696672 0.22562 0.199781 0.10042 
0.16598 0 0.188976 0.0612611 0.0583142 0.188976 0.16598 0.0820816 
0 0.0511797 0.224571 0 0.0700227 0.224571 0.198203 0.0994213 
0.223725 0.058112 0.257645 0.079716 0.0801187 0.257645 0.223693 0.114628 
0.219323 0.057024 0.256814 0.077497 0.0777611 0.247506 0.219323 0.112531 
0.0917832 0.0235357 0.110676 0.0329362 0.0320397 0.115596 0.0917873 0.0433863 

life 矩阵:
8 3 4 4 0 8 4 0 
1 7 7 8 7 7 0 8 
6 3 8 0 8 0 6 4 
3 0 4 8 0 4 5 8 
0 8 3 0 7 6 8 7 
6 8 3 5 5 2 8 1 
5 0 8 6 8 4 3 6 
8 6 0 3 0 8 0 0 

第2轮调度计算开始:
swap6 0
swap5 7
swap1 4
swap3 2
choosen:
4 6 3 2 7 5 0 1 
old:
0 7 2 3 6 1 4 5 
new:0.902743 old:0.815291
in swap:1 4
in swap:3 2
swap over:
0 6 3 2 7 1 4 5 
cost:0.759561
last cost 矩阵:
0.115841 0.0306375 0.137581 0.0424013 0.0414403 0.142906 0.115847 0 
0.110122 0.029035 0.133416 0.0412867 0.0386136 0.133416 0.110111 0.0531471 
0.199781 0.0520056 0.169622 0.0694421 0.0696672 0 0.199781 0.10042 
0.16598 0 0.144178 0.0580398 0 0.188976 0.16598 0.0820816 
0 0.0511797 0.224571 0 0.0700227 0.224571 0.198203 0.099551 
0.223725 0.0591999 0.257645 0.079716 0.0801187 0.195184 0.223693 0.114628 
0.219323 0 0.256814 0.077497 0.0777317 0.247506 0.219323 0.112531 
0.0917832 0.0235138 0 0.0329362 0 0.0835062 0 0 

life 矩阵:
8 2 3 3 8 7 3 0 
0 6 6 7 6 6 8 8 
5 2 8 8 7 0 5 3 
2 0 8 8 0 3 4 7 
0 7 2 0 6 5 8 8 
5 8 2 4 4 8 7 0 
8 0 7 5 8 3 2 5 
7 8 0 2 0 8 0 0 

第3轮调度计算开始:
swap0 4
swap3 7
swap5 6
swap2 1
choosen:
7 3 6 5 0 4 1 2 
old:
0 6 3 2 7 1 4 5 
new:0.877723 old:0.779546
swap over:
0 6 3 2 7 1 4 5 
cost:0.779546
last cost 矩阵:
0.115882 0.0306375 0.137581 0.0424013 0.0414403 0.142906 0.115847 0.0557638 
0 0.029035 0.133416 0.0414599 0.0386136 0.133416 0.110155 0.0531471 
0.199781 0.0520056 0.169622 0.0732773 0.0696672 0 0.199822 0.10042 
0.16598 0 0.152679 0.0580398 0 0.152679 0.16598 0.0820816 
0.198269 0.0511797 0.224571 0 0.0700227 0.224571 0.198203 0.0993342 
0.223725 0.0601395 0.257645 0.079716 0.0801391 0.195184 0.223693 0 
0.219323 0.0593705 0.256814 0.077497 0.0778591 0.247506 0.219323 0.112531 
0.0917832 0.0235138 0.09022 0.0329362 0 0.09022 0 0 

life 矩阵:
8 1 2 2 7 6 2 8 
0 5 5 8 5 5 8 7 
4 1 7 8 6 0 8 2 
1 0 8 7 0 8 3 6 
8 6 1 0 5 4 7 8 
4 8 1 3 8 7 6 0 
7 8 6 4 8 2 1 4 
6 7 8 1 0 8 0 0 

第4轮调度计算开始:
swap5 4
swap2 3
swap6 1
swap7 0
choosen:
5 4 2 3 1 7 6 0 
old:
0 6 3 2 7 1 4 5 
new:0.876691 old:0.781554
in swap:7 0
swap over:
5 6 3 2 7 1 4 0 
cost:0.780161
last cost 矩阵:
0.115876 0.0306375 0.137581 0.0424013 0.0414403 0.114973 0.115847 0.0557638 
0 0.029035 0.133416 0.0414599 0.038772 0.133416 0.11015 0.0531471 
0.199781 0.0520056 0.185287 0.0719401 0.0696672 0 0.199822 0.10042 
0.16598 0 0.156773 0.0602782 0 0.152679 0.16598 0.0820816 
0.198269 0.0523725 0.224571 0 0.0700227 0.224571 0.198203 0.0986586 
0.223725 0.0593377 0.257645 0.079716 0.0801391 0.195184 0.223693 0.113882 
0.219323 0.0593705 0.256814 0.077497 0.0765247 0.247506 0.219323 0.112531 
0.0918036 0.0235138 0.09022 0.0329362 0 0.0922939 0 0 

life 矩阵:
8 0 1 1 6 8 1 7 
0 4 4 7 8 4 8 6 
3 0 8 8 5 0 7 1 
0 0 8 8 0 7 2 5 
7 8 0 0 4 3 6 8 
3 8 0 2 7 6 5 8 
6 7 5 3 8 1 8 3 
8 6 7 0 0 8 0 0 

第5轮调度计算开始:
swap3 4
swap5 0
swap6 7
swap2 1
choosen:
1 3 6 7 2 5 0 4 
old:
5 6 3 2 7 1 4 0 
new:1.01613 old:0.787862
swap over:
5 6 3 2 7 1 4 0 
cost:0.787862
last cost 矩阵:
0.115876 0.030655 0.137581 0.0424013 0.0414403 0.116705 0.115847 0.0557638 
0 0.029035 0.133416 0.0414304 0.038772 0.133416 0.11015 0.0531471 
0.199781 0 0.185287 0.0733055 0.0696672 0 0.199795 0.10042 
0 0 0.161428 0.0602782 0 0.152679 0.16598 0.0807386 
0.198269 0.0523725 0.193195 0 0.0700227 0.224571 0.198203 0.0983497 
0.223725 0.0592786 0 0.079716 0.0801391 0.219892 0.223693 0.113882 
0.219339 0.0593705 0.256814 0.077497 0.0768416 0.247506 0.219323 0.112531 
0.0918036 0.0235138 0.09022 0 0.0310872 0.0922939 0 0 

life 矩阵:
7 8 0 0 5 8 0 6 
0 3 3 8 7 3 8 5 
2 0 7 8 4 0 8 0 
0 0 8 7 0 6 1 8 
6 7 8 0 3 2 5 8 
2 8 0 1 6 8 4 7 
8 6 4 2 8 0 7 2 
8 5 6 0 8 7 0 0 

第6轮调度计算开始:
swap3 7
swap2 4
swap5 6
swap0 1
choosen:
6 5 7 0 3 4 1 2 
old:
5 6 3 2 7 1 4 0 
new:0.773374 old:0.753828
swap over:
5 6 3 2 7 1 4 0 
cost:0.753828
last cost 矩阵:
0.115876 0.030655 0 0 0.0414403 0.1017 0.115853 0.0557638 
0 0.029035 0.133416 0.0414304 0.038772 0.0977516 0.110128 0.0531471 
0.199781 0 0.185287 0.0738836 0.0696672 0 0.199795 0.099491 
0.16596 0 0.140392 0.0602782 0 0.152679 0.16598 0.0807386 
0.198269 0.0523725 0.193195 0.0739028 0.0700227 0.224571 0.198203 0.098487 
0.223725 0.0591343 0 0.079716 0.0806185 0.219892 0.223693 0.113882 
0.219339 0.0583552 0.256814 0.077497 0.0783198 0 0.219323 0.112531 
0.0917832 0.0235138 0.0814414 0 0.0310872 0.0922939 0 0 

life 矩阵:
6 7 0 0 4 8 8 5 
0 2 2 7 6 8 8 4 
1 0 6 8 3 0 7 8 
8 0 8 6 0 5 0 7 
5 6 7 8 2 1 4 8 
1 8 0 0 8 7 3 6 
7 8 3 1 8 0 6 1 
8 4 8 0 7 6 0 0 

第7轮调度计算开始:
swap1 7
swap4 5
swap3 0
swap6 2
choosen:
2 0 4 5 1 7 3 6 
old:
5 6 3 2 7 1 4 0 
new:0.769095 old:0.76084
swap over:
5 6 3 2 7 1 4 0 
cost:0.76084
last cost 矩阵:
0.115876 0.030655 0.104542 0 0.0414403 0.104542 0.115853 0.0557638 
0.110106 0.029035 0.133416 0.0414304 0.038772 0.0977516 0.110106 0.0531471 
0.199781 0 0.185287 0.0748698 0.0711121 0 0.199795 0.099491 
0.16596 0 0.143381 0.0602782 0 0.143381 0 0.0807386 
0.198269 0.051907 0.193195 0.0739028 0.0700227 0.224571 0.198203 0.098189 
0.223725 0.0602941 0 0 0.0806185 0.219892 0.223693 0.113451 
0.219339 0.0583552 0.256814 0.0828206 0.0776827 0 0.219323 0.112531 
0.091775 0.0235138 0.0814414 0 0.0310872 0.0922939 0.091775 0 

life 矩阵:
5 6 8 0 3 8 7 4 
8 1 1 6 5 7 8 3 
0 0 5 8 8 0 6 7 
7 0 8 5 0 8 0 6 
4 8 6 7 1 0 3 8 
0 8 0 0 7 6 2 8 
6 7 2 8 8 0 5 0 
8 3 7 0 6 5 8 0 

第8轮调度计算开始:
swap6 0
swap2 5
swap3 1
swap7 4
choosen:
4 2 1 6 0 3 5 7 
old:
5 6 3 2 7 1 4 0 
new:0.876575 old:0.759707
swap over:
5 6 3 2 7 1 4 0 
cost:0.759707
last cost 矩阵:
0.115876 0.030655 0.104542 0 0.0405119 0.107542 0.115853 0.0557638 
0.110106 0.029035 0.103509 0.0414304 0.038772 0.0977516 0.110122 0.0531471 
0 0.0518906 0.185287 0.0684568 0.0711121 0 0.199795 0.099491 
0.16596 0 0.148871 0.0602782 0 0.143381 0.16597 0.0807386 
0.19823 0.051907 0.193195 0.0739028 0.0700227 0 0.198203 0.0969172 
0 0.0591212 0 0.0785502 0.0806185 0.219892 0.223693 0.113451 
0.219339 0.0583552 0.256814 0.0828206 0.0768896 0.195855 0.219323 0 
0.0917873 0.0235138 0.0814414 0 0.0310872 0.0922939 0.091775 0.0420578 

life 矩阵:
4 5 7 0 8 8 6 3 
7 0 8 5 4 6 8 2 
0 8 4 8 7 0 5 6 
6 0 8 4 0 7 8 5 
8 7 5 6 0 0 2 8 
0 8 0 8 6 5 1 7 
5 6 1 7 8 8 4 0 
8 2 6 0 5 4 7 8 

第9轮调度计算开始:
swap1 7
swap2 0
swap5 3
swap4 6
choosen:
3 0 5 1 4 2 7 6 
old:
5 6 3 2 7 1 4 0 
new:0.859861 old:0.774741
swap over:
5 6 3 2 7 1 4 0 
cost:0.774741
last cost 矩阵:
0.115876 0.030655 0.104542 0.0440575 0.0405119 0.111963 0.115853 0.0557638 
0.110144 0 0.103509 0.0414304 0.038772 0.0977516 0.110144 0.0531471 
0 0.0518906 0.185287 0.074383 0.0711121 0.183592 0.199795 0.099491 
0.16596 0.0435175 0.155304 0.0602782 0 0.143381 0.16597 0.0807386 
0.19823 0.051907 0.193195 0.0739028 0.0688482 0 0.198203 0.0952893 
0 0.0592196 0.20958 0.0785502 0.0806185 0.219892 0.223693 0.113451 
0.219339 0.0583552 0.256814 0.0828206 0.0766303 0.195855 0.219323 0.108314 
0.0918077 0.0235138 0.0814414 0 0.0310872 0.0922939 0.0918077 0.0420578 

life 矩阵:
3 4 6 8 7 8 5 2 
8 0 7 4 3 5 8 1 
0 7 3 8 6 8 4 5 
5 8 8 3 0 6 7 4 
7 6 4 5 8 0 1 8 
0 8 8 7 5 4 0 6 
4 5 0 6 8 7 3 8 
8 1 5 0 4 3 8 7 

第10轮调度计算开始:
swap0 7
swap2 6
swap5 1
swap4 3
choosen:
0 1 4 7 2 6 3 5 
old:
5 6 3 2 7 1 4 0 
new:0.865003 old:0.766375
swap over:
5 6 3 2 7 1 4 0 
cost:0.766375
last cost 矩阵:
0.11587 0.030655 0.104542 0.0440575 0.0405119 0.107487 0.115853 0.0557638 
0.110144 0.028959 0.103509 0.0414304 0.038772 0.0977516 0.110144 0.0531471 
0 0.0518906 0.185287 0.0754285 0.070065 0.183592 0.199795 0.099491 
0.16596 0.0435175 0.149109 0.0602782 0 0.143381 0.16597 0.0790401 
0.19823 0.051907 0.177906 0.0739028 0.0688482 0 0.198203 0.0966509 
0 0.059108 0.20958 0.0785502 0.0806185 0.219892 0.22374 0.113451 
0.219339 0.0583552 0 0.0834385 0.0766399 0.195855 0.219323 0.108314 
0.0918077 0.0235138 0.0814414 0 0.0310872 0.0859842 0.0918077 0.0420578 

life 矩阵:
8 3 5 7 6 8 4 1 
7 8 6 3 2 4 8 0 
0 6 2 8 8 7 3 4 
4 7 8 2 0 5 6 8 
6 5 8 4 7 0 0 8 
0 8 7 6 4 3 8 5 
3 4 0 8 8 6 2 7 
8 0 4 0 3 8 7 6 

第11轮调度计算开始:
swap7 2
swap4 1
swap0 3
swap6 5
choosen:
2 7 0 5 6 4 1 3 
old:
5 6 3 2 7 1 4 0 
new:0.873723 old:0.757976
swap over:
5 6 3 2 7 1 4 0 
cost:0.757976
last cost 矩阵:
0.11587 0.030655 0.105459 0.0440575 0.0405119 0.105459 0.115853 0.0557638 
0.110144 0.028959 0.103509 0.0414304 0.038772 0.0977516 0.11015 0.0492608 
0.199781 0.0518906 0.185287 0.0750169 0.070065 0.183592 0.199795 0.099491 
0.16596 0.0435175 0.146066 0.0602782 0 0.146066 0.16597 0.0790401 
0.19823 0.051907 0.177906 0.0739028 0.0688482 0 0.198243 0.0914094 
0 0.0600453 0.20958 0.0785502 0.0803125 0.219892 0.22374 0.113451 
0.219339 0.0592721 0 0.0834385 0.0780258 0.195855 0.219323 0.108314 
0.0918036 0 0.0814414 0.0353287 0.0310872 0.0859842 0.0918077 0.0420578 

life 矩阵:
7 2 8 6 5 8 3 0 
6 7 5 2 1 3 8 8 
8 5 1 8 7 6 2 3 
3 6 8 1 0 8 5 7 
5 4 7 3 6 0 8 8 
0 8 6 5 8 2 7 4 
2 8 0 7 8 5 1 6 
8 0 3 8 2 7 6 5 

第12轮调度计算开始:
swap2 5
swap4 0
swap1 6
swap7 3
choosen:
7 4 1 0 5 3 6 2 
old:
5 6 3 2 7 1 4 0 
new:0.87905 old:0.765438
swap over:
5 6 3 2 7 1 4 0 
cost:0.765438
last cost 矩阵:
0.11587 0.030655 0.105459 0.0440575 0.0405119 0.111784 0.115853 0.051075 
0.110144 0.028959 0.103509 0.0414304 0.0376783 0.0977516 0.110133 0.0492608 
0.199781 0.0520932 0.185287 0.0706116 0.070065 0.183592 0.199795 0.099491 
0.16597 0.0435175 0.153041 0.0602782 0 0.146066 0.16597 0.0790401 
0.19823 0.051907 0.177906 0.0739028 0.0688482 0.182768 0.198243 0.0918408 
0 0.0593508 0.20958 0.0807523 0.0803125 0.219892 0.22374 0.113451 
0.219339 0.0592721 0 0.0834385 0.0768896 0.195855 0.219323 0.108314 
0.0917873 0 0.08939 0.0353287 0.0310872 0.0859842 0.0918077 0.0420578 

life 矩阵:
6 1 7 5 4 8 2 8 
5 6 4 1 8 2 8 7 
7 8 0 8 6 5 1 2 
8 5 8 0 0 7 4 6 
4 3 6 2 5 8 7 8 
0 8 5 8 7 1 6 3 
1 7 0 6 8 4 8 5 
8 0 8 7 1 6 5 4 

第13轮调度计算开始:
swap6 3
swap2 4
swap5 0
swap7 1
choosen:
1 0 7 4 3 5 2 6 
old:
5 6 3 2 7 1 4 0 
new:0.926471 old:0.810933
in swap:2 4
swap over:
5 6 7 2 3 1 4 0 
cost:0.810406
last cost 矩阵:
0.11587 0.030735 0.105459 0.0440575 0.0405119 0.125616 0.115853 0.051075 
0.112909 0.028959 0.103509 0.0414304 0.0376783 0.0977516 0.112909 0.0492608 
0.199781 0.0520932 0 0.0753109 0.070065 0.183592 0.199795 0.09375 
0.16597 0.0435175 0.173377 0 0.0572736 0.146066 0.16597 0.0790401 
0.19823 0.051907 0.177906 0.0737971 0.0688482 0.182768 0.198243 0.0927634 
0 0.059423 0.20958 0.0807523 0.0803125 0.235338 0.22374 0.113451 
0.219339 0.0592721 0.227899 0.0834385 0.0767648 0.195855 0.219323 0.108314 
0.0947691 0 0.08939 0.0353287 0.0310872 0.0859842 0.0947691 0.0420578 

life 矩阵:
5 8 6 4 3 8 1 7 
8 5 3 0 7 1 8 6 
6 7 0 8 5 4 0 8 
7 4 8 0 8 6 3 5 
3 2 5 8 4 7 6 8 
0 8 4 7 6 8 5 2 
0 6 8 5 8 3 7 4 
8 0 7 6 0 5 8 3 

第14轮调度计算开始:
swap6 7
swap3 2
swap0 1
swap5 4
choosen:
6 5 2 7 1 3 0 4 
old:
5 6 7 2 3 1 4 0 
new:0.904808 old:0.804119
in swap:0 1
swap over:
6 5 7 2 3 1 4 0 
cost:0.803845
last cost 矩阵:
0.11587 0.030735 0.105459 0.0440575 0.0405119 0.128626 0.115859 0.051075 
0.112909 0.028959 0.103509 0 0.0376783 0.122626 0.110133 0.0492608 
0.199781 0.0520932 0.209822 0.0753109 0.070065 0.183592 0 0.0854994 
0.16597 0.0435175 0.176574 0 0.0572736 0.146066 0.16597 0.069683 
0.19823 0.0519618 0.177906 0.0732208 0.0688482 0.182768 0.198243 0.0927634 
0 0.0603412 0.20958 0.0834722 0.0803125 0.235338 0.22374 0.113451 
0.219293 0.0592721 0.227899 0.0834385 0.0779376 0.195855 0.219323 0.108314 
0.0917873 0 0.08939 0.0353287 0.0320911 0.0859842 0.0947691 0.0420578 

life 矩阵:
4 7 5 3 2 8 8 6 
7 4 2 0 6 8 8 5 
5 6 8 7 4 3 0 8 
6 3 8 0 7 5 2 8 
2 8 4 8 3 6 5 7 
0 8 3 8 5 7 4 1 
8 5 7 4 8 2 6 3 
8 0 6 5 8 4 7 2 

第15轮调度计算开始:
swap0 2
swap4 3
swap5 7
swap6 1
choosen:
7 4 6 3 2 0 5 1 
old:
6 5 7 2 3 1 4 0 
new:1.03127 old:0.79792
swap over:
6 5 7 2 3 1 4 0 
cost:0.79792
last cost 矩阵:
0.11587 0.030735 0.105459 0.0440575 0.0405119 0.128626 0.115882 0.045945 
0.112909 0.028959 0.103509 0 0.0377619 0.121469 0.110133 0.0492608 
0.199781 0.0520932 0.209822 0.0753109 0.070065 0.183592 0.199781 0.082858 
0.16597 0.0435175 0.175462 0.062361 0.0572736 0.146066 0.16597 0.069683 
0.19823 0.0519618 0.207946 0.0741141 0.0688482 0.182768 0.198243 0.0927634 
0.223725 0.0592786 0.20958 0.0834722 0.0803125 0.235338 0.22374 0.113451 
0.219293 0.0592721 0.227899 0.0834385 0.0770529 0.230195 0.219323 0.108314 
0.0918036 0.0235525 0.08939 0.0353287 0.0320911 0.0859842 0.0947691 0.0420578 

life 矩阵:
3 6 4 2 1 7 8 8 
6 3 1 0 8 8 7 4 
4 5 7 6 3 2 8 8 
5 2 8 8 6 4 1 7 
1 7 8 8 2 5 4 6 
8 8 2 7 4 6 3 0 
7 4 6 3 8 8 5 2 
8 8 5 4 7 3 6 1 

第16轮调度计算开始:
swap7 1
swap3 0
swap5 2
swap4 6
choosen:
2 0 1 6 4 7 3 5 
old:
6 5 7 2 3 1 4 0 
new:0.758947 old:0.742977
swap over:
6 5 7 2 3 1 4 0 
cost:0.742977
last cost 矩阵:
0.11587 0.030735 0.105038 0.0440575 0.0405119 0.128626 0.115876 0.045945 
0.110155 0.028959 0.103509 0 0.0377619 0.10112 0.110133 0.0492608 
0.199781 0.0531394 0.209822 0.0753109 0.070065 0.183592 0.199781 0.0816947 
0.16597 0.0435175 0.145569 0.062361 0.0572736 0.146066 0.16598 0.069683 
0.19823 0.0519618 0.207946 0.0708192 0.0678942 0.182768 0.198243 0.0927634 
0.223725 0.0604084 0.20958 0.0834722 0.0803125 0.235338 0.22374 0.0932351 
0.219293 0.0592721 0.227899 0.0786646 0.075686 0.230195 0.219323 0.108314 
0.0918036 0.0235525 0.08939 0.0353287 0.0320911 0.084841 0.0947691 0.0420578 

life 矩阵:
2 5 8 1 0 6 8 7 
8 2 0 0 7 8 6 3 
3 8 6 5 2 1 7 8 
4 1 8 7 5 3 8 6 
0 6 7 8 8 4 3 5 
7 8 1 6 3 5 2 8 
6 3 5 8 8 7 4 1 
8 7 4 3 6 8 5 0 

第17轮调度计算开始:
swap3 1
swap6 5
swap7 4
swap0 2
choosen:
7 2 6 5 0 4 1 3 
old:
6 5 7 2 3 1 4 0 
new:0.919066 old:0.806562
swap over:
6 5 7 2 3 1 4 0 
cost:0.806562
last cost 矩阵:
0.11587 0.030735 0.105038 0.0440575 0 0.128626 0.115876 0.0509952 
0.110155 0.028959 0.122903 0 0.0377619 0.122903 0.110133 0.0492608 
0.199781 0.0531394 0.209822 0.0753109 0.070065 0.183592 0.199795 0.0904642 
0.16597 0.0435175 0.175887 0.062361 0.0572736 0.175887 0.16598 0.069683 
0.198256 0.0519618 0.207946 0.0737971 0.0678942 0.182768 0.198243 0.0927634 
0.223725 0.0592524 0.20958 0.0834722 0.07886 0.235338 0.22374 0.0932351 
0.219293 0.057024 0.227899 0.0786646 0.0765823 0.230195 0.219323 0.108314 
0.0917996 0.0235525 0.08939 0.0353455 0.0320911 0.084841 0.0947691 0 

life 矩阵:
1 4 7 0 0 5 8 8 
7 1 8 0 6 8 5 2 
2 7 5 4 1 0 8 8 
3 0 8 6 4 8 7 5 
8 5 6 8 7 3 2 4 
6 8 0 5 8 4 1 7 
5 8 4 7 8 6 3 0 
8 6 3 8 5 7 4 0 

第18轮调度计算开始:
swap0 4
swap3 5
swap2 1
swap6 7
choosen:
3 7 5 1 6 2 0 4 
old:
6 5 7 2 3 1 4 0 
new:1.09655 old:0.849943
swap over:
6 5 7 2 3 1 4 0 
cost:0.849943
last cost 矩阵:
0.11587 0.030735 0.105038 0.0440528 0 0.128626 0.115859 0.0509952 
0.110155 0.028959 0.122903 0 0.0377619 0.142682 0.110133 0.043512 
0.199781 0.0531394 0.209822 0.0753109 0.070065 0.239884 0.199795 0.0813254 
0.16597 0.0435133 0.204424 0.062361 0.0572736 0.175887 0.16598 0.069683 
0.198256 0.0519618 0.207946 0.0745847 0.0678942 0.182768 0.198256 0.0927634 
0.223725 0.059213 0.27514 0.0834722 0.07886 0.235338 0.22374 0.0932351 
0.219323 0.057024 0.227899 0.0786646 0.0800676 0.230195 0.219323 0 
0.0917873 0.0235525 0.08939 0.0353455 0.0328737 0.084841 0.0947691 0 

life 矩阵:
0 3 6 8 0 4 8 7 
6 0 7 0 5 8 4 8 
1 6 4 3 0 8 7 8 
2 8 8 5 3 7 6 4 
7 4 5 8 6 2 8 3 
5 8 8 4 7 3 0 6 
8 7 3 6 8 5 2 0 
8 5 2 7 8 6 3 0 

第19轮调度计算开始:
swap3 0
swap4 5
swap7 1
swap2 6
choosen:
2 0 4 6 1 3 7 5 
old:
6 5 7 2 3 1 4 0 
new:0.864456 old:0.869369
last cost 矩阵:
0 0.030735 0.154131 0.0440528 0 0.128626 0.115859 0.0509952 
0.110133 0 0.122903 0 0.0377619 0.147588 0.110133 0.043512 
0.199781 0.0531394 0.209822 0.0753109 0.0707229 0.239884 0.199795 0.0913306 
0.16597 0.0435133 0.209967 0.062361 0.0572736 0.175887 0.16596 0.069683 
0.198256 0.0508813 0.207946 0.0747718 0.0678942 0.182768 0.198256 0.0927634 
0.223725 0.0592393 0.27514 0.086565 0.07886 0.235338 0 0.0932351 
0.219323 0.057024 0.227899 0.0786646 0.07883 0.230195 0.219323 0.102025 
0.0917832 0.0235525 0.08939 0.0353455 0.0328737 0.124038 0.0947691 0 

life 矩阵:
0 2 8 7 0 3 8 6 
8 0 6 0 4 8 3 7 
0 5 3 2 8 7 6 8 
1 7 8 4 2 6 8 3 
6 8 4 8 5 1 7 2 
4 8 7 8 6 2 0 5 
7 6 2 5 8 4 1 8 
8 4 1 6 7 8 2 0 

第20轮调度计算开始:
swap3 5
swap7 0
swap4 2
swap1 6
choosen:
5 7 1 3 4 6 0 2 
old:
2 0 4 6 1 3 7 5 
new:0.921213 old:0.8292
in swap:4 2
swap over:
2 0 1 6 4 3 7 5 
cost:0.829099
last cost 矩阵:
0 0.030735 0.135676 0.0440528 0 0.135676 0.115859 0.0509952 
0.110122 0 0.122903 0 0.0377619 0.147588 0.110133 0.047764 
0 0.0531169 0.209822 0.0753109 0.0710256 0.239884 0.199795 0.0913306 
0.16597 0.0435133 0.209967 0.0610022 0.0572736 0.175887 0.16596 0.069683 
0.198256 0.0519946 0.207946 0.0747718 0.0698026 0.182768 0.198256 0.0927634 
0.223725 0.0592393 0.27514 0.084299 0.07886 0.235338 0.223725 0.0932351 
0.219323 0.057024 0.227899 0.0786646 0.07883 0.230195 0.219323 0.0993198 
0.0917832 0.0235525 0.110803 0.0353455 0.0328737 0.110803 0.0947691 0 

life 矩阵:
0 1 8 6 0 8 7 5 
8 0 5 0 3 7 2 8 
0 8 2 1 8 6 5 7 
0 6 7 8 1 5 8 2 
5 8 3 7 8 0 6 1 
3 7 6 8 5 1 8 4 
8 5 1 4 7 3 0 8 
7 3 8 5 6 8 1 0 

第21轮调度计算开始:
swap2 1
swap3 6
swap0 4
swap5 7
choosen:
4 1 0 7 2 5 6 3 
old:
2 0 1 6 4 3 7 5 
new:1.06987 old:0.836904
swap over:
2 0 1 6 4 3 7 5 
cost:0.836904
last cost 矩阵:
0 0.030735 0.135757 0.0440528 0.0414403 0.135676 0.115859 0.0509952 
0.110161 0.029088 0.122903 0 0.0377619 0.147588 0.110133 0.047764 
0.199822 0.0520822 0.209822 0.0753109 0.0710256 0.239884 0.199795 0.0913306 
0 0.0435133 0.209967 0.0610022 0.0572736 0.175887 0.165991 0.0794212 
0.198256 0.0519946 0.217831 0.0747718 0.069938 0 0.198256 0.0927634 
0.223725 0.0592393 0.27514 0.0844707 0.07886 0.247247 0.223725 0.0932351 
0.219323 0.057024 0.227899 0.0786646 0.07883 0.230195 0.219354 0.109254 
0.0917832 0.0235525 0.110803 0.0356685 0.0328737 0.10925 0.0947691 0 

life 矩阵:
0 0 8 5 8 7 6 4 
8 8 4 0 2 6 1 7 
8 8 1 0 7 5 4 6 
0 5 6 7 0 4 8 8 
4 7 8 6 8 0 5 0 
2 6 5 8 4 8 7 3 
7 4 0 3 6 2 8 8 
6 2 7 8 5 8 0 0 

第22轮调度计算开始:
swap1 3
swap4 7
swap0 2
swap6 5
choosen:
1 6 2 0 5 7 3 4 
old:
2 0 1 6 4 3 7 5 
new:0.948521 old:0.821252
in swap:6 5
swap over:
2 0 1 6 4 7 3 5 
cost:0.819572
last cost 矩阵:
0 0.0306 0.130349 0.0440528 0.0414403 0.135676 0.115859 0.0509952 
0.110155 0.029088 0.122903 0 0.0377619 0.147588 0.110155 0.047764 
0.199822 0.0519399 0.211776 0 0.0710256 0.239884 0.199795 0.0913306 
0.166001 0.0435133 0.209967 0.0610022 0 0.175887 0.166001 0.0794212 
0.198256 0.0519946 0.217831 0.0747718 0.0688234 0.210667 0.198256 0 
0.223725 0.0592393 0.27514 0.086957 0.07886 0.247247 0.223725 0.103996 
0.219323 0.057024 0 0.0831239 0.07883 0.230195 0.219354 0.101843 
0.0917832 0.0235525 0.110803 0.0356685 0.0322019 0.105184 0 0 

life 矩阵:
0 8 8 4 7 6 5 3 
8 7 3 0 1 5 8 6 
7 8 8 0 6 4 3 5 
8 4 5 6 0 3 8 7 
3 6 7 5 8 8 4 0 
1 5 4 8 3 7 6 8 
6 3 0 8 5 1 7 8 
5 1 6 7 8 8 0 0 

第23轮调度计算开始:
swap3 4
swap1 0
swap2 6
swap7 5
choosen:
0 2 3 4 6 5 1 7 
old:
2 0 1 6 4 7 3 5 
new:0.899752 old:0.822398
in swap:2 6
swap over:
2 0 3 6 4 7 1 5 
cost:0.819397
last cost 矩阵:
0.115876 0.0306 0.126559 0.0440528 0.0414403 0.135676 0.115859 0.0509952 
0.11015 0.029088 0.122011 0 0.0377619 0.147588 0.110155 0.047764 
0.199822 0.0519837 0.211776 0.0765 0.0710256 0.239884 0.199795 0.0913306 
0.166001 0.0435133 0.209967 0.0610022 0.0597158 0.175887 0.165991 0.0794212 
0.198256 0.0519946 0.217831 0.0747718 0.0699804 0.210667 0.198269 0 
0.223725 0.0592393 0.27514 0.086957 0.07886 0.228541 0.223725 0.111269 
0.219323 0.0569991 0 0.0845165 0.07883 0.230195 0.219354 0.101843 
0.0917832 0.0235525 0.110803 0.0356685 0.0322019 0.101948 0 0.0418403 

life 矩阵:
8 7 8 3 6 5 4 2 
8 6 8 0 0 4 7 5 
6 8 7 8 5 3 2 4 
7 3 4 5 8 2 8 6 
2 5 6 4 8 7 8 0 
0 4 3 7 2 8 5 8 
5 8 0 8 4 0 6 7 
4 0 5 6 7 8 0 8 

第24轮调度计算开始:
swap2 4
swap6 5
swap7 3
swap0 1
choosen:
0 2 4 5 3 1 7 6 
old:
2 0 3 6 4 7 1 5 
new:0.816386 old:0.822876
last cost 矩阵:
0.115853 0.0306 0.128067 0.0440528 0.0414403 0.135676 0.115859 0.0509952 
0.110128 0.029088 0.12348 0 0 0.147588 0.110155 0.047764 
0.199822 0.0519837 0.211776 0.0795251 0.071337 0.239884 0.199795 0.0913306 
0.166001 0.0435133 0.209967 0.0610022 0.0597158 0.173721 0.16596 0.0794212 
0.198256 0.0519946 0.217831 0.0779572 0.0701242 0.210667 0.198269 0 
0 0.060395 0.27514 0.086957 0.07886 0.228541 0.223725 0.105607 
0.219323 0.0581568 0 0.0845165 0.07883 0 0.219354 0.10186 
0.0917832 0 0.110803 0.0356685 0.0322019 0.105308 0.0917832 0.0418403 

life 矩阵:
8 6 8 2 5 4 3 1 
8 5 8 0 0 3 6 4 
5 7 6 8 8 2 1 3 
6 2 3 4 7 8 8 5 
1 4 5 8 8 6 7 0 
0 8 2 6 1 7 4 8 
4 8 0 7 3 0 5 8 
3 0 4 5 6 8 8 7 

第25轮调度计算开始:
swap1 2
swap0 5
swap6 3
swap4 7
choosen:
1 4 2 7 6 0 5 3 
old:
0 2 4 5 3 1 7 6 
new:1.02425 old:0.806181
swap over:
0 2 4 5 3 1 7 6 
cost:0.806181
last cost 矩阵:
0.115853 0.0306925 0.128067 0.0440528 0.0414403 0.135676 0.115859 0.0509952 
0.110128 0.029088 0.122507 0 0.0387936 0.147588 0.110155 0.047764 
0.199822 0.0519837 0.19945 0.0795251 0.0700057 0.239884 0.199795 0.0913306 
0.166001 0.0435133 0.209967 0.0610022 0.0597158 0.170548 0.16596 0.07744 
0.198256 0.0519946 0.217831 0.070756 0.0701242 0.210667 0.19823 0 
0.223725 0.0593508 0.27514 0.086957 0.07886 0.228541 0.223725 0.105607 
0.219323 0.0581568 0 0.0845165 0.07883 0.221935 0.219354 0.105377 
0.0917832 0 0.110803 0.0339848 0.0322019 0.105308 0.0917832 0.0418403 

life 矩阵:
8 8 7 1 4 3 2 0 
7 4 8 0 8 2 5 3 
4 6 8 7 8 1 0 2 
5 1 2 3 6 8 7 8 
0 3 4 8 7 5 8 0 
8 8 1 5 0 6 3 7 
3 7 0 6 2 8 4 8 
2 0 3 8 5 7 8 6 

第26轮调度计算开始:
swap2 7
swap4 6
swap3 5
swap0 1
choosen:
2 0 6 1 7 5 3 4 
old:
0 2 4 5 3 1 7 6 
new:0.918169 old:0.809216
in swap:0 1
in swap:4 6
swap over:
2 0 4 5 7 1 3 6 
cost:0.805829
last cost 矩阵:
0.115859 0.0306925 0.127931 0.0440528 0.0414403 0.135676 0.115859 0 
0.110133 0.029088 0.123365 0 0.0387936 0.147588 0.110155 0.047764 
0.199822 0.0519837 0.19945 0.0795251 0.0698788 0.239884 0.199768 0.0913306 
0.166001 0.0433189 0.209967 0.0610022 0.0597158 0.173516 0.16596 0.07744 
0 0.0519946 0.217831 0.0753011 0.0701242 0.210667 0.19823 0.0888005 
0.223725 0.0604151 0.27514 0.086957 0 0.232715 0.223725 0.105607 
0.219323 0.0581568 0 0.0833711 0.07883 0.221935 0.219354 0.099098 
0.0917832 0 0.110803 0.0339848 0.0321316 0.105308 0.0917832 0.0418403 

life 矩阵:
8 7 8 0 3 2 1 0 
8 3 8 0 7 1 4 2 
3 5 7 6 8 0 8 1 
4 8 1 2 5 8 6 7 
0 2 3 8 6 4 7 8 
7 8 0 4 0 8 2 6 
2 6 0 8 1 7 3 8 
1 0 2 7 8 6 8 5 

第27轮调度计算开始:
swap7 5
swap2 3
swap6 0
swap1 4
choosen:
3 7 5 4 0 6 2 1 
old:
2 0 4 5 7 1 3 6 
new:1.02239 old:0.804677
swap over:
2 0 4 5 7 1 3 6 
cost:0.804677
last cost 矩阵:
0.115859 0.0306925 0.12638 0.0468914 0.0414403 0.135676 0.115859 0 
0.110155 0.029088 0.123365 0 0.0387936 0.147588 0.110155 0.0477959 
0.199822 0.0519837 0.19945 0.0795251 0.0710429 0.200828 0.199768 0.0913306 
0.166001 0.0433189 0.209967 0.0610022 0.0581305 0.171923 0.16596 0.07744 
0.198269 0.0519946 0.217831 0.0753011 0.0701242 0.210667 0.19823 0.0886896 
0.223725 0.0590687 0 0.086957 0 0.232715 0.22374 0.105607 
0.219323 0.0581568 0.223277 0.0856138 0.07883 0.221935 0.219354 0.099098 
0.0917832 0.0234617 0.110803 0.0339848 0.0321316 0.105308 0.0918036 0.0418403 

life 矩阵:
7 6 8 8 2 1 0 0 
8 2 7 0 6 0 3 8 
2 4 6 5 8 8 7 0 
3 7 0 1 8 8 5 6 
8 1 2 7 5 3 6 8 
6 8 0 3 0 7 8 5 
1 5 8 8 0 6 2 7 
0 8 1 6 7 5 8 4 

第28轮调度计算开始:
swap6 5
swap1 7
swap2 4
swap3 0
choosen:
5 6 7 2 4 3 1 0 
old:
2 0 4 5 7 1 3 6 
new:0.801625 old:0.800296
in swap:2 4
swap over:
2 0 7 5 4 1 3 6 
cost:0.800146
last cost 矩阵:
0.115859 0.0306925 0.126321 0.0468914 0.0414403 0.126321 0 0 
0.110155 0.029088 0.123365 0 0.0387936 0 0.110155 0.0477959 
0.199822 0.0519837 0.19945 0.0795251 0.0689228 0.200828 0.199768 0.0865404 
0.166001 0.0433189 0.171697 0.0610022 0.0581305 0.171697 0.16596 0.07744 
0.198269 0.0519946 0.217831 0.0753011 0.0677079 0.210667 0.19823 0.0854757 
0.223725 0.0581312 0 0.0900408 0 0.232715 0.22374 0.105607 
0.219323 0.0573548 0.223277 0.0877855 0 0.221935 0.219354 0.099098 
0.0918077 0.0234617 0.110803 0.0339848 0.0321316 0.105308 0.0918077 0.0418403 

life 矩阵:
6 5 8 7 1 8 0 0 
8 1 6 0 5 0 8 7 
1 3 5 4 8 7 6 8 
2 6 8 0 7 8 4 5 
7 0 1 6 8 2 5 8 
5 8 0 8 0 6 7 4 
0 8 7 8 0 5 1 6 
8 7 0 5 6 4 8 3 

第29轮调度计算开始:
swap6 4
swap1 3
swap2 0
swap5 7
choosen:
7 5 2 0 3 6 4 1 
old:
2 0 7 5 4 1 3 6 
new:0.936825 old:0.79774
in swap:6 4
swap over:
2 0 7 5 3 1 4 6 
cost:0.797652
last cost 矩阵:
0.115859 0.0306925 0.129574 0.0468914 0.0414403 0.126321 0 0.0461981 
0.11015 0.029088 0.123365 0 0.0387936 0.12499 0.110155 0.0477959 
0.199822 0.0519837 0.204172 0.0795251 0.0689228 0.200828 0.199768 0.083356 
0.16598 0.0433189 0.171697 0 0.0581305 0.175221 0.16596 0.07744 
0.198269 0 0.217831 0.070747 0.0688234 0.210667 0.19823 0.0854757 
0.223725 0.0601932 0 0.0900408 0 0.232715 0.223709 0.105607 
0 0.0573548 0.223277 0.078623 0.0766111 0.221935 0.219354 0.099098 
0.0918077 0.0244173 0 0.0339848 0.0321316 0.105308 0.0917996 0.0418403 

life 矩阵:
5 4 8 6 0 7 0 8 
8 0 5 0 4 8 7 6 
0 2 8 3 7 6 5 8 
8 5 7 0 6 8 3 4 
6 0 0 8 8 1 4 7 
4 8 0 7 0 5 8 3 
0 7 6 8 8 4 0 5 
7 8 0 4 5 3 8 2 

第30轮调度计算开始:
swap0 7
swap4 5
swap6 2
swap1 3
choosen:
6 5 4 0 1 3 7 2 
old:
2 0 7 5 3 1 4 6 
new:0.796823 old:0.78631
in swap:6 2
swap over:
2 0 4 5 3 1 7 6 
cost:0.785844
last cost 矩阵:
0.115859 0.0306925 0.125737 0.0468914 0 0.126321 0.11587 0.0461981 
0.110144 0 0.123365 0 0.0387936 0.121153 0.110155 0.0477959 
0 0.0519837 0.204172 0.0795251 0.069718 0.200828 0.199768 0.0753239 
0.16597 0.0433189 0.171697 0 0.0581305 0.169252 0.16596 0.07744 
0.198269 0.0511744 0 0.07665 0.0688234 0.210667 0.19823 0.0854757 
0.223725 0.0595739 0 0.0870283 0 0.232715 0.223709 0.105607 
0 0.0573548 0.223277 0.078623 0.0778297 0.221935 0 0.0829697 
0.0918077 0.0244173 0.10294 0.0339848 0.0321316 0.105308 0.0917996 0.0418403 

life 矩阵:
4 3 8 5 0 6 8 7 
8 0 4 0 3 8 6 5 
0 1 7 2 8 5 4 8 
8 4 6 0 5 8 2 3 
5 8 0 8 7 0 3 6 
3 8 0 8 0 4 7 2 
0 6 5 7 8 3 0 8 
6 7 8 3 4 2 8 1 

第31轮调度计算开始:
swap3 2
swap4 0
swap7 6
swap5 1
choosen:
3 1 5 4 2 0 6 7 
old:
2 0 4 5 3 1 7 6 
new:1.03581 old:0.814081
swap over:
2 0 4 5 3 1 7 6 
cost:0.814081
last cost 矩阵:
0.115859 0.0306925 0.13276 0.0478639 0 0.126321 0.11587 0.0461981 
0.110128 0.0290926 0.123365 0 0.0387936 0.121153 0.110155 0.0477959 
0 0.0519837 0.204172 0.0795251 0.0710342 0.210146 0.199768 0.0753239 
0.16597 0.0433189 0.171697 0 0.058137 0.179494 0.16596 0.07744 
0.198269 0.0511744 0.211221 0.0786022 0.0688234 0 0.19823 0.0854757 
0.223709 0.0593639 0 0.0870283 0 0.232715 0.223709 0.105607 
0 0.0573548 0.223277 0.078623 0.0778297 0.221935 0.219308 0.09092 
0.0918077 0.0244173 0.10294 0.0339848 0.0321316 0.105308 0.0917791 0.0363277 

life 矩阵:
3 2 8 8 0 5 7 6 
8 8 3 0 2 7 5 4 
0 0 6 1 8 8 3 7 
7 3 5 0 8 8 1 2 
4 7 8 8 6 0 2 5 
8 8 0 7 0 3 6 1 
0 5 4 6 7 2 8 8 
5 6 7 2 3 1 8 8 

0 7 2 3 6 1 4 5 
0.911364
0 6 3 2 7 1 4 5 
0.759561
0 6 3 2 7 1 4 5 
0.779546
5 6 3 2 7 1 4 0 
0.780161
5 6 3 2 7 1 4 0 
0.787862
5 6 3 2 7 1 4 0 
0.753828
5 6 3 2 7 1 4 0 
0.76084
5 6 3 2 7 1 4 0 
0.759707
5 6 3 2 7 1 4 0 
0.774741
5 6 3 2 7 1 4 0 
0.766375
5 6 3 2 7 1 4 0 
0.757976
5 6 3 2 7 1 4 0 
0.765438
5 6 7 2 3 1 4 0 
0.810406
6 5 7 2 3 1 4 0 
0.803845
6 5 7 2 3 1 4 0 
0.79792
6 5 7 2 3 1 4 0 
0.742977
6 5 7 2 3 1 4 0 
0.806562
6 5 7 2 3 1 4 0 
0.849943
2 0 4 6 1 3 7 5 
0.864456
2 0 1 6 4 3 7 5 
0.829099
2 0 1 6 4 3 7 5 
0.836904
2 0 1 6 4 7 3 5 
0.819572
2 0 3 6 4 7 1 5 
0.819397
0 2 4 5 3 1 7 6 
0.816386
0 2 4 5 3 1 7 6 
0.806181
2 0 4 5 7 1 3 6 
0.805829
2 0 4 5 7 1 3 6 
0.804677
2 0 7 5 4 1 3 6 
0.800146
2 0 7 5 3 1 4 6 
0.797652
2 0 4 5 3 1 7 6 
0.785844
2 0 4 5 3 1 7 6 
0.814081
last cost 矩阵:
0.115859 0.0306925 0.13276 0.0478639 0 0.126321 0.11587 0.0461981 
0.110128 0.0290926 0.123365 0 0.0387936 0.121153 0.110155 0.0477959 
0 0.0519837 0.204172 0.0795251 0.0710342 0.210146 0.199768 0.0753239 
0.16597 0.0433189 0.171697 0 0.058137 0.179494 0.16596 0.07744 
0.198269 0.0511744 0.211221 0.0786022 0.0688234 0 0.19823 0.0854757 
0.223709 0.0593639 0 0.0870283 0 0.232715 0.223709 0.105607 
0 0.0573548 0.223277 0.078623 0.0778297 0.221935 0.219308 0.09092 
0.0918077 0.0244173 0.10294 0.0339848 0.0321316 0.105308 0.0917791 0.0363277 

life 矩阵:
3 2 8 8 0 5 7 6 
8 8 3 0 2 7 5 4 
0 0 6 1 8 8 3 7 
7 3 5 0 8 8 1 2 
4 7 8 8 6 0 2 5 
8 8 0 7 0 3 6 1 
0 5 4 6 7 2 8 8 
5 6 7 2 3 1 8 8 

0.028916
24.7693
