loop 0
0.0544214 0.0368156 0.0401849 0.0452388 0.0409866 0.0385025 0.0491522 0.0419518 0.073034 0.0434612 0.0416404 0.0729539 0.0609313 0.0726036 0.0828556 0.0805223
0.0546379 0.0361473 0.0395564 0.0449606 0.0404883 0.0378562 0.0491462 0.0415092 0.0745371 0.0431001 0.0407601 0.0742591 0.0614872 0.0733939 0.0847644 0.0822334
0.0546379 0.0361473 0.0395564 0.0449606 0.0404883 0.0378562 0.0491462 0.0415092 0.0745371 0.0431001 0.0407601 0.0742591 0.0614872 0.0733939 0.0847644 0.0822334
0.0455625 0.0297028 0.0323308 0.0370631 0.0331041 0.0311933 0.0414175 0.034941 0.0623386 0.0354998 0.0340868 0.0624343 0.0519517 0.0613902 0.070572 0.0684755
0.0533904 0.0349658 0.0385209 0.0440589 0.0394102 0.0366733 0.047877 0.0403834 0.0730108 0.0422143 0.0397843 0.072421 0.0599198 0.0717521 0.0828634 0.0801476
0.149553 0.0970034 0.106357 0.122244 0.110953 0.103018 0.134765 0.112175 0.199788 0.116032 0.110307 0.200122 0.166325 0.198363 0.224263 0.219647
0.0742069 0.0492338 0.0532961 0.0611442 0.0543224 0.051204 0.0669875 0.0567328 0.101752 0.0573954 0.0556934 0.0999427 0.0826324 0.0987483 0.11473 0.11105
0.073739 0.0479771 0.0527585 0.0604173 0.0538981 0.0504998 0.0661737 0.0555942 0.101528 0.0576393 0.0546586 0.101356 0.0832106 0.0999598 0.115545 0.111725
0.149553 0.0970034 0.106357 0.122244 0.110953 0.103018 0.134765 0.112175 0.199788 0.116032 0.110307 0.200122 0.166325 0.198363 0.224263 0.219647
0.149554 0.0970038 0.106358 0.122246 0.110954 0.103017 0.134765 0.112175 0.199788 0.116032 0.110308 0.200122 0.166326 0.198358 0.224263 0.219649
0.0546379 0.0361473 0.0395564 0.0449606 0.0404883 0.0378562 0.0491462 0.0415092 0.0745371 0.0431001 0.0407601 0.0742591 0.0614872 0.0733939 0.0847644 0.0822334
0.0544214 0.0368156 0.0401849 0.0452388 0.0409866 0.0385025 0.0491522 0.0419518 0.073034 0.0434612 0.0416404 0.0729539 0.0609313 0.0726036 0.0828556 0.0805223
0.149554 0.0970038 0.106358 0.122246 0.110954 0.103017 0.134765 0.112175 0.199788 0.116032 0.110308 0.200122 0.166326 0.198358 0.224263 0.219649
0.0455625 0.0297028 0.0323308 0.0370631 0.0331041 0.0311933 0.0414189 0.034941 0.0623386 0.0354998 0.0340868 0.0624343 0.0519517 0.0613902 0.070572 0.0684755
0.149553 0.0970034 0.106357 0.122244 0.110953 0.103018 0.134765 0.112175 0.199788 0.116032 0.110307 0.200122 0.166325 0.198363 0.224263 0.219647
0.0455625 0.0297028 0.0323308 0.0370631 0.0331041 0.0311933 0.0414189 0.034941 0.0623386 0.0354998 0.0340868 0.0624343 0.0519517 0.0613902 0.070572 0.0684755
loop 16
	0.0521693	0.0354835	0.0388321	0.0441546	0.0396344	0.0370224	0.0476254	0.0404972	0.0706387	0.0423273	0.0394241	0.070747	0.059221	0.0708192	0.0808929	0.0786646
	0.054306	0.0360201	0.0394416	0.0447753	0.0402947	0.0376533	0.049674	0.0410693	0.0746368	0.0429957	0.041396	0.0747541	0.0615394	0.073489	0.085414	0.081455
	0.054306	0.0360201	0.0394416	0.0447753	0.0402947	0.0376533	0.049674	0.0410693	0.0746368	0.0429957	0.041396	0.0747541	0.0615394	0.073489	0.085414	0.081455
	0.0455311	0.0303878	0.0323071	0.0370369	0.0330781	0.0318865	0.0413886	0.0349144	0.0622971	0.0354744	0.0340605	0.0623943	0.052	0.0613481	0.0705318	0.0684288
	0.0525243	0.034958	0.0385234	0.0440797	0.039416	0.0366721	0.0477315	0.0402195	0.0719199	0.0422296	0.0391973	0.0720333	0.0599885	0.0707662	0.0813459	0.0789443
	0.14942	0.0968367	0.106199	0.122093	0.110796	0.102856	0.134622	0.112022	0.199472	0.115882	0.110155	0.199795	0.166001	0.198269	0.22374	0.219339
	0.0742195	0.049248	0.0533094	0.0611625	0.0543377	0.0512175	0.0670016	0.0568532	0.101772	0.0575179	0.0557089	0.0999616	0.0826477	0.0987661	0.114753	0.109923
	0.0736442	0.0481113	0.0526136	0.0603147	0.0533966	0.049597	0.0664038	0.0554388	0.101052	0.0572907	0.0545005	0.101199	0.083652	0.100022	0.115103	0.111079
	0.14942	0.0968367	0.106199	0.122093	0.110796	0.102856	0.134622	0.112022	0.199472	0.115882	0.110155	0.199795	0.166001	0.198269	0.22374	0.219339
	0.149411	0.0968367	0.106199	0.122093	0.110796	0.102856	0.134615	0.112016	0.199472	0.115876	0.110155	0.199808	0.16598	0.198256	0.22374	0.219339
	0.054306	0.0360201	0.0394416	0.0447753	0.0402947	0.0376533	0.049674	0.0410693	0.0746368	0.0429957	0.041396	0.0747541	0.0615394	0.073489	0.085414	0.081455
	0.0521693	0.0354835	0.0388321	0.0441546	0.0396344	0.0370224	0.0476254	0.0404972	0.0706387	0.0423273	0.0394241	0.070747	0.059221	0.0708192	0.0808929	0.0786646
	0.149411	0.0968367	0.106199	0.122093	0.110796	0.102856	0.134615	0.112016	0.199472	0.115876	0.110155	0.199808	0.16598	0.198256	0.22374	0.219339
	0.0455311	0.0303878	0.0323071	0.0370369	0.0330781	0.0318865	0.0413886	0.0349144	0.0622971	0.0354744	0.0340672	0.0623943	0.052	0.0613481	0.0705318	0.0684288
	0.14942	0.0968367	0.106199	0.122093	0.110796	0.102856	0.134622	0.112022	0.199472	0.115882	0.110155	0.199795	0.166001	0.198269	0.22374	0.219339
	0.0455311	0.0303878	0.0323071	0.0370369	0.0330781	0.0318865	0.0413886	0.0349144	0.0622971	0.0354744	0.0340605	0.0623943	0.052	0.0613481	0.0705318	0.0684288
loop 17
	0.0563131	0.0379654	0.0413501	0.0467855	0.0421487	0.0394876	0.0503212	0.043063	0.0752227	0.0448962	0.0432021	0.0753403	0.0620809	0.0737971	0.0855788	0.0817724
	0.0554065	0.0357974	0.0391968	0.0458596	0.0413653	0.0387226	0.0493716	0.0421428	0.075774	0.0440752	0.0411423	0.0743209	0.0626573	0.0746277	0.0849272	0.0825974
	0.0554065	0.0357974	0.0391968	0.0458596	0.0413653	0.0387226	0.0493716	0.0421428	0.075774	0.0440752	0.0411423	0.0743209	0.0626573	0.0746277	0.0849272	0.0825974
	0.0455622	0.0292762	0.032329	0.0370638	0.0331041	0.0307609	0.04142	0.0349388	0.0623376	0.0354996	0.0340874	0.0624348	0.0520312	0.0613877	0.0705702	0.0684749
	0.0533113	0.035791	0.0393588	0.0448963	0.0402473	0.0375003	0.0485381	0.0410508	0.0742631	0.0430566	0.0400245	0.0727734	0.0607616	0.0730964	0.08371	0.0813075
	0.149403	0.0968367	0.106199	0.122093	0.110796	0.102856	0.134615	0.112016	0.199458	0.115876	0.110155	0.199795	0.165991	0.198269	0.223725	0.219323
	0.0742128	0.0492372	0.0533012	0.0611473	0.054325	0.0512098	0.06699	0.056732	0.101762	0.0573931	0.0556958	0.0999512	0.0826398	0.0987559	0.11474	0.109923
	0.0722903	0.0469175	0.0513844	0.0590318	0.0521631	0.0497569	0.0650869	0.054178	0.0995472	0.0560256	0.0532602	0.0996912	0.0822355	0.0985322	0.11352	0.109543
	0.149403	0.0968367	0.106199	0.122093	0.110796	0.102856	0.134615	0.112016	0.199458	0.115876	0.110155	0.199795	0.165991	0.198269	0.223725	0.219323
	0.14942	0.0968322	0.106194	0.122086	0.110796	0.102851	0.134615	0.112016	0.199458	0.115876	0.11015	0.199795	0.165991	0.198256	0.223725	0.219323
	0.0554065	0.0357974	0.0391968	0.0458596	0.0413653	0.0387226	0.0493716	0.0421428	0.075774	0.0440752	0.0411423	0.0743209	0.0626573	0.0746277	0.0849272	0.0825974
	0.0563131	0.0379654	0.0413501	0.0467855	0.0421487	0.0394876	0.0503212	0.043063	0.0752227	0.0448962	0.0432021	0.0753403	0.0620809	0.0737971	0.0855788	0.0817724
	0.14942	0.0968322	0.106194	0.122086	0.110796	0.102851	0.134615	0.112016	0.199458	0.115876	0.11015	0.199795	0.165991	0.198256	0.223725	0.219323
	0.0455622	0.0292924	0.032329	0.0370638	0.0331041	0.0307609	0.04142	0.0349388	0.0623376	0.0354996	0.0340874	0.0624348	0.0520312	0.0613877	0.0705702	0.0684749
	0.149403	0.0968367	0.106199	0.122093	0.110796	0.102856	0.134615	0.112016	0.199458	0.115876	0.110155	0.199795	0.165991	0.198269	0.223725	0.219323
	0.0455622	0.0292762	0.032329	0.0370638	0.0331041	0.0307609	0.04142	0.0349388	0.0623376	0.0354996	0.0340874	0.0624348	0.0520312	0.0613877	0.0705702	0.0684749
loop 18
	0.05552	0.0383449	0.0417726	0.0459571	0.0425799	0.0398805	0.05085	0.0435119	0.0745174	0.0440528	0.042349	0.0746327	0.062747	0.0745847	0.0849058	0.0826544
	0.0544735	0.0361487	0.0395784	0.0449278	0.0404324	0.0377878	0.0484365	0.0412077	0.0732769	0.0431432	0.0402091	0.0733918	0.0602403	0.0721413	0.0840021	0.0816794
	0.0544735	0.0361487	0.0395784	0.0449278	0.0404324	0.0377878	0.0484365	0.0412077	0.0732769	0.0431432	0.0402091	0.0733918	0.0602403	0.0721413	0.0840021	0.0816794
	0.0455622	0.0292762	0.032329	0.0370638	0.0331041	0.0307609	0.04142	0.0349388	0.0623376	0.0354996	0.0340874	0.0624348	0.0520312	0.0613877	0.0705702	0.0684749
	0.0536524	0.0347108	0.038257	0.043786	0.0391435	0.036415	0.0474218	0.039948	0.0731047	0.0419468	0.0402821	0.0732206	0.0596265	0.0719361	0.082544	0.0801459
	0.149411	0.0968277	0.106189	0.122086	0.11079	0.102846	0.134607	0.112011	0.199445	0.11587	0.110144	0.199781	0.16597	0.19823	0.223709	0.219308
	0.0741926	0.0492228	0.0532849	0.0611322	0.0543124	0.0511944	0.0669727	0.056714	0.10174	0.0573792	0.0556827	0.0999304	0.082624	0.0987355	0.114715	0.111913
	0.071977	0.0467117	0.0511594	0.0587769	0.0533136	0.0495384	0.0648017	0.0539407	0.0991584	0.0557824	0.0530349	0.0993024	0.0818937	0.0981357	0.113091	0.109117
	0.149411	0.0968277	0.106189	0.122086	0.11079	0.102846	0.134607	0.112011	0.199445	0.11587	0.110144	0.199781	0.16597	0.19823	0.223709	0.219308
	0.149394	0.0968143	0.106179	0.122067	0.110779	0.102831	0.1346	0.111999	0.199445	0.115859	0.110133	0.199781	0.16598	0.198256	0.223709	0.219323
	0.0544735	0.0361487	0.0395784	0.0449278	0.0404324	0.0377878	0.0484365	0.0412077	0.0732769	0.0431432	0.0402091	0.0733918	0.0602403	0.0721413	0.0840021	0.0816794
	0.05552	0.0383449	0.0417726	0.0459571	0.0425799	0.0398805	0.05085	0.0435119	0.0745174	0.0440528	0.042349	0.0746327	0.062747	0.0745847	0.0849058	0.0826544
	0.149394	0.0968143	0.106179	0.122067	0.110779	0.102831	0.1346	0.111999	0.199445	0.115859	0.110133	0.199781	0.16598	0.198256	0.223709	0.219323
	0.0455622	0.0292762	0.032329	0.0370638	0.0331041	0.0307609	0.04142	0.0349388	0.0623376	0.0354996	0.0340874	0.0624348	0.0520312	0.0613877	0.0705702	0.0684749
	0.149411	0.0968277	0.106189	0.122086	0.11079	0.102846	0.134607	0.112011	0.199445	0.11587	0.110144	0.199781	0.16597	0.19823	0.223709	0.219308
	0.0455622	0.0292762	0.032329	0.0370638	0.0331041	0.0307609	0.04142	0.0349388	0.0623376	0.0354996	0.0340874	0.0624348	0.0520312	0.0613877	0.0705702	0.0684749
loop 19
	0.0572885	0.0389205	0.0423142	0.047755	0.0431124	0.0404439	0.0512851	0.0440251	0.0762	0.0458591	0.0428789	0.07631	0.0630516	0.0747718	0.086565	0.0843104
	0.055199	0.0369216	0.0403394	0.0456756	0.0411923	0.0385521	0.04918	0.0419682	0.0755251	0.0438935	0.0409655	0.0756357	0.0624315	0.074366	0.084646	0.0823269
	0.055199	0.0369216	0.0403394	0.0456756	0.0411923	0.0385521	0.04918	0.0419682	0.0755251	0.0438935	0.0409655	0.0756357	0.0624315	0.074366	0.084646	0.0823269
	0.0455518	0.0304074	0.0323228	0.0370523	0.0330976	0.0319047	0.041411	0.0349318	0.0623214	0.0354924	0.0340773	0.0624186	0.0520187	0.0613719	0.070551	0.0684564
	0.0524206	0.0348737	0.0384389	0.0439845	0.0393285	0.0365874	0.0476328	0.0401324	0.0717984	0.0421366	0.0391099	0.0719037	0.0598824	0.0706395	0.0812018	0.078806
	0.149386	0.0968143	0.106179	0.122067	0.110774	0.102831	0.134592	0.111994	0.199458	0.115859	0.110133	0.199795	0.16596	0.19823	0.223725	0.219323
	0.0742128	0.0492372	0.0533012	0.0611473	0.054325	0.0512059	0.06699	0.056732	0.101762	0.0573931	0.0556958	0.0999512	0.0826398	0.0987559	0.11474	0.109923
	0.076467	0.0502952	0.0548907	0.0627997	0.0571301	0.0532181	0.069047	0.0578048	0.106236	0.0596957	0.0568243	0.106387	0.0867033	0.103439	0.120646	0.116523
	0.149386	0.0968143	0.106179	0.122067	0.110774	0.102831	0.134592	0.111994	0.199458	0.115859	0.110133	0.199795	0.16596	0.19823	0.223725	0.219323
	0.149394	0.0968143	0.106179	0.122074	0.110779	0.102831	0.134592	0.111999	0.199431	0.115859	0.110133	0.199768	0.16596	0.198216	0.223693	0.219293
	0.055199	0.0369216	0.0403394	0.0456756	0.0411923	0.0385521	0.04918	0.0419682	0.0755251	0.0438935	0.0409655	0.0756357	0.0624315	0.074366	0.084646	0.0823269
	0.0572885	0.0389205	0.0423142	0.047755	0.0431124	0.0404439	0.0512851	0.0440251	0.0762	0.0458591	0.0428789	0.07631	0.0630516	0.0747718	0.086565	0.0843104
	0.149394	0.0968143	0.106179	0.122074	0.110779	0.102831	0.134592	0.111999	0.199431	0.115859	0.110133	0.199768	0.16596	0.198216	0.223693	0.219293
	0.0455518	0.0304074	0.0323228	0.0370523	0.0330976	0.0319047	0.041411	0.0349318	0.0623214	0.0354924	0.0340773	0.0624186	0.0520187	0.0613719	0.070551	0.0684564
	0.149386	0.0968143	0.106179	0.122067	0.110774	0.102831	0.134592	0.111994	0.199458	0.115859	0.110133	0.199795	0.16596	0.19823	0.223725	0.219323
	0.0455518	0.0304074	0.0323228	0.0370523	0.0330976	0.0319047	0.041411	0.0349318	0.0623214	0.0354924	0.0340773	0.0624186	0.0520187	0.0613719	0.070551	0.0684564
loop 20
	0.0553024	0.03717	0.0405258	0.0458836	0.0413247	0.0386975	0.0493661	0.0422053	0.0739796	0.0440344	0.041105	0.0740949	0.0610022	0.0726281	0.084299	0.0805035
	0.0539767	0.0358068	0.039204	0.0445096	0.0400528	0.0374312	0.0493716	0.0408233	0.0741855	0.0427377	0.04115	0.0742938	0.0611605	0.0730472	0.0848948	0.0825661
	0.0539767	0.0358068	0.039204	0.0445096	0.0400528	0.0374312	0.0493716	0.0408233	0.0741855	0.0427377	0.04115	0.0742938	0.0611605	0.0730472	0.0848948	0.0825661
	0.0455622	0.0292735	0.032329	0.03706	0.0331008	0.0307609	0.0414155	0.0349388	0.0623376	0.035496	0.034084	0.0624267	0.0520312	0.0613877	0.0705702	0.0684749
	0.053759	0.0347867	0.0383414	0.0438773	0.039231	0.0364936	0.0475161	0.0400315	0.0732372	0.0420324	0.0403692	0.0717417	0.0597389	0.0720738	0.082691	0.0802776
	0.149394	0.0968143	0.106179	0.122074	0.110779	0.102831	0.134592	0.111999	0.199445	0.115859	0.110133	0.199781	0.16597	0.19823	0.223709	0.219308
	0.0742128	0.0492372	0.0532972	0.0611473	0.054325	0.0512059	0.06699	0.0567275	0.101762	0.0573931	0.0556958	0.0999512	0.0826398	0.0987559	0.11474	0.109911
	0.0735437	0.0476966	0.052245	0.0600307	0.0544401	0.0505829	0.0662037	0.0550967	0.101304	0.0569664	0.0541496	0.101448	0.0836687	0.100246	0.115511	0.111444
	0.149394	0.0968143	0.106179	0.122074	0.110779	0.102831	0.134592	0.111999	0.199445	0.115859	0.110133	0.199781	0.16597	0.19823	0.223709	0.219308
	0.149377	0.0968053	0.106168	0.122061	0.110769	0.102822	0.134585	0.111988	0.199458	0.115847	0.110122	0.199781	0.16596	0.19823	0.223725	0.219323
	0.0539767	0.0358068	0.039204	0.0445096	0.0400528	0.0374312	0.0493716	0.0408233	0.0741855	0.0427377	0.04115	0.0742938	0.0611605	0.0730472	0.0848948	0.0825661
	0.0553024	0.03717	0.0405258	0.0458836	0.0413247	0.0386975	0.0493661	0.0422053	0.0739796	0.0440344	0.041105	0.0740949	0.0610022	0.0726281	0.084299	0.0805035
	0.149377	0.0968053	0.106168	0.122061	0.110769	0.102822	0.134585	0.111988	0.199458	0.115847	0.110122	0.199781	0.16596	0.19823	0.223725	0.219323
	0.0455622	0.0292735	0.032329	0.03706	0.0331008	0.0307609	0.0414155	0.0349388	0.0623376	0.035496	0.034084	0.0624267	0.0520312	0.0613877	0.0705702	0.0684749
	0.149394	0.0968143	0.106179	0.122074	0.110779	0.102831	0.134592	0.111999	0.199445	0.115859	0.110133	0.199781	0.16597	0.19823	0.223709	0.219308
	0.0455622	0.0292735	0.032329	0.03706	0.0331008	0.0307609	0.0414155	0.0349388	0.0623376	0.035496	0.034084	0.0624267	0.0520312	0.0613877	0.0705702	0.0684749
loop 21
	0.0553088	0.0370512	0.0404234	0.0458297	0.0412233	0.0398289	0.0493442	0.0421269	0.0741333	0.0439557	0.042275	0.0742389	0.0610614	0.0727316	0.0844707	0.0806657
	0.0541327	0.0358821	0.039294	0.0446272	0.0401459	0.0375086	0.0495077	0.0409232	0.0744202	0.0428442	0.0412461	0.0745375	0.0613465	0.0732681	0.0851652	0.0812204
	0.0541327	0.0358821	0.039294	0.0446272	0.0401459	0.0375086	0.0495077	0.0409232	0.0744202	0.0428442	0.0412461	0.0745375	0.0613465	0.0732681	0.0851652	0.0812204
	0.0455881	0.0292924	0.0323478	0.0370831	0.0331236	0.0307813	0.0414424	0.0349597	0.06237	0.0355176	0.0341042	0.0624672	0.0520624	0.0614194	0.0706086	0.0685117
	0.053679	0.0347164	0.03827	0.0438019	0.039157	0.036421	0.0474442	0.0399619	0.0731544	0.0419617	0.0402961	0.0732703	0.059664	0.0719847	0.0826028	0.0802023
	0.149386	0.0968053	0.106168	0.122061	0.110769	0.102827	0.134585	0.111988	0.199445	0.115847	0.110122	0.199781	0.16597	0.198243	0.223709	0.219308
	0.0741993	0.0492264	0.053289	0.0611372	0.0543166	0.0511982	0.0669785	0.0567185	0.10174	0.0573792	0.0556871	0.0999304	0.082624	0.0987355	0.114715	0.111925
	0.071894	0.0466235	0.0524345	0.0586874	0.0532187	0.0494478	0.0647225	0.0552516	0.100686	0.0571004	0.054318	0.0991728	0.0817945	0.0980224	0.112954	0.110679
	0.149386	0.0968053	0.106168	0.122061	0.110769	0.102827	0.134585	0.111988	0.199445	0.115847	0.110122	0.199781	0.16597	0.198243	0.223709	0.219308
	0.14942	0.0968412	0.106205	0.122099	0.110807	0.102856	0.134622	0.112022	0.199485	0.115882	0.110161	0.199822	0.165991	0.198269	0.223756	0.219354
	0.0541327	0.0358821	0.039294	0.0446272	0.0401459	0.0375086	0.0495077	0.0409232	0.0744202	0.0428442	0.0412461	0.0745375	0.0613465	0.0732681	0.0851652	0.0812204
	0.0553088	0.0370512	0.0404234	0.0458297	0.0412233	0.0398289	0.0493442	0.0421269	0.0741333	0.0439557	0.042275	0.0742389	0.0610614	0.0727316	0.0844707	0.0806657
	0.14942	0.0968412	0.106205	0.122099	0.110807	0.102856	0.134622	0.112022	0.199485	0.115882	0.110161	0.199822	0.165991	0.198269	0.223756	0.219354
	0.0455881	0.0292924	0.0323478	0.0370831	0.0331236	0.0307813	0.0414424	0.0349597	0.06237	0.0355176	0.0341042	0.0624672	0.0520624	0.0614194	0.0706086	0.0685117
	0.149386	0.0968053	0.106168	0.122061	0.110769	0.102827	0.134585	0.111988	0.199445	0.115847	0.110122	0.199781	0.16597	0.198243	0.223709	0.219308
	0.0455881	0.0292924	0.0323478	0.0370831	0.0331236	0.0307813	0.0414424	0.0349597	0.06237	0.0355176	0.0341042	0.0624672	0.0520624	0.0614194	0.0706086	0.0685117
loop 22
	0.0574835	0.0389782	0.0423926	0.0478846	0.0431932	0.0405012	0.0514468	0.0441315	0.07656	0.0459669	0.0442563	0.07667	0.0632995	0.0750855	0.086957	0.0831239
	0.0541211	0.0359103	0.0393156	0.0446316	0.0401645	0.0375389	0.0495077	0.0409348	0.074375	0.0428564	0.0412653	0.0744923	0.0613259	0.0732328	0.0834928	0.0811694
	0.0541211	0.0359103	0.0393156	0.0446316	0.0401645	0.0375389	0.0495077	0.0409348	0.074375	0.0428564	0.0412653	0.0744923	0.0613259	0.0732328	0.0834928	0.0811694
	0.0455414	0.0303934	0.0323102	0.0370408	0.0330846	0.0318926	0.0413976	0.0349214	0.0623133	0.035478	0.0340672	0.0624024	0.0520063	0.061364	0.0705414	0.0684472
	0.0536204	0.0347024	0.0382472	0.0437662	0.0391334	0.0364059	0.0473949	0.0399306	0.073055	0.0419282	0.0402682	0.0731709	0.0595891	0.0719037	0.0824852	0.0800894
	0.14942	0.0968367	0.106205	0.122099	0.110801	0.102856	0.134622	0.112022	0.199472	0.115882	0.110155	0.199808	0.166001	0.198269	0.22374	0.219339
	0.0742128	0.0492372	0.0532972	0.0611473	0.054325	0.0512059	0.06699	0.0567275	0.101751	0.0573931	0.0556958	0.0999408	0.0826319	0.0987559	0.114727	0.109911
	0.0725484	0.0470694	0.0515475	0.0592316	0.0523306	0.0499167	0.0653166	0.0543605	0.0999072	0.0562176	0.0534321	0.100051	0.0809686	0.0972174	0.113932	0.10992
	0.14942	0.0968367	0.106205	0.122099	0.110801	0.102856	0.134622	0.112022	0.199472	0.115882	0.110155	0.199808	0.166001	0.198269	0.22374	0.219339
	0.14942	0.0968367	0.106199	0.122093	0.110796	0.102856	0.134622	0.112016	0.199458	0.115876	0.110155	0.199795	0.166001	0.198269	0.223725	0.219323
	0.0541211	0.0359103	0.0393156	0.0446316	0.0401645	0.0375389	0.0495077	0.0409348	0.074375	0.0428564	0.0412653	0.0744923	0.0613259	0.0732328	0.0834928	0.0811694
	0.0574835	0.0389782	0.0423926	0.0478846	0.0431932	0.0405012	0.0514468	0.0441315	0.07656	0.0459669	0.0442563	0.07667	0.0632995	0.0750855	0.086957	0.0831239
	0.14942	0.0968367	0.106199	0.122093	0.110796	0.102856	0.134622	0.112016	0.199458	0.115876	0.110155	0.199795	0.166001	0.198269	0.223725	0.219323
	0.0455414	0.0303934	0.0323102	0.0370408	0.0330846	0.0318926	0.0413976	0.0349214	0.0623133	0.035478	0.0340672	0.0624024	0.0520063	0.061364	0.0705414	0.0684472
	0.14942	0.0968367	0.106205	0.122099	0.110801	0.102856	0.134622	0.112022	0.199472	0.115882	0.110155	0.199808	0.166001	0.198269	0.22374	0.219339
	0.0455414	0.0303934	0.0323102	0.0370408	0.0330846	0.0318926	0.0413976	0.0349214	0.0623133	0.035478	0.0340672	0.0624024	0.0520063	0.061364	0.0705414	0.0684472
loop 23
	0.0573826	0.0389397	0.0423447	0.047812	0.0431438	0.0404644	0.0513602	0.0440713	0.07639	0.0459032	0.0442054	0.0765	0.0631756	0.07646	0.0867669	0.0845165
	0.0540403	0.0358508	0.0392544	0.0445619	0.0401012	0.0374783	0.049432	0.0408694	0.0742667	0.0427868	0.0412	0.0743841	0.0612363	0.0731267	0.0833655	0.0810571
	0.0540403	0.0358508	0.0392544	0.0445619	0.0401012	0.0374783	0.049432	0.0408694	0.0742667	0.0427868	0.0412	0.0743841	0.0612363	0.0731267	0.0833655	0.0810571
	0.0455311	0.0303906	0.0323071	0.0370331	0.0330781	0.0318865	0.0413886	0.0349144	0.0622971	0.0354744	0.0340605	0.0623862	0.0519938	0.0613481	0.0705222	0.0684288
	0.0524102	0.0348681	0.0384292	0.0439805	0.0393218	0.0365783	0.0476238	0.0401255	0.0717741	0.0421329	0.0391031	0.0718875	0.0598637	0.0706236	0.0811826	0.0787876
	0.14942	0.0968322	0.106194	0.122093	0.110796	0.102851	0.134622	0.112016	0.199445	0.115876	0.11015	0.199781	0.165991	0.198256	0.223709	0.219308
	0.0742061	0.0492336	0.0532972	0.0611423	0.0543208	0.0512021	0.0669843	0.0568307	0.101751	0.0574948	0.0556915	0.0999408	0.0826319	0.0987457	0.114727	0.111937
	0.0729009	0.0475921	0.0520475	0.0596867	0.0542084	0.050423	0.0657153	0.0548459	0.101747	0.0566805	0.0539225	0.100232	0.0828093	0.0990576	0.115739	0.111743
	0.14942	0.0968322	0.106194	0.122093	0.110796	0.102851	0.134622	0.112016	0.199445	0.115876	0.11015	0.199781	0.165991	0.198256	0.223709	0.219308
	0.14942	0.0968367	0.106194	0.122086	0.110796	0.102856	0.134615	0.112016	0.199472	0.115876	0.11015	0.199795	0.165991	0.198269	0.223725	0.219339
	0.0540403	0.0358508	0.0392544	0.0445619	0.0401012	0.0374783	0.049432	0.0408694	0.0742667	0.0427868	0.0412	0.0743841	0.0612363	0.0731267	0.0833655	0.0810571
	0.0573826	0.0389397	0.0423447	0.047812	0.0431438	0.0404644	0.0513602	0.0440713	0.07639	0.0459032	0.0442054	0.0765	0.0631756	0.07646	0.0867669	0.0845165
	0.14942	0.0968367	0.106194	0.122086	0.110796	0.102856	0.134615	0.112016	0.199472	0.115876	0.11015	0.199795	0.165991	0.198269	0.223725	0.219339
	0.0455311	0.0303906	0.0323071	0.0370331	0.0330781	0.0318865	0.0413886	0.0349144	0.0622971	0.0354744	0.0340605	0.0623862	0.0519938	0.0613481	0.0705222	0.0684288
	0.14942	0.0968322	0.106194	0.122093	0.110796	0.102851	0.134622	0.112016	0.199445	0.115876	0.11015	0.199781	0.165991	0.198256	0.223709	0.219308
	0.0455311	0.0303906	0.0323071	0.0370331	0.0330781	0.0318865	0.0413886	0.0349144	0.0622971	0.0354744	0.0340605	0.0623862	0.0519938	0.0613481	0.0705222	0.0684288
loop 24
	0.0589811	0.0406241	0.0440112	0.0494538	0.0448058	0.0421356	0.0529795	0.0457268	0.0794084	0.047558	0.0458689	0.0795251	0.0661818	0.0779572	0.0898025	0.0875556
	0.0542597	0.0359981	0.0394164	0.0447448	0.0402649	0.0376331	0.0482405	0.0410385	0.0745555	0.0429629	0.0400454	0.0731091	0.0614774	0.0734095	0.0836838	0.0813632
	0.0542597	0.0359981	0.0394164	0.0447448	0.0402649	0.0376331	0.0482405	0.0410385	0.0745555	0.0429629	0.0400454	0.0731091	0.0614774	0.0734095	0.0836838	0.0813632
	0.0455881	0.0292924	0.0323478	0.0370831	0.0331236	0.0307813	0.0414424	0.0349597	0.06237	0.0355176	0.0341042	0.0624591	0.0520562	0.0614194	0.0706086	0.0685025
	0.0537536	0.0347951	0.0383447	0.0438773	0.0392343	0.0365027	0.0475161	0.040035	0.0732206	0.0420361	0.0403726	0.0717336	0.0597264	0.0720576	0.0826714	0.0802682
	0.149411	0.0968322	0.106194	0.122086	0.110796	0.102851	0.134615	0.112016	0.199472	0.115876	0.11015	0.199795	0.16597	0.198243	0.22374	0.219339
	0.0742061	0.0492336	0.0532972	0.0611473	0.054325	0.0512059	0.06699	0.0567275	0.101751	0.0573885	0.0556958	0.0999408	0.0826319	0.0987457	0.114727	0.111937
	0.0773602	0.049548	0.0556022	0.0620857	0.0564108	0.052482	0.0683397	0.0585152	0.105676	0.0604286	0.0575545	0.10584	0.0860678	0.104595	0.120161	0.116019
	0.149411	0.0968322	0.106194	0.122086	0.110796	0.102851	0.134615	0.112016	0.199472	0.115876	0.11015	0.199795	0.16597	0.198243	0.22374	0.219339
	0.149394	0.0968143	0.106179	0.122067	0.110774	0.102831	0.134592	0.111994	0.199431	0.115853	0.110128	0.199768	0.16596	0.198216	0.223693	0.219293
	0.0542597	0.0359981	0.0394164	0.0447448	0.0402649	0.0376331	0.0482405	0.0410385	0.0745555	0.0429629	0.0400454	0.0731091	0.0614774	0.0734095	0.0836838	0.0813632
	0.0589811	0.0406241	0.0440112	0.0494538	0.0448058	0.0421356	0.0529795	0.0457268	0.0794084	0.047558	0.0458689	0.0795251	0.0661818	0.0779572	0.0898025	0.0875556
	0.149394	0.0968143	0.106179	0.122067	0.110774	0.102831	0.134592	0.111994	0.199431	0.115853	0.110128	0.199768	0.16596	0.198216	0.223693	0.219293
	0.0455881	0.0292924	0.0323478	0.0370792	0.0331236	0.0307813	0.0414424	0.0349597	0.06237	0.0355176	0.0341042	0.0624591	0.0520562	0.0614194	0.0706086	0.0685025
	0.149411	0.0968322	0.106194	0.122086	0.110796	0.102851	0.134615	0.112016	0.199472	0.115876	0.11015	0.199795	0.16597	0.198243	0.22374	0.219339
	0.0455881	0.0292924	0.0323478	0.0370831	0.0331236	0.0307813	0.0414424	0.0349597	0.06237	0.0355176	0.0341042	0.0624591	0.0520562	0.0614194	0.0706086	0.0685025
loop 25
	0.0534419	0.0353556	0.0387052	0.0440436	0.0395035	0.0368856	0.0475269	0.0403784	0.0706116	0.0422009	0.0405504	0.0707109	0.0591504	0.070756	0.0808604	0.0786334
	0.0532238	0.0349841	0.0383954	0.0437203	0.0392436	0.0379089	0.0485982	0.0413422	0.0735155	0.0419404	0.0403394	0.0736304	0.060442	0.0723662	0.0826494	0.08032
	0.0532238	0.0349841	0.0383954	0.0437203	0.0392436	0.0379089	0.0485982	0.0413422	0.0735155	0.0419404	0.0403394	0.0736304	0.060442	0.0723662	0.0826494	0.08032
	0.0455674	0.0292789	0.0323322	0.0370638	0.0331041	0.0307638	0.04142	0.0349423	0.0623457	0.0354996	0.0340874	0.0624348	0.0520375	0.0613957	0.0705798	0.0684841
	0.0533966	0.0358551	0.0394227	0.0435757	0.0403135	0.0375661	0.0486167	0.0411156	0.0727486	0.0417422	0.0400907	0.0728645	0.0608512	0.0715959	0.08382	0.0814035
	0.149386	0.0968143	0.106179	0.122067	0.110774	0.102831	0.134592	0.111994	0.199445	0.115853	0.110128	0.199768	0.16597	0.19823	0.223709	0.219308
	0.0742128	0.0492372	0.0533012	0.0611524	0.0543293	0.0512098	0.0669958	0.056732	0.101762	0.0573931	0.0557002	0.0999512	0.0826398	0.0987559	0.11474	0.109923
	0.0716224	0.0475006	0.05202	0.0583105	0.05281	0.0490044	0.0643836	0.0548351	0.0990137	0.056704	0.0539183	0.0991553	0.0816067	0.0979832	0.113061	0.109048
	0.149386	0.0968143	0.106179	0.122067	0.110774	0.102831	0.134592	0.111994	0.199445	0.115853	0.110128	0.199768	0.16597	0.19823	0.223709	0.219308
	0.149386	0.0968143	0.106179	0.122067	0.110774	0.102831	0.134592	0.111994	0.199458	0.115853	0.110128	0.199781	0.16596	0.19823	0.223725	0.219323
	0.0532238	0.0349841	0.0383954	0.0437203	0.0392436	0.0379089	0.0485982	0.0413422	0.0735155	0.0419404	0.0403394	0.0736304	0.060442	0.0723662	0.0826494	0.08032
	0.0534419	0.0353556	0.0387052	0.0440436	0.0395035	0.0368856	0.0475269	0.0403784	0.0706116	0.0422009	0.0405504	0.0707109	0.0591504	0.070756	0.0808604	0.0786334
	0.149386	0.0968143	0.106179	0.122067	0.110774	0.102831	0.134592	0.111994	0.199458	0.115853	0.110128	0.199781	0.16596	0.19823	0.223725	0.219323
	0.0455674	0.0292789	0.0323322	0.0370638	0.0331041	0.0307638	0.04142	0.0349423	0.0623457	0.0354996	0.0340874	0.0624348	0.0520375	0.0613957	0.0705798	0.0684841
	0.149386	0.0968143	0.106179	0.122067	0.110774	0.102831	0.134592	0.111994	0.199445	0.115853	0.110128	0.199768	0.16597	0.19823	0.223709	0.219308
	0.0455674	0.0292789	0.0323322	0.0370638	0.0331041	0.0307638	0.04142	0.0349423	0.0623457	0.0354996	0.0340874	0.0624348	0.0520375	0.0613957	0.0705798	0.0684841
loop 26
	0.0562409	0.0390589	0.0424841	0.0479987	0.0432829	0.0405832	0.0515739	0.0442286	0.07679	0.0460698	0.043054	0.0753697	0.0634776	0.0753011	0.0856254	0.0833711
	0.0530831	0.0348934	0.0382945	0.043602	0.0391428	0.0378114	0.0484659	0.0412346	0.0733211	0.0418293	0.0402352	0.073436	0.0602807	0.0721846	0.0824309	0.08011
	0.0530831	0.0348934	0.0382945	0.043602	0.0391428	0.0378114	0.0484659	0.0412346	0.0733211	0.0418293	0.0402352	0.073436	0.0602807	0.0721846	0.0824309	0.08011
	0.0455311	0.0303878	0.0323039	0.0370331	0.0330781	0.0318865	0.0413886	0.0349144	0.0622971	0.0354744	0.0340605	0.0623943	0.052	0.0613481	0.0705222	0.0684288
	0.053759	0.034781	0.038335	0.0438733	0.0392209	0.0364876	0.0475161	0.040028	0.0732372	0.0420287	0.0403622	0.0717498	0.0597389	0.0720738	0.082691	0.080287
	0.149377	0.0968053	0.106168	0.122061	0.110763	0.102822	0.134585	0.111988	0.199445	0.115847	0.110122	0.199768	0.16596	0.19823	0.223709	0.219308
	0.0742061	0.04923	0.0532931	0.0611372	0.0543166	0.0511982	0.0669843	0.056723	0.101751	0.0573838	0.0556871	0.0999408	0.082624	0.0987457	0.114727	0.111925
	0.0742965	0.0489162	0.0533847	0.061044	0.0541659	0.0503956	0.0670927	0.0561792	0.10324	0.0580281	0.0552703	0.101717	0.0842532	0.100554	0.117289	0.113263
	0.149377	0.0968053	0.106168	0.122061	0.110763	0.102822	0.134585	0.111988	0.199445	0.115847	0.110122	0.199768	0.16596	0.19823	0.223709	0.219308
	0.149394	0.0968143	0.106179	0.122067	0.110774	0.102831	0.134592	0.111999	0.199445	0.115859	0.110133	0.199768	0.16597	0.19823	0.223709	0.219308
	0.0530831	0.0348934	0.0382945	0.043602	0.0391428	0.0378114	0.0484659	0.0412346	0.0733211	0.0418293	0.0402352	0.073436	0.0602807	0.0721846	0.0824309	0.08011
	0.0562409	0.0390589	0.0424841	0.0479987	0.0432829	0.0405832	0.0515739	0.0442286	0.07679	0.0460698	0.043054	0.0753697	0.0634776	0.0753011	0.0856254	0.0833711
	0.149394	0.0968143	0.106179	0.122067	0.110774	0.102831	0.134592	0.111999	0.199445	0.115859	0.110133	0.199768	0.16597	0.19823	0.223709	0.219308
	0.0455311	0.0303878	0.0323039	0.0370331	0.0330781	0.0318865	0.0413886	0.0349144	0.0622971	0.0354744	0.0340605	0.0623943	0.052	0.0613481	0.0705222	0.0684288
	0.149377	0.0968053	0.106168	0.122061	0.110763	0.102822	0.134585	0.111988	0.199445	0.115847	0.110122	0.199768	0.16596	0.19823	0.223709	0.219308
	0.0455311	0.0303878	0.0323039	0.0370331	0.0330781	0.0318865	0.0413886	0.0349144	0.0622971	0.0354744	0.0340605	0.0623943	0.052	0.0613481	0.0705222	0.0684288
loop 27
	0.0584118	0.0399004	0.0433144	0.0488083	0.0441176	0.0414219	0.0523649	0.0450486	0.0774664	0.0468914	0.0438818	0.0775888	0.0642155	0.0775276	0.0878702	0.0856138
	0.0554539	0.0358413	0.0392436	0.0445488	0.0400901	0.0374649	0.0494169	0.0421865	0.0758108	0.0427786	0.0411885	0.074357	0.0612157	0.0731002	0.0849705	0.082639
	0.0554539	0.0358413	0.0392436	0.0445488	0.0400901	0.0374649	0.0494169	0.0421865	0.0758108	0.0427786	0.0411885	0.074357	0.0612157	0.0731002	0.0849705	0.082639
	0.0455829	0.029287	0.0323416	0.0370754	0.0331171	0.0307755	0.0414335	0.0349527	0.0623619	0.035514	0.0341009	0.0624591	0.0520499	0.0614115	0.070599	0.0685025
	0.052602	0.0350001	0.0385754	0.0427491	0.0394698	0.0367174	0.0478034	0.0402752	0.0720333	0.0409104	0.0392512	0.0721467	0.0600821	0.0708692	0.0814707	0.0790733
	0.149394	0.0968188	0.106179	0.122074	0.110779	0.102836	0.134592	0.111999	0.199431	0.115859	0.110133	0.199768	0.16596	0.198216	0.223693	0.219293
	0.0742061	0.0492372	0.0532972	0.0611473	0.054325	0.0512059	0.06699	0.0567275	0.101751	0.0573885	0.0556958	0.0999408	0.0826319	0.0987457	0.114727	0.111937
	0.0723087	0.0469322	0.0513956	0.0590387	0.0521804	0.0497729	0.0650948	0.0541902	0.099576	0.0560384	0.053278	0.09972	0.0806982	0.0985606	0.113571	0.109576
	0.149394	0.0968188	0.106179	0.122074	0.110779	0.102836	0.134592	0.111999	0.199431	0.115859	0.110133	0.199768	0.16596	0.198216	0.223693	0.219293
	0.14942	0.0968367	0.106199	0.122093	0.110801	0.102856	0.134622	0.112022	0.199472	0.115882	0.110155	0.199795	0.166001	0.198269	0.22374	0.219339
	0.0554539	0.0358413	0.0392436	0.0445488	0.0400901	0.0374649	0.0494169	0.0421865	0.0758108	0.0427786	0.0411885	0.074357	0.0612157	0.0731002	0.0849705	0.082639
	0.0584118	0.0399004	0.0433144	0.0488083	0.0441176	0.0414219	0.0523649	0.0450486	0.0774664	0.0468914	0.0438818	0.0775888	0.0642155	0.0775276	0.0878702	0.0856138
	0.14942	0.0968367	0.106199	0.122093	0.110801	0.102856	0.134622	0.112022	0.199472	0.115882	0.110155	0.199795	0.166001	0.198269	0.22374	0.219339
	0.0455829	0.029287	0.0323416	0.0370754	0.0331171	0.0307755	0.0414335	0.0349527	0.0623619	0.035514	0.0341009	0.0624591	0.0520499	0.0614115	0.070599	0.0685025
	0.149394	0.0968188	0.106179	0.122074	0.110779	0.102836	0.134592	0.111999	0.199431	0.115859	0.110133	0.199768	0.16596	0.198216	0.223693	0.219293
	0.0455829	0.029287	0.0323416	0.0370754	0.0331171	0.0307755	0.0414335	0.0349527	0.0623619	0.035514	0.0341009	0.0624591	0.0520499	0.0614115	0.070599	0.0685025
loop 28
	0.0591081	0.0406651	0.0440667	0.0495414	0.0448629	0.0421791	0.0530829	0.0457954	0.0796205	0.0476306	0.0459277	0.0781965	0.0663308	0.0781444	0.0900408	0.0877855
	0.0553887	0.0357912	0.0391896	0.0458506	0.040038	0.0387157	0.0493564	0.0421349	0.0757463	0.0427254	0.0411346	0.0742848	0.0626291	0.0745916	0.084884	0.0825661
	0.0553887	0.0357912	0.0391896	0.0458506	0.040038	0.0387157	0.0493564	0.0421349	0.0757463	0.0427254	0.0411346	0.0742848	0.0626291	0.0745916	0.084884	0.0825661
	0.0455725	0.0292816	0.0323384	0.0370715	0.0331106	0.0307696	0.041429	0.0349492	0.0623538	0.0355068	0.0340941	0.062451	0.0520437	0.0614036	0.0705894	0.0684933
	0.0535511	0.0359455	0.0381725	0.0436947	0.039056	0.0376602	0.0487508	0.0412236	0.0729722	0.0418538	0.0401916	0.0730881	0.0610304	0.0718146	0.082397	0.0800047
	0.14942	0.0968367	0.106199	0.122099	0.110801	0.102856	0.134622	0.112022	0.199472	0.115882	0.110155	0.199795	0.166001	0.198269	0.223725	0.219339
	0.0742128	0.0492408	0.0533012	0.0611524	0.0543293	0.0512098	0.0669958	0.056732	0.101762	0.0573977	0.0557002	0.0999512	0.0826398	0.0987559	0.11474	0.109923
	0.0747921	0.0488322	0.0533933	0.0612249	0.0556017	0.0517263	0.0674244	0.0562689	0.104322	0.0581501	0.0553036	0.102765	0.0849442	0.101563	0.116845	0.114531
	0.14942	0.0968367	0.106199	0.122099	0.110801	0.102856	0.134622	0.112022	0.199472	0.115882	0.110155	0.199795	0.166001	0.198269	0.223725	0.219339
	0.14942	0.0968367	0.106199	0.122093	0.110801	0.102856	0.134622	0.112022	0.199472	0.115882	0.110155	0.199795	0.166001	0.198269	0.22374	0.219339
	0.0553887	0.0357912	0.0391896	0.0458506	0.040038	0.0387157	0.0493564	0.0421349	0.0757463	0.0427254	0.0411346	0.0742848	0.0626291	0.0745916	0.084884	0.0825661
	0.0591081	0.0406651	0.0440667	0.0495414	0.0448629	0.0421791	0.0530829	0.0457954	0.0796205	0.0476306	0.0459277	0.0781965	0.0663308	0.0781444	0.0900408	0.0877855
	0.14942	0.0968367	0.106199	0.122093	0.110801	0.102856	0.134622	0.112022	0.199472	0.115882	0.110155	0.199795	0.166001	0.198269	0.22374	0.219339
	0.0455725	0.0292816	0.0323384	0.0370715	0.0331106	0.0307696	0.041429	0.0349492	0.0623538	0.0355068	0.0340941	0.062451	0.0520437	0.0614036	0.0705894	0.0684933
	0.14942	0.0968367	0.106199	0.122099	0.110801	0.102856	0.134622	0.112022	0.199472	0.115882	0.110155	0.199795	0.166001	0.198269	0.223725	0.219339
	0.0455725	0.0292816	0.0323384	0.0370715	0.0331106	0.0307696	0.041429	0.0349492	0.0623538	0.0355068	0.0340941	0.062451	0.0520437	0.0614036	0.0705894	0.0684933
loop 29
	0.0534175	0.0353085	0.0386591	0.0440066	0.0394598	0.038077	0.0474958	0.0403374	0.0720968	0.0421617	0.0405012	0.0707109	0.0591222	0.070747	0.0808496	0.078623
	0.0554777	0.0371036	0.0405403	0.045909	0.041396	0.0387435	0.049427	0.0421786	0.0758938	0.0441132	0.0411692	0.0760136	0.062742	0.074736	0.085057	0.0827222
	0.0554777	0.0371036	0.0405403	0.045909	0.041396	0.0387435	0.049427	0.0421786	0.0758938	0.0441132	0.0411692	0.0760136	0.062742	0.074736	0.085057	0.0827222
	0.0455311	0.0303906	0.0323071	0.0370369	0.0330813	0.0318896	0.0413886	0.0349144	0.0622971	0.0354744	0.0340639	0.0623943	0.052	0.0613481	0.0705318	0.068438
	0.052431	0.0348822	0.0384487	0.0439924	0.0393386	0.0365934	0.0476418	0.0401429	0.0718065	0.0421515	0.03912	0.0719199	0.0598886	0.0706474	0.081221	0.0788244
	0.14942	0.0968367	0.106199	0.122093	0.110801	0.102856	0.134622	0.112022	0.199485	0.115876	0.110155	0.199808	0.165991	0.198256	0.22374	0.219354
	0.0741993	0.04923	0.0532931	0.0611372	0.0543166	0.0511982	0.0669843	0.056723	0.10174	0.0573838	0.0556871	0.0999408	0.082624	0.0987457	0.114727	0.111925
	0.0740321	0.0480396	0.0526106	0.0604441	0.0534107	0.0509452	0.0666552	0.05548	0.101938	0.0573632	0.0545349	0.102082	0.0826126	0.0991946	0.116214	0.112132
	0.14942	0.0968367	0.106199	0.122093	0.110801	0.102856	0.134622	0.112022	0.199485	0.115876	0.110155	0.199808	0.165991	0.198256	0.22374	0.219354
	0.14942	0.0968322	0.106194	0.122093	0.110796	0.102851	0.134622	0.112016	0.199445	0.115876	0.11015	0.199781	0.16598	0.198256	0.223709	0.219323
	0.0554777	0.0371036	0.0405403	0.045909	0.041396	0.0387435	0.049427	0.0421786	0.0758938	0.0441132	0.0411692	0.0760136	0.062742	0.074736	0.085057	0.0827222
	0.0534175	0.0353085	0.0386591	0.0440066	0.0394598	0.038077	0.0474958	0.0403374	0.0720968	0.0421617	0.0405012	0.0707109	0.0591222	0.070747	0.0808496	0.078623
	0.14942	0.0968322	0.106194	0.122093	0.110796	0.102851	0.134622	0.112016	0.199445	0.115876	0.11015	0.199781	0.16598	0.198256	0.223709	0.219323
	0.0455311	0.0303906	0.0323071	0.0370369	0.0330813	0.0318896	0.0413886	0.0349144	0.0622971	0.0354744	0.0340639	0.0623943	0.052	0.0613481	0.0705318	0.068438
	0.14942	0.0968367	0.106199	0.122093	0.110801	0.102856	0.134622	0.112022	0.199485	0.115876	0.110155	0.199808	0.165991	0.198256	0.22374	0.219354
	0.0455311	0.0303906	0.0323071	0.0370369	0.0330813	0.0318896	0.0413886	0.0349144	0.0622971	0.0354744	0.0340639	0.0623943	0.052	0.0613481	0.0705318	0.068438
loop 30
	0.0574768	0.038909	0.0423316	0.0478431	0.0431303	0.041705	0.051418	0.0440806	0.07662	0.045913	0.0441916	0.07673	0.0647542	0.07665	0.0870283	0.0847684
	0.0542944	0.0360232	0.0394416	0.044771	0.040291	0.0376566	0.0482748	0.0410655	0.0746097	0.0429916	0.0400714	0.0731621	0.0615188	0.0734625	0.0837474	0.0814244
	0.0542944	0.0360232	0.0394416	0.044771	0.040291	0.0376566	0.0482748	0.0410655	0.0746097	0.0429916	0.0400714	0.0731621	0.0615188	0.0734625	0.0837474	0.0814244
	0.0455725	0.0292816	0.0323353	0.0370677	0.0331106	0.0307696	0.0414245	0.0349458	0.0623457	0.0355068	0.0340941	0.0624429	0.0520437	0.0613957	0.0705798	0.0684841
	0.0537003	0.0347529	0.0383025	0.0438297	0.0391906	0.0364603	0.0474667	0.0399897	0.0731461	0.0419878	0.0403274	0.073262	0.0596702	0.0719847	0.082593	0.0801835
	0.14942	0.0968322	0.106199	0.122093	0.110796	0.102851	0.134622	0.112016	0.199458	0.115876	0.11015	0.199781	0.166001	0.198256	0.223725	0.219323
	0.0742061	0.0492372	0.0532972	0.0611473	0.054325	0.0512059	0.06699	0.0567275	0.101751	0.0573931	0.0556958	0.0999408	0.0826319	0.0987457	0.114727	0.111937
	0.0730985	0.0477231	0.0521862	0.0598349	0.0543484	0.0505599	0.0658935	0.0549895	0.102	0.0582433	0.0540624	0.102149	0.083034	0.0993024	0.116022	0.112013
	0.14942	0.0968322	0.106199	0.122093	0.110796	0.102851	0.134622	0.112016	0.199458	0.115876	0.11015	0.199781	0.166001	0.198256	0.223725	0.219323
	0.149403	0.0968277	0.106194	0.122086	0.11079	0.102851	0.134607	0.112011	0.199472	0.11587	0.110144	0.199808	0.16597	0.198256	0.22374	0.219339
	0.0542944	0.0360232	0.0394416	0.044771	0.040291	0.0376566	0.0482748	0.0410655	0.0746097	0.0429916	0.0400714	0.0731621	0.0615188	0.0734625	0.0837474	0.0814244
	0.0574768	0.038909	0.0423316	0.0478431	0.0431303	0.041705	0.051418	0.0440806	0.07662	0.045913	0.0441916	0.07673	0.0647542	0.07665	0.0870283	0.0847684
	0.149403	0.0968277	0.106194	0.122086	0.11079	0.102851	0.134607	0.112011	0.199472	0.11587	0.110144	0.199808	0.16597	0.198256	0.22374	0.219339
	0.0455725	0.0292816	0.0323353	0.0370677	0.0331106	0.0307696	0.0414245	0.0349458	0.0623457	0.0355068	0.0340941	0.0624429	0.0520437	0.0613957	0.0705798	0.0684841
	0.14942	0.0968322	0.106199	0.122093	0.110796	0.102851	0.134622	0.112016	0.199458	0.115876	0.11015	0.199781	0.166001	0.198256	0.223725	0.219323
	0.0455725	0.0292816	0.0323353	0.0370677	0.0331106	0.0307696	0.0414245	0.0349458	0.0623457	0.0355068	0.0340941	0.0624429	0.0520437	0.0613957	0.0705798	0.0684841
loop 31
	0.058026	0.0395868	0.0429867	0.0484619	0.0450771	0.0423752	0.0533688	0.0460208	0.0785606	0.0478639	0.0448391	0.078675	0.0652536	0.0786022	0.0889699	0.0867194
	0.0541096	0.0358884	0.0392976	0.0446142	0.0401459	0.0375153	0.0494976	0.0409194	0.074366	0.0428401	0.0412461	0.0744833	0.061319	0.0732239	0.0851111	0.0811592
	0.0541096	0.0358884	0.0392976	0.0446142	0.0401459	0.0375153	0.0494976	0.0409194	0.074366	0.0428401	0.0412461	0.0744833	0.061319	0.0732239	0.0851111	0.0811592
	0.0455933	0.0293005	0.0323572	0.0370908	0.0331301	0.0307871	0.0414469	0.0349666	0.0623781	0.0355284	0.0341143	0.0624753	0.0520687	0.0614274	0.0706182	0.068521
	0.0536257	0.034694	0.0382407	0.0437622	0.0391267	0.0363968	0.0473949	0.0399271	0.073055	0.0419245	0.0402612	0.0731626	0.0595891	0.0718875	0.0824852	0.08008
	0.149394	0.0968143	0.106179	0.122067	0.110774	0.102831	0.134592	0.111994	0.199445	0.115859	0.110133	0.199781	0.16597	0.198243	0.223709	0.219323
	0.0742128	0.0492372	0.0533012	0.0611473	0.0543293	0.0512098	0.0669958	0.056732	0.101762	0.0573931	0.0557002	0.0999512	0.0826398	0.0987559	0.11474	0.109923
	0.0722442	0.0468538	0.0513169	0.0589836	0.0534796	0.0496876	0.0650393	0.0541233	0.099504	0.0573759	0.053195	0.099648	0.0821803	0.0984756	0.113469	0.109478
	0.149394	0.0968143	0.106179	0.122067	0.110774	0.102831	0.134592	0.111994	0.199445	0.115859	0.110133	0.199781	0.16597	0.198243	0.223709	0.219323
	0.149386	0.0968098	0.106174	0.122067	0.110774	0.102831	0.134592	0.111994	0.199445	0.115853	0.110128	0.199781	0.16597	0.19823	0.223709	0.219308
	0.0541096	0.0358884	0.0392976	0.0446142	0.0401459	0.0375153	0.0494976	0.0409194	0.074366	0.0428401	0.0412461	0.0744833	0.061319	0.0732239	0.0851111	0.0811592
	0.058026	0.0395868	0.0429867	0.0484619	0.0450771	0.0423752	0.0533688	0.0460208	0.0785606	0.0478639	0.0448391	0.078675	0.0652536	0.0786022	0.0889699	0.0867194
	0.149386	0.0968098	0.106174	0.122067	0.110774	0.102831	0.134592	0.111994	0.199445	0.115853	0.110128	0.199781	0.16597	0.19823	0.223709	0.219308
	0.0455933	0.0293005	0.0323572	0.0370908	0.0331301	0.0307871	0.0414469	0.0349666	0.0623781	0.0355284	0.0341143	0.0624753	0.0520687	0.0614274	0.0706182	0.068521
	0.149394	0.0968143	0.106179	0.122067	0.110774	0.102831	0.134592	0.111994	0.199445	0.115859	0.110133	0.199781	0.16597	0.198243	0.223709	0.219323
	0.0455933	0.0293005	0.0323572	0.0370908	0.0331301	0.0307871	0.0414469	0.0349666	0.0623781	0.0355284	0.0341143	0.0624753	0.0520687	0.0614274	0.0706182	0.068521

work load: ammp.mips equake.mips equake.mips wupwise.mips twolf.mips gzip.mips gap.mips swim.mips gzip.mips bzip2.mips equake.mips ammp.mips bzip2.mips wupwise.mips gzip.mips wupwise.mips
