loop 0
    4.55676 2.99853 3.28619 3.74798
    5.50023 3.59743 3.95124 4.51359
    7.02155 4.57319 5.02479 5.74815
    7.11174 4.68601 5.13561 5.85105
loop 16
	4.44681	2.92528	3.20924	3.66733
	5.54151	3.61937	3.97657	4.53787
	7.00828	4.56052	5.01312	5.74409
	6.64665	4.34219	4.77075	5.45183
loop 17
	4.47388	2.9405	3.22406	3.68162
	5.61898	3.67106	4.03053	4.60848
	7.02109	4.57545	5.02791	5.74408
	6.60488	4.30533	4.73051	5.41943
loop 18
	4.46614	2.94436	3.2285	3.67369
	5.53408	3.61178	3.96903	4.53005
	7.02196	4.56338	5.01521	5.74473
	6.64093	4.32592	4.75112	5.43989
loop 19
	4.43503	2.92369	3.20851	3.65485
	5.54792	3.62382	3.9817	4.54316
	7.00863	4.56431	5.0168	5.74603
	6.07161	3.99231	4.37988	4.98876
loop 20
	4.44367	2.92033	3.20464	3.66347
	5.50046	3.58685	3.94266	4.50121
	7.00863	4.56431	5.01627	5.74603
	6.17299	4.06012	4.45398	5.07975
loop 21
	4.48246	2.949	3.2325	3.69018
	5.81163	3.80714	4.18106	4.76565
	7.04454	4.59071	5.04496	5.76292
	6.60855	4.30728	4.73275	5.42217
loop 22
	4.45245	2.93222	3.21588	3.67369
	5.63895	3.6708	4.0362	4.61711
	7.02336	4.57445	5.01365	5.74409
	6.64974	4.33464	4.76028	5.44845
loop 23
	4.44893	2.92708	3.21105	3.65621
	5.70514	3.70764	4.07395	4.66845
	7.02109	4.56246	5.01415	5.74343
	6.65264	4.34904	4.77776	5.45774
loop 24
	4.52763	2.98536	3.26814	3.72437
	5.78422	3.76334	4.12825	4.73507
	7.00776	4.56384	5.01574	5.74538
	6.64605	4.33228	4.75757	5.44569
loop 25
	4.56844	2.99706	3.29267	3.74985
	5.70013	3.72435	4.08084	4.6684
	7.0095	4.56477	5.0168	5.74668
	6.624	4.32109	4.74689	5.43682
loop 26
	4.54616	2.98885	3.27188	3.74168
	5.53891	3.61115	3.9667	4.5385
	7.02196	4.57637	5.02898	5.74473
	6.64298	4.33945	4.76805	5.44798
loop 27
	4.54573	2.98815	3.27108	3.74102
	5.72072	3.72976	4.09701	4.68112
	7.04715	4.57952	5.03328	5.76552
	6.64457	4.3311	4.75621	5.44403
loop 28
	4.51192	2.96893	3.25166	3.7214
	5.29172	3.45452	3.80126	4.3391
	7.0225	4.57353	5.01312	5.74345
	6.75794	4.41854	4.84537	5.55159
loop 29
	4.4533	2.93358	3.21718	3.66194
	4.63588	3.05811	3.35414	3.82068
	7.02109	4.562	5.01415	5.74408
	6.52089	4.2561	4.68317	5.34592
loop 30
	4.49314	2.95064	3.24591	3.70243
	3.62066	2.3849	2.62051	2.97777
	7.00776	4.56384	5.01627	5.74603
	6.60857	4.31133	4.73609	5.42416
loop 31
	4.45203	2.932	3.21562	3.67337
	3.62993	2.39377	2.6294	2.98684
	7.00776	4.56384	5.01627	5.74538
	6.67785	4.36228	4.79034	5.4842

work load: equake.mips parser.mips swim.mips gap.mips
