loop 0
0.143616 0.0989934 0.107699 0.120371
0.045558 0.029912 0.0323269 0.037059
0.0693803 0.0445402 0.0489318 0.0561436
0.0742069 0.0492338 0.0532961 0.0611442
loop 16
	0.130664	0.0897688	0.097202	0.109491
	0.045557	0.0292735	0.0323259	0.03706
	0.0600979	0.0385271	0.042809	0.0487912
	0.0742195	0.049248	0.0533094	0.0611625
loop 17
	0.158649	0.107783	0.117053	0.13127
	0.0455777	0.0292843	0.0323384	0.0370754
	0.0662074	0.0424729	0.0466446	0.0537651
	0.0742128	0.0492372	0.0533012	0.0611473
loop 18
	0.183603	0.126627	0.138584	0.154089
	0.045557	0.0304074	0.0323259	0.0370562
	0.0586749	0.0387604	0.0417455	0.0488881
	0.0741926	0.0492228	0.0532849	0.0611322
loop 19
	0.186712	0.131397	0.141383	0.157014
	0.0455363	0.0303934	0.0323102	0.0370408
	0.066117	0.0429644	0.0470282	0.0539855
	0.0742128	0.0492372	0.0533012	0.0611473
loop 20
	0.164837	0.11642	0.124756	0.138749
	0.0455985	0.0293005	0.0323572	0.0370908
	0.065065	0.0419832	0.0460462	0.0529626
	0.0742128	0.0492372	0.0532972	0.0611473
loop 21
	0.164444	0.116744	0.124981	0.138764
	0.0455725	0.0292816	0.0323384	0.0370715
	0.0702998	0.0447553	0.0500032	0.0568952
	0.0741993	0.0492264	0.053289	0.0611372
loop 22
	0.159593	0.110363	0.120099	0.135123
	0.0455259	0.030385	0.0323008	0.0370293
	0.0657285	0.042434	0.0465356	0.0535138
	0.0742128	0.0492372	0.0532972	0.0611473
loop 23
	0.153158	0.107499	0.11778	0.129589
	0.0455622	0.0292762	0.032329	0.0370638
	0.0705074	0.0451519	0.0491136	0.0571975
	0.0742061	0.0492336	0.0532972	0.0611423
loop 24
	0.15704	0.110914	0.119259	0.133279
	0.0455777	0.0292897	0.0323447	0.0370792
	0.067105	0.043645	0.0477733	0.054811
	0.0742061	0.0492336	0.0532972	0.0611473
loop 25
	0.153911	0.109904	0.118265	0.130189
	0.0455466	0.030399	0.0323165	0.0370485
	0.0684385	0.0444049	0.0483802	0.056477
	0.0742128	0.0492372	0.0533012	0.0611524
loop 26
	0.156821	0.110815	0.119135	0.133073
	0.045557	0.0292708	0.0323228	0.0370562
	0.0643614	0.0421682	0.046316	0.0520812
	0.0742061	0.04923	0.0532931	0.0611372
loop 27
	0.155291	0.109275	0.117605	0.131547
	0.0455777	0.029287	0.0323416	0.0370754
	0.0648939	0.0421125	0.046104	0.0529553
	0.0742061	0.0492372	0.0532972	0.0611473
loop 28
	0.152926	0.109275	0.117565	0.129358
	0.0455363	0.0303934	0.0323102	0.0370408
	0.0623394	0.0399532	0.044139	0.0512573
	0.0742128	0.0492408	0.0533012	0.0611524
loop 29
	0.156344	0.110421	0.120763	0.13266
	0.0455466	0.0304018	0.0323196	0.0370485
	0.0597213	0.039082	0.0431762	0.0489093
	0.0741993	0.04923	0.0532931	0.0611372
loop 30
	0.1526	0.108557	0.116909	0.128854
	0.0455985	0.0293005	0.0323572	0.0370908
	0.0554909	0.0354924	0.0397192	0.044391
	0.0742061	0.0492372	0.0532972	0.0611473
loop 31
	0.160978	0.114052	0.12215	0.13569
	0.0455725	0.0292816	0.0323353	0.0370677
	0.0594112	0.0387014	0.0430944	0.0492292
	0.0742128	0.0492372	0.0533012	0.0611473

work load: gcc.mips wupwise.mips crafty.mips gap.mips
