loop 0
0.0544214 0.0368156 0.0401849 0.0452388
0.056332 0.0370418 0.0403434 0.0462696
0.0454005 0.0307354 0.033542 0.0379607
0.0693803 0.0445402 0.0489318 0.0561436
loop 16
	0.0521693	0.0354835	0.0388321	0.0441546
	0.0564246	0.0364461	0.0409354	0.0459963
	0.0473749	0.0318413	0.0342162	0.0386198
	0.0600979	0.0385271	0.042809	0.0487912
loop 17
	0.0563131	0.0379654	0.0413501	0.0467855
	0.057033	0.0371304	0.0416078	0.0466494
	0.0452545	0.031085	0.03348	0.0379032
	0.0662074	0.0424729	0.0466446	0.0537651
loop 18
	0.05552	0.0383449	0.0417726	0.0459571
	0.0560178	0.0373968	0.04062	0.046967
	0.0452585	0.0310828	0.0334825	0.0379063
	0.0586749	0.0387604	0.0417455	0.0488881
loop 19
	0.0572885	0.0389205	0.0423142	0.047755
	0.0553152	0.0366375	0.0398765	0.0449248
	0.0452664	0.0310917	0.0334925	0.0379123
	0.066117	0.0429644	0.0470282	0.0539855
loop 20
	0.0553024	0.03717	0.0405258	0.0458836
	0.0553984	0.0367246	0.0399639	0.0450057
	0.0452545	0.031085	0.033485	0.0379032
	0.065065	0.0419832	0.0460462	0.0529626
loop 21
	0.0553088	0.0370512	0.0404234	0.0458297
	0.0573624	0.0373392	0.0405668	0.0469166
	0.0452545	0.0310784	0.0334775	0.0379002
	0.0702998	0.0447553	0.0500032	0.0568952
loop 22
	0.0574835	0.0389782	0.0423926	0.0478846
	0.055584	0.0368359	0.0400829	0.0451533
	0.0452545	0.0310873	0.03349	0.0379032
	0.0657285	0.042434	0.0465356	0.0535138
loop 23
	0.0573826	0.0389397	0.0423447	0.047812
	0.0562212	0.0375588	0.040788	0.0458346
	0.0452426	0.0310784	0.0334775	0.0378942
	0.0705074	0.0451519	0.0491136	0.0571975
loop 24
	0.0589811	0.0406241	0.0440112	0.0494538
	0.058847	0.0389282	0.0421356	0.0484566
	0.0452426	0.031074	0.0334725	0.0378912
	0.067105	0.043645	0.0477733	0.054811
loop 25
	0.0534419	0.0353556	0.0387052	0.0440436
	0.057154	0.0372204	0.0417092	0.0467502
	0.0452506	0.0310917	0.0334875	0.0379063
	0.0684385	0.0444049	0.0483802	0.056477
loop 26
	0.0562409	0.0390589	0.0424841	0.0479987
	0.0552704	0.0366166	0.0398488	0.0462021
	0.045318	0.0298208	0.03353	0.0379577
	0.0643614	0.0421682	0.046316	0.0520812
loop 27
	0.0584118	0.0399004	0.0433144	0.0488083
	0.0562934	0.0375444	0.040788	0.0458591
	0.0473792	0.0318367	0.034211	0.0386198
	0.0648939	0.0421125	0.046104	0.0529553
loop 28
	0.0591081	0.0406651	0.0440667	0.0495414
	0.0574297	0.0374076	0.0406323	0.0469872
	0.0453141	0.0298208	0.0335325	0.0379547
	0.0623394	0.0399532	0.044139	0.0512573
loop 29
	0.0534175	0.0353085	0.0386591	0.0440066
	0.0572212	0.0372348	0.0417303	0.0467956
	0.045322	0.0298271	0.0335375	0.0379607
	0.0597213	0.039082	0.0431762	0.0489093
loop 30
	0.0574768	0.038909	0.0423316	0.0478431
	0.0563787	0.0364321	0.0409149	0.0459669
	0.0453022	0.0298102	0.033525	0.0379426
	0.0554909	0.0354924	0.0397192	0.044391
loop 31
	0.058026	0.0395868	0.0429867	0.0484619
	0.0569523	0.0383003	0.0415317	0.0478898
	0.0453061	0.0298123	0.033525	0.0379456
	0.0594112	0.0387014	0.0430944	0.0492292

work load: ammp.mips vpr.mips mcf.mips crafty.mips
