loop 0
0.0514409 0.0341257 0.0374161 0.0425842
0.0533904 0.0349658 0.0385209 0.0440589
0.0533904 0.0349658 0.0385209 0.0440589
0.0533904 0.0349658 0.0385209 0.0440589
loop 16
	0.0505509	0.0338548	0.0359664	0.0411982
	0.0525243	0.034958	0.0385234	0.0440797
	0.0525243	0.034958	0.0385234	0.0440797
	0.0525243	0.034958	0.0385234	0.0440797
loop 17
	0.0514634	0.0335311	0.0368829	0.0421192
	0.0533113	0.035791	0.0393588	0.0448963
	0.0533113	0.035791	0.0393588	0.0448963
	0.0533113	0.035791	0.0393588	0.0448963
loop 18
	0.0533933	0.0341855	0.0375182	0.0440348
	0.0536524	0.0347108	0.038257	0.043786
	0.0536524	0.0347108	0.038257	0.043786
	0.0536524	0.0347108	0.038257	0.043786
loop 19
	0.0522056	0.0342975	0.037647	0.0428711
	0.0524206	0.0348737	0.0384389	0.0439845
	0.0524206	0.0348737	0.0384389	0.0439845
	0.0524206	0.0348737	0.0384389	0.0439845
loop 20
	0.0524644	0.0345122	0.0378698	0.0431119
	0.053759	0.0347867	0.0383414	0.0438773
	0.053759	0.0347867	0.0383414	0.0438773
	0.053759	0.0347867	0.0383414	0.0438773
loop 21
	0.0511732	0.0345788	0.0379429	0.0431922
	0.053679	0.0347164	0.03827	0.0438019
	0.053679	0.0347164	0.03827	0.0438019
	0.053679	0.0347164	0.03827	0.0438019
loop 22
	0.0514854	0.0335282	0.0368896	0.0421274
	0.0536204	0.0347024	0.0382472	0.0437662
	0.0536204	0.0347024	0.0382472	0.0437662
	0.0536204	0.0347024	0.0382472	0.0437662
loop 23
	0.0525881	0.0345878	0.0379568	0.0432049
	0.0524102	0.0348681	0.0384292	0.0439805
	0.0524102	0.0348681	0.0384292	0.0439805
	0.0524102	0.0348681	0.0384292	0.0439805
loop 24
	0.0513101	0.0346635	0.0380438	0.0433063
	0.0537536	0.0347951	0.0383447	0.0438773
	0.0537536	0.0347951	0.0383447	0.0438773
	0.0537536	0.0347951	0.0383447	0.0438773
loop 25
	0.0514634	0.0335253	0.0368795	0.042111
	0.0533966	0.0358551	0.0394227	0.0435757
	0.0533966	0.0358551	0.0394227	0.0435757
	0.0533966	0.0358551	0.0394227	0.0435757
loop 26
	0.0513649	0.0334611	0.0368089	0.0420291
	0.053759	0.034781	0.038335	0.0438733
	0.053759	0.034781	0.038335	0.0438733
	0.053759	0.034781	0.038335	0.0438733
loop 27
	0.0524587	0.0344729	0.037835	0.0430823
	0.052602	0.0350001	0.0385754	0.0427491
	0.052602	0.0350001	0.0385754	0.0427491
	0.052602	0.0350001	0.0385754	0.0427491
loop 28
	0.0504017	0.0337498	0.0371251	0.0423895
	0.0535511	0.0359455	0.0381725	0.0436947
	0.0535511	0.0359455	0.0381725	0.0436947
	0.0535511	0.0359455	0.0381725	0.0436947
loop 29
	0.0514854	0.0335398	0.0368964	0.0421315
	0.052431	0.0348822	0.0384487	0.0439924
	0.052431	0.0348822	0.0384487	0.0439924
	0.052431	0.0348822	0.0384487	0.0439924
loop 30
	0.0512335	0.034609	0.0379812	0.0419185
	0.0537003	0.0347529	0.0383025	0.0438297
	0.0537003	0.0347529	0.0383025	0.0438297
	0.0537003	0.0347529	0.0383025	0.0438297
loop 31
	0.0524756	0.0345122	0.0378733	0.0431119
	0.0536257	0.034694	0.0382407	0.0437622
	0.0536257	0.034694	0.0382407	0.0437622
	0.0536257	0.034694	0.0382407	0.0437622

work load: mesa.mips twolf.mips twolf.mips twolf.mips
