loop 0
0.0385395 0.0253199 0.0280482 0.0316962
0.056332 0.0370418 0.0403434 0.0462696
0.149553 0.0970034 0.106357 0.122244
0.149554 0.0970038 0.106358 0.122246
loop 16
	0.038952	0.0259269	0.0281405	0.0321749
	0.0564246	0.0364461	0.0409354	0.0459963
	0.14942	0.0968367	0.106199	0.122093
	0.149411	0.0968367	0.106199	0.122093
loop 17
	0.0378976	0.0249467	0.0283459	0.0311574
	0.057033	0.0371304	0.0416078	0.0466494
	0.149403	0.0968367	0.106199	0.122093
	0.14942	0.0968322	0.106194	0.122086
loop 18
	0.0391644	0.0249264	0.0283194	0.0323642
	0.0560178	0.0373968	0.04062	0.046967
	0.149411	0.0968277	0.106189	0.122086
	0.149394	0.0968143	0.106179	0.122067
loop 19
	0.0378802	0.0249301	0.0283282	0.0311392
	0.0553152	0.0366375	0.0398765	0.0449248
	0.149386	0.0968143	0.106179	0.122067
	0.149394	0.0968143	0.106179	0.122074
loop 20
	0.0389376	0.0259153	0.0281272	0.0321587
	0.0553984	0.0367246	0.0399639	0.0450057
	0.149394	0.0968143	0.106179	0.122074
	0.149377	0.0968053	0.106168	0.122061
loop 21
	0.0379568	0.0249892	0.0271948	0.0312068
	0.0573624	0.0373392	0.0405668	0.0469166
	0.149386	0.0968053	0.106168	0.122061
	0.14942	0.0968412	0.106205	0.122099
loop 22
	0.0391392	0.0249079	0.0282973	0.0323425
	0.055584	0.0368359	0.0400829	0.0451533
	0.14942	0.0968367	0.106205	0.122099
	0.14942	0.0968367	0.106199	0.122093
loop 23
	0.0378733	0.0249245	0.0283216	0.0311366
	0.0562212	0.0375588	0.040788	0.0458346
	0.14942	0.0968322	0.106194	0.122093
	0.14942	0.0968367	0.106194	0.122086
loop 24
	0.0389412	0.0259153	0.0281294	0.0321641
	0.058847	0.0389282	0.0421356	0.0484566
	0.149411	0.0968322	0.106194	0.122086
	0.149394	0.0968143	0.106179	0.122067
loop 25
	0.0379568	0.0249818	0.0271906	0.0312042
	0.057154	0.0372204	0.0417092	0.0467502
	0.149386	0.0968143	0.106179	0.122067
	0.149386	0.0968143	0.106179	0.122067
loop 26
	0.038988	0.0259792	0.0281913	0.0322182
	0.0552704	0.0366166	0.0398488	0.0462021
	0.149377	0.0968053	0.106168	0.122061
	0.149394	0.0968143	0.106179	0.122067
loop 27
	0.0390672	0.0260334	0.0282487	0.0322831
	0.0562934	0.0375444	0.040788	0.0458591
	0.149394	0.0968188	0.106179	0.122074
	0.14942	0.0968367	0.106199	0.122093
loop 28
	0.0381274	0.025102	0.0273176	0.0313499
	0.0574297	0.0374076	0.0406323	0.0469872
	0.14942	0.0968367	0.106199	0.122099
	0.14942	0.0968367	0.106199	0.122093
loop 29
	0.0388044	0.0258262	0.0280322	0.0320505
	0.0572212	0.0372348	0.0417303	0.0467956
	0.14942	0.0968367	0.106199	0.122093
	0.14942	0.0968322	0.106194	0.122093
loop 30
	0.03811	0.0250946	0.0273091	0.0313342
	0.0563787	0.0364321	0.0409149	0.0459669
	0.14942	0.0968322	0.106199	0.122093
	0.149403	0.0968277	0.106194	0.122086
loop 31
	0.0379673	0.0249911	0.0271991	0.0312146
	0.0569523	0.0383003	0.0415317	0.0478898
	0.149394	0.0968143	0.106179	0.122067
	0.149386	0.0968098	0.106174	0.122067

work load: parser.mips vpr.mips gzip.mips bzip2.mips
