loop 0
0.0742069 0.0492338 0.0532961 0.0611442 0.0543224 0.051204 0.0669875 0.0567328
0.0514409 0.0341257 0.0374161 0.0425842 0.0382564 0.0357392 0.0462894 0.0390995
0.056332 0.0370418 0.0403434 0.0462696 0.0414668 0.0386593 0.0507522 0.0427486
0.056332 0.0370418 0.0403434 0.0462696 0.0414668 0.0386593 0.0507522 0.0427486
0.149554 0.0970038 0.106358 0.122246 0.110954 0.103017 0.134765 0.112175
0.0546379 0.0361473 0.0395564 0.0449606 0.0404883 0.0378562 0.0491462 0.0415092
0.073739 0.0479771 0.0527585 0.0604173 0.0538981 0.0504998 0.0661737 0.0555942
0.0693803 0.0445402 0.0489318 0.0561436 0.0500093 0.046755 0.0619304 0.0516258
loop 16
	0.0742195	0.049248	0.0533094	0.0611625	0.0543377	0.0512175	0.0670016	0.0568532
	0.0505509	0.0338548	0.0359664	0.0411982	0.0368022	0.0354744	0.0459857	0.0388476
	0.0564246	0.0364461	0.0409354	0.0459963	0.041743	0.0392396	0.0506531	0.042471
	0.0564246	0.0364461	0.0409354	0.0459963	0.041743	0.0392396	0.0506531	0.042471
	0.149411	0.0968367	0.106199	0.122093	0.110796	0.102856	0.134615	0.112016
	0.054306	0.0360201	0.0394416	0.0447753	0.0402947	0.0376533	0.049674	0.0410693
	0.0736442	0.0481113	0.0526136	0.0603147	0.0533966	0.049597	0.0664038	0.0554388
	0.0600979	0.0385271	0.042809	0.0487912	0.0435822	0.0412383	0.0532224	0.0442078
loop 17
	0.0742128	0.0492372	0.0533012	0.0611473	0.054325	0.0512098	0.06699	0.056732
	0.0514634	0.0335311	0.0368829	0.0421192	0.0377236	0.0351389	0.0455603	0.038484
	0.057033	0.0371304	0.0416078	0.0466494	0.04241	0.0399162	0.0512909	0.0431348
	0.057033	0.0371304	0.0416078	0.0466494	0.04241	0.0399162	0.0512909	0.0431348
	0.14942	0.0968322	0.106194	0.122086	0.110796	0.102851	0.134615	0.112016
	0.0554065	0.0357974	0.0391968	0.0458596	0.0413653	0.0387226	0.0493716	0.0421428
	0.0722903	0.0469175	0.0513844	0.0590318	0.0521631	0.0497569	0.0650869	0.054178
	0.0662074	0.0424729	0.0466446	0.0537651	0.0473906	0.0451319	0.0594275	0.0492522
loop 18
	0.0741926	0.0492228	0.0532849	0.0611322	0.0543124	0.0511944	0.0669727	0.056714
	0.0533933	0.0341855	0.0375182	0.0440348	0.0383508	0.0370477	0.0474712	0.0403966
	0.0560178	0.0373968	0.04062	0.046967	0.0414219	0.038932	0.0516374	0.0434311
	0.0560178	0.0373968	0.04062	0.046967	0.0414219	0.038932	0.0516374	0.0434311
	0.149394	0.0968143	0.106179	0.122067	0.110779	0.102831	0.1346	0.111999
	0.0544735	0.0361487	0.0395784	0.0449278	0.0404324	0.0377878	0.0484365	0.0412077
	0.071977	0.0467117	0.0511594	0.0587769	0.0533136	0.0495384	0.0648017	0.0539407
	0.0586749	0.0387604	0.0417455	0.0488881	0.0437423	0.0402102	0.0532425	0.0443658
loop 19
	0.0742128	0.0492372	0.0533012	0.0611473	0.054325	0.0512059	0.06699	0.056732
	0.0522056	0.0342975	0.037647	0.0428711	0.038484	0.0358982	0.0476574	0.0392417
	0.0553152	0.0366375	0.0398765	0.0449248	0.0406815	0.0381812	0.0495633	0.041405
	0.0553152	0.0366375	0.0398765	0.0449248	0.0406815	0.0381812	0.0495633	0.041405
	0.149394	0.0968143	0.106179	0.122074	0.110779	0.102831	0.134592	0.111999
	0.055199	0.0369216	0.0403394	0.0456756	0.0411923	0.0385521	0.04918	0.0419682
	0.076467	0.0502952	0.0548907	0.0627997	0.0571301	0.0532181	0.069047	0.0578048
	0.066117	0.0429644	0.0470282	0.0539855	0.0477522	0.0443373	0.0595026	0.0495785
loop 20
	0.0742128	0.0492372	0.0532972	0.0611473	0.054325	0.0512059	0.06699	0.0567275
	0.0524644	0.0345122	0.0378698	0.0431119	0.0387072	0.0361191	0.0465578	0.0394686
	0.0553984	0.0367246	0.0399639	0.0450057	0.0407716	0.0382742	0.0496454	0.0414937
	0.0553984	0.0367246	0.0399639	0.0450057	0.0407716	0.0382742	0.0496454	0.0414937
	0.149377	0.0968053	0.106168	0.122061	0.110769	0.102822	0.134585	0.111988
	0.0539767	0.0358068	0.039204	0.0445096	0.0400528	0.0374312	0.0493716	0.0408233
	0.0735437	0.0476966	0.052245	0.0600307	0.0544401	0.0505829	0.0662037	0.0550967
	0.065065	0.0419832	0.0460462	0.0529626	0.0467683	0.0445718	0.0584728	0.0485747
loop 21
	0.0741993	0.0492264	0.053289	0.0611372	0.0543166	0.0511982	0.0669785	0.0567185
	0.0511732	0.0345788	0.0379429	0.0431922	0.0387864	0.0361906	0.0466388	0.0395431
	0.0573624	0.0373392	0.0405668	0.0469166	0.041367	0.0388744	0.0515855	0.0433772
	0.0573624	0.0373392	0.0405668	0.0469166	0.041367	0.0388744	0.0515855	0.0433772
	0.14942	0.0968412	0.106205	0.122099	0.110807	0.102856	0.134622	0.112022
	0.0541327	0.0358821	0.039294	0.0446272	0.0401459	0.0375086	0.0495077	0.0409232
	0.071894	0.0466235	0.0524345	0.0586874	0.0532187	0.0494478	0.0647225	0.0552516
	0.0702998	0.0447553	0.0500032	0.0568952	0.0507165	0.0473193	0.0637165	0.0525217
loop 22
	0.0742128	0.0492372	0.0532972	0.0611473	0.054325	0.0512059	0.06699	0.0567275
	0.0514854	0.0335282	0.0368896	0.0421274	0.0377271	0.0351357	0.0469197	0.0384876
	0.055584	0.0368359	0.0400829	0.0451533	0.0408945	0.0383858	0.0498152	0.0416247
	0.055584	0.0368359	0.0400829	0.0451533	0.0408945	0.0383858	0.0498152	0.0416247
	0.14942	0.0968367	0.106199	0.122093	0.110796	0.102856	0.134622	0.112016
	0.0541211	0.0359103	0.0393156	0.0446316	0.0401645	0.0375389	0.0495077	0.0409348
	0.0725484	0.0470694	0.0515475	0.0592316	0.0523306	0.0499167	0.0653166	0.0543605
	0.0657285	0.042434	0.0465356	0.0535138	0.048517	0.0450407	0.0590748	0.0490857
loop 23
	0.0742061	0.0492336	0.0532972	0.0611423	0.0543208	0.0512021	0.0669843	0.0568307
	0.0525881	0.0345878	0.0379568	0.0432049	0.0387972	0.0362004	0.0466626	0.039558
	0.0562212	0.0375588	0.040788	0.0458346	0.0415951	0.0391012	0.0504731	0.0423185
	0.0562212	0.0375588	0.040788	0.0458346	0.0415951	0.0391012	0.0504731	0.0423185
	0.14942	0.0968367	0.106194	0.122086	0.110796	0.102856	0.134615	0.112016
	0.0540403	0.0358508	0.0392544	0.0445619	0.0401012	0.0374783	0.049432	0.0408694
	0.0729009	0.0475921	0.0520475	0.0596867	0.0542084	0.050423	0.0657153	0.0548459
	0.0705074	0.0451519	0.0491136	0.0571975	0.0510553	0.0476925	0.0626425	0.0528565
loop 24
	0.0742061	0.0492336	0.0532972	0.0611473	0.054325	0.0512059	0.06699	0.0567275
	0.0513101	0.0346635	0.0380438	0.0433063	0.0388872	0.0362783	0.0467578	0.0396473
	0.058847	0.0389282	0.0421356	0.0484566	0.0429283	0.0404521	0.0531012	0.0449438
	0.058847	0.0389282	0.0421356	0.0484566	0.0429283	0.0404521	0.0531012	0.0449438
	0.149394	0.0968143	0.106179	0.122067	0.110774	0.102831	0.134592	0.111994
	0.0542597	0.0359981	0.0394164	0.0447448	0.0402649	0.0376331	0.0482405	0.0410385
	0.0773602	0.049548	0.0556022	0.0620857	0.0564108	0.052482	0.0683397	0.0585152
	0.067105	0.043645	0.0477733	0.054811	0.0485051	0.0450354	0.0604017	0.0503337
loop 25
	0.0742128	0.0492372	0.0533012	0.0611524	0.0543293	0.0512098	0.0669958	0.056732
	0.0514634	0.0335253	0.0368795	0.042111	0.0377201	0.0351357	0.0469054	0.0384804
	0.057154	0.0372204	0.0417092	0.0467502	0.0425146	0.0400115	0.0513948	0.043238
	0.057154	0.0372204	0.0417092	0.0467502	0.0425146	0.0400115	0.0513948	0.043238
	0.149386	0.0968143	0.106179	0.122067	0.110774	0.102831	0.134592	0.111994
	0.0532238	0.0349841	0.0383954	0.0437203	0.0392436	0.0379089	0.0485982	0.0413422
	0.0716224	0.0475006	0.05202	0.0583105	0.05281	0.0490044	0.0643836	0.0548351
	0.0684385	0.0444049	0.0483802	0.056477	0.0503163	0.0469518	0.0619227	0.0508738
loop 26
	0.0742061	0.04923	0.0532931	0.0611372	0.0543166	0.0511982	0.0669843	0.056723
	0.0513649	0.0334611	0.0368089	0.0420291	0.0376435	0.0350636	0.0468149	0.0396956
	0.0552704	0.0366166	0.0398488	0.0462021	0.0406569	0.0381589	0.0495304	0.042667
	0.0552704	0.0366166	0.0398488	0.0462021	0.0406569	0.0381589	0.0495304	0.042667
	0.149394	0.0968143	0.106179	0.122067	0.110774	0.102831	0.134592	0.111999
	0.0530831	0.0348934	0.0382945	0.043602	0.0391428	0.0378114	0.0484659	0.0412346
	0.0742965	0.0489162	0.0533847	0.061044	0.0541659	0.0503956	0.0670927	0.0561792
	0.0643614	0.0421682	0.046316	0.0520812	0.0470531	0.0435744	0.0576682	0.0488965
loop 27
	0.0742061	0.0492372	0.0532972	0.0611473	0.054325	0.0512059	0.06699	0.0567275
	0.0524587	0.0344729	0.037835	0.0430823	0.0386748	0.0360801	0.046534	0.0394389
	0.0562934	0.0375444	0.040788	0.0458591	0.0415951	0.0390858	0.0505181	0.0423316
	0.0562934	0.0375444	0.040788	0.0458591	0.0415951	0.0390858	0.0505181	0.0423316
	0.14942	0.0968367	0.106199	0.122093	0.110801	0.102856	0.134622	0.112022
	0.0554539	0.0358413	0.0392436	0.0445488	0.0400901	0.0374649	0.0494169	0.0421865
	0.0723087	0.0469322	0.0513956	0.0590387	0.0521804	0.0497729	0.0650948	0.0541902
	0.0648939	0.0421125	0.046104	0.0529553	0.0468154	0.043458	0.0583929	0.0486049
loop 28
	0.0742128	0.0492408	0.0533012	0.0611524	0.0543293	0.0512098	0.0669958	0.056732
	0.0504017	0.0337498	0.0371251	0.0423895	0.0379673	0.0353678	0.0458516	0.0387324
	0.0574297	0.0374076	0.0406323	0.0469872	0.0414346	0.0389436	0.0516548	0.043449
	0.0574297	0.0374076	0.0406323	0.0469872	0.0414346	0.0389436	0.0516548	0.043449
	0.14942	0.0968367	0.106199	0.122093	0.110801	0.102856	0.134622	0.112022
	0.0553887	0.0357912	0.0391896	0.0458506	0.040038	0.0387157	0.0493564	0.0421349
	0.0747921	0.0488322	0.0533933	0.0612249	0.0556017	0.0517263	0.0674244	0.0562689
	0.0623394	0.0399532	0.044139	0.0512573	0.0448883	0.0426062	0.0555942	0.0467431
loop 29
	0.0741993	0.04923	0.0532931	0.0611372	0.0543166	0.0511982	0.0669843	0.056723
	0.0514854	0.0335398	0.0368964	0.0421315	0.037734	0.0351483	0.0469197	0.0384948
	0.0572212	0.0372348	0.0417303	0.0467956	0.042532	0.0400274	0.0514526	0.043265
	0.0572212	0.0372348	0.0417303	0.0467956	0.042532	0.0400274	0.0514526	0.043265
	0.14942	0.0968322	0.106194	0.122093	0.110796	0.102851	0.134622	0.112016
	0.0554777	0.0371036	0.0405403	0.045909	0.041396	0.0387435	0.049427	0.0421786
	0.0740321	0.0480396	0.0526106	0.0604441	0.0534107	0.0509452	0.0666552	0.05548
	0.0597213	0.039082	0.0431762	0.0489093	0.0439137	0.0404785	0.0531417	0.0445025
loop 30
	0.0742061	0.0492372	0.0532972	0.0611473	0.054325	0.0512059	0.06699	0.0567275
	0.0512335	0.034609	0.0379812	0.0419185	0.0388224	0.0362199	0.0466911	0.039584
	0.0563787	0.0364321	0.0409149	0.0459669	0.0417261	0.0392242	0.0506137	0.0424449
	0.0563787	0.0364321	0.0409149	0.0459669	0.0417261	0.0392242	0.0506137	0.0424449
	0.149403	0.0968277	0.106194	0.122086	0.11079	0.102851	0.134607	0.112011
	0.0542944	0.0360232	0.0394416	0.044771	0.040291	0.0376566	0.0482748	0.0410655
	0.0730985	0.0477231	0.0521862	0.0598349	0.0543484	0.0505599	0.0658935	0.0549895
	0.0554909	0.0354924	0.0397192	0.044391	0.040489	0.038158	0.0487494	0.0411192
loop 31
	0.0742128	0.0492372	0.0533012	0.0611473	0.0543293	0.0512098	0.0669958	0.056732
	0.0524756	0.0345122	0.0378733	0.0431119	0.0387108	0.0361224	0.0465578	0.0394686
	0.0569523	0.0383003	0.0415317	0.0478898	0.0423316	0.0398369	0.0525665	0.0443534
	0.0569523	0.0383003	0.0415317	0.0478898	0.0423316	0.0398369	0.0525665	0.0443534
	0.149386	0.0968098	0.106174	0.122067	0.110774	0.102831	0.134592	0.111994
	0.0541096	0.0358884	0.0392976	0.0446142	0.0401459	0.0375153	0.0494976	0.0409194
	0.0722442	0.0468538	0.0513169	0.0589836	0.0534796	0.0496876	0.0650393	0.0541233
	0.0594112	0.0387014	0.0430944	0.0492292	0.043891	0.0402145	0.0537662	0.0445249

work load: gap.mips mesa.mips vpr.mips vpr.mips bzip2.mips equake.mips swim.mips crafty.mips
