loop 0
0.0742073 0.0492345 0.0532969 0.0611448 0.0543229 0.0512052 0.0669882 0.0567345
0.149554 0.0970038 0.106358 0.122246 0.110954 0.103017 0.134765 0.112175
0.0544214 0.0368156 0.0401849 0.0452388 0.0409866 0.0385025 0.0491522 0.0419518
0.0734133 0.0496078 0.0541721 0.0609586 0.0555204 0.0521127 0.0663392 0.0568965
0.143616 0.0989934 0.107699 0.120371 0.110451 0.104487 0.130291 0.112147
0.0734133 0.0496078 0.0541721 0.0609586 0.0555204 0.0521127 0.0663392 0.0568965
0.0742073 0.0492345 0.0532969 0.0611448 0.0543229 0.0512052 0.0669882 0.0567345
0.0742073 0.0492345 0.0532969 0.0611448 0.0543229 0.0512052 0.0669882 0.0567345
loop 16
	0.0742061	0.0492336	0.0532931	0.0611423	0.0543208	0.0512021	0.0669843	0.0568263
	0.149411	0.0968367	0.106199	0.122093	0.110796	0.102856	0.134615	0.112016
	0.0521693	0.0354835	0.0388321	0.0441546	0.0396344	0.0370224	0.0476254	0.0404972
	0.0838528	0.056575	0.0623278	0.070557	0.0632812	0.0600463	0.0765116	0.0643158
	0.130664	0.0897688	0.097202	0.109491	0.0997885	0.0947488	0.119322	0.101156
	0.0838528	0.056575	0.0623278	0.070557	0.0632812	0.0600463	0.0765116	0.0643158
	0.0742061	0.0492336	0.0532931	0.0611423	0.0543208	0.0512021	0.0669843	0.0568263
	0.0742061	0.0492336	0.0532931	0.0611423	0.0543208	0.0512021	0.0669843	0.0568263
loop 17
	0.0742061	0.0492336	0.0532972	0.0611473	0.054325	0.0512059	0.06699	0.0567275
	0.14942	0.0968322	0.106194	0.122086	0.110796	0.102851	0.134615	0.112016
	0.0563131	0.0379654	0.0413501	0.0467855	0.0421487	0.0394876	0.0503212	0.043063
	0.0579033	0.0387393	0.0429489	0.047952	0.0439887	0.0407305	0.052265	0.0449954
	0.158649	0.107783	0.117053	0.13127	0.121563	0.114624	0.143143	0.122935
	0.0579033	0.0387393	0.0429489	0.047952	0.0439887	0.0407305	0.052265	0.0449954
	0.0742061	0.0492336	0.0532972	0.0611473	0.054325	0.0512059	0.06699	0.0567275
	0.0742061	0.0492336	0.0532972	0.0611473	0.054325	0.0512059	0.06699	0.0567275
loop 18
	0.0742128	0.0492372	0.0533012	0.0611473	0.054325	0.0512098	0.06699	0.056732
	0.149394	0.0968143	0.106179	0.122067	0.110779	0.102831	0.1346	0.111999
	0.05552	0.0383449	0.0417726	0.0459571	0.0425799	0.0398805	0.05085	0.0435119
	0.0591332	0.0398786	0.0425466	0.0491284	0.0435779	0.0418708	0.0534716	0.0445958
	0.183603	0.126627	0.138584	0.154089	0.141291	0.133787	0.166926	0.142982
	0.0591332	0.0398786	0.0425466	0.0491284	0.0435779	0.0418708	0.0534716	0.0445958
	0.0742128	0.0492372	0.0533012	0.0611473	0.054325	0.0512098	0.06699	0.056732
	0.0742128	0.0492372	0.0533012	0.0611473	0.054325	0.0512098	0.06699	0.056732
loop 19
	0.0741993	0.04923	0.0532931	0.0611372	0.0543166	0.0511982	0.0669843	0.056723
	0.149394	0.0968143	0.106179	0.122074	0.110779	0.102831	0.134592	0.111999
	0.0572885	0.0389205	0.0423142	0.047755	0.0431124	0.0404439	0.0512851	0.0440251
	0.0575653	0.038474	0.0426676	0.0476496	0.0437002	0.0404552	0.0519496	0.0447095
	0.186712	0.131397	0.141383	0.157014	0.146183	0.138602	0.169925	0.14796
	0.0575653	0.038474	0.0426676	0.0476496	0.0437002	0.0404552	0.0519496	0.0447095
	0.0741993	0.04923	0.0532931	0.0611372	0.0543166	0.0511982	0.0669843	0.056723
	0.0741993	0.04923	0.0532931	0.0611372	0.0543166	0.0511982	0.0669843	0.056723
loop 20
	0.0742061	0.0492372	0.0532972	0.0611473	0.054325	0.0512059	0.06699	0.0567275
	0.149377	0.0968053	0.106168	0.122061	0.110769	0.102822	0.134585	0.111988
	0.0553024	0.03717	0.0405258	0.0458836	0.0413247	0.0386975	0.0493661	0.0422053
	0.0523796	0.0347652	0.0389864	0.04402	0.0400354	0.0367809	0.0483696	0.0410339
	0.164837	0.11642	0.124756	0.138749	0.129635	0.121756	0.149908	0.129404
	0.0523796	0.0347652	0.0389864	0.04402	0.0400354	0.0367809	0.0483696	0.0410339
	0.0742061	0.0492372	0.0532972	0.0611473	0.054325	0.0512059	0.06699	0.0567275
	0.0742061	0.0492372	0.0532972	0.0611473	0.054325	0.0512059	0.06699	0.0567275
loop 21
	0.0742128	0.0492408	0.0533012	0.0611524	0.0543293	0.0512098	0.0669958	0.056732
	0.14942	0.0968412	0.106205	0.122099	0.110807	0.102856	0.134622	0.112022
	0.0553088	0.0370512	0.0404234	0.0458297	0.0412233	0.0398289	0.0493442	0.0421269
	0.0591528	0.0399137	0.0425859	0.0491581	0.0436155	0.0419088	0.0534885	0.0446283
	0.164444	0.116744	0.124981	0.138764	0.129812	0.12204	0.149724	0.129516
	0.0591528	0.0399137	0.0425859	0.0491581	0.0436155	0.0419088	0.0534885	0.0446283
	0.0742128	0.0492408	0.0533012	0.0611524	0.0543293	0.0512098	0.0669958	0.056732
	0.0742128	0.0492408	0.0533012	0.0611524	0.0543293	0.0512098	0.0669958	0.056732
loop 22
	0.0741993	0.04923	0.053289	0.0611372	0.0543166	0.0511982	0.0669785	0.056723
	0.14942	0.0968367	0.106199	0.122093	0.110796	0.102856	0.134622	0.112016
	0.0574835	0.0389782	0.0423926	0.0478846	0.0431932	0.0405012	0.0514468	0.0441315
	0.0538012	0.036106	0.0388225	0.0438287	0.0398678	0.0366249	0.0481536	0.0408653
	0.159593	0.110363	0.120099	0.135123	0.122777	0.117418	0.145545	0.126341
	0.0538012	0.036106	0.0388225	0.0438287	0.0398678	0.0366249	0.0481536	0.0408653
	0.0741993	0.04923	0.053289	0.0611372	0.0543166	0.0511982	0.0669785	0.056723
	0.0741993	0.04923	0.053289	0.0611372	0.0543166	0.0511982	0.0669785	0.056723
loop 23
	0.0742061	0.0492336	0.0532972	0.0611423	0.0543208	0.0512021	0.0669843	0.0567275
	0.14942	0.0968367	0.106194	0.122086	0.110796	0.102856	0.134615	0.112016
	0.0573826	0.0389397	0.0423447	0.047812	0.0431438	0.0404644	0.0513602	0.0440713
	0.0576414	0.0385	0.0427009	0.0476892	0.0437315	0.0404805	0.0519987	0.0447517
	0.153158	0.107499	0.11778	0.129589	0.120568	0.11482	0.1406	0.120331
	0.0576414	0.0385	0.0427009	0.0476892	0.0437315	0.0404805	0.0519987	0.0447517
	0.0742061	0.0492336	0.0532972	0.0611423	0.0543208	0.0512021	0.0669843	0.0567275
	0.0742061	0.0492336	0.0532972	0.0611423	0.0543208	0.0512021	0.0669843	0.0567275
loop 24
	0.0742128	0.0492372	0.0532972	0.0611473	0.054325	0.0512059	0.06699	0.056732
	0.149394	0.0968143	0.106179	0.122067	0.110774	0.102831	0.134592	0.111994
	0.0589811	0.0406241	0.0440112	0.0494538	0.0448058	0.0421356	0.0529795	0.0457268
	0.055493	0.0379225	0.0406013	0.0455587	0.0416376	0.038409	0.0498605	0.0426344
	0.15704	0.110914	0.119259	0.133279	0.122054	0.116261	0.142197	0.123883
	0.055493	0.0379225	0.0406013	0.0455587	0.0416376	0.038409	0.0498605	0.0426344
	0.0742128	0.0492372	0.0532972	0.0611473	0.054325	0.0512059	0.06699	0.056732
	0.0742128	0.0492372	0.0532972	0.0611473	0.054325	0.0512059	0.06699	0.056732
loop 25
	0.0741926	0.0492228	0.0532849	0.0611322	0.0543124	0.0511944	0.0669727	0.0567185
	0.149386	0.0968143	0.106179	0.122067	0.110774	0.102831	0.134592	0.111994
	0.0534419	0.0353556	0.0387052	0.0440436	0.0395035	0.0368856	0.0475269	0.0403784
	0.0612697	0.0420254	0.0446802	0.0512914	0.0457067	0.0440075	0.0555918	0.0467359
	0.153911	0.109904	0.118265	0.130189	0.121069	0.115275	0.141269	0.122903
	0.0612697	0.0420254	0.0446802	0.0512914	0.0457067	0.0440075	0.0555918	0.0467359
	0.0741926	0.0492228	0.0532849	0.0611322	0.0543124	0.0511944	0.0669727	0.0567185
	0.0741926	0.0492228	0.0532849	0.0611322	0.0543124	0.0511944	0.0669727	0.0567185
loop 26
	0.0742195	0.0492444	0.0533094	0.0611574	0.0543335	0.0512175	0.0670016	0.0568442
	0.149394	0.0968143	0.106179	0.122067	0.110774	0.102831	0.134592	0.111999
	0.0562409	0.0390589	0.0424841	0.0479987	0.0432829	0.0405832	0.0515739	0.0442286
	0.0537631	0.0360737	0.0387835	0.043788	0.0398272	0.0365912	0.0481104	0.0408288
	0.156821	0.110815	0.119135	0.133073	0.12194	0.116155	0.142023	0.123754
	0.0537631	0.0360737	0.0387835	0.043788	0.0398272	0.0365912	0.0481104	0.0408288
	0.0742195	0.0492444	0.0533094	0.0611574	0.0543335	0.0512175	0.0670016	0.0568442
	0.0742195	0.0492444	0.0533094	0.0611574	0.0543335	0.0512175	0.0670016	0.0568442
loop 27
	0.0742128	0.0492372	0.0533012	0.0611473	0.054325	0.0512098	0.06699	0.056732
	0.14942	0.0968367	0.106199	0.122093	0.110801	0.102856	0.134622	0.112022
	0.0584118	0.0399004	0.0433144	0.0488083	0.0441176	0.0414219	0.0523649	0.0450486
	0.0577938	0.0386587	0.0428642	0.0478584	0.0439009	0.0406462	0.0521708	0.0449142
	0.155291	0.109275	0.117605	0.131547	0.120401	0.114612	0.140497	0.122209
	0.0577938	0.0386587	0.0428642	0.0478584	0.0439009	0.0406462	0.0521708	0.0449142
	0.0742128	0.0492372	0.0533012	0.0611473	0.054325	0.0512098	0.06699	0.056732
	0.0742128	0.0492372	0.0533012	0.0611473	0.054325	0.0512098	0.06699	0.056732
loop 28
	0.0741993	0.0492264	0.053289	0.0611372	0.0543166	0.0511982	0.0669785	0.0567185
	0.14942	0.0968367	0.106199	0.122093	0.110801	0.102856	0.134622	0.112022
	0.0591081	0.0406651	0.0440667	0.0495414	0.0448629	0.0421791	0.0530829	0.0457954
	0.0624612	0.0415792	0.0457975	0.052437	0.0468229	0.0451124	0.0567688	0.0478656
	0.152926	0.109275	0.117565	0.129358	0.120359	0.114612	0.14036	0.122153
	0.0624612	0.0415792	0.0457975	0.052437	0.0468229	0.0451124	0.0567688	0.0478656
	0.0741993	0.0492264	0.053289	0.0611372	0.0543166	0.0511982	0.0669785	0.0567185
	0.0741993	0.0492264	0.053289	0.0611372	0.0543166	0.0511982	0.0669785	0.0567185
loop 29
	0.0742128	0.0492372	0.0533012	0.0611473	0.054325	0.0512098	0.0669958	0.056732
	0.14942	0.0968322	0.106194	0.122093	0.110796	0.102851	0.134622	0.112016
	0.0534175	0.0353085	0.0386591	0.0440066	0.0394598	0.038077	0.0474958	0.0403374
	0.0592557	0.0399651	0.0426495	0.0492586	0.0436782	0.0419612	0.053573	0.0446997
	0.156344	0.110421	0.120763	0.13266	0.123552	0.117767	0.143705	0.1254
	0.0592557	0.0399651	0.0426495	0.0492586	0.0436782	0.0419612	0.053573	0.0446997
	0.0742128	0.0492372	0.0533012	0.0611473	0.054325	0.0512098	0.0669958	0.056732
	0.0742128	0.0492372	0.0533012	0.0611473	0.054325	0.0512098	0.0669958	0.056732
loop 30
	0.0742128	0.0492408	0.0533012	0.0611524	0.0543293	0.0512098	0.0669958	0.0567365
	0.149403	0.0968277	0.106194	0.122086	0.11079	0.102851	0.134607	0.112011
	0.0574768	0.038909	0.0423316	0.0478431	0.0431303	0.041705	0.051418	0.0440806
	0.0610934	0.0418563	0.0445048	0.0511128	0.0455284	0.0438319	0.0554302	0.04815
	0.1526	0.108557	0.116909	0.128854	0.11971	0.113912	0.139932	0.121543
	0.0610934	0.0418563	0.0445048	0.0511128	0.0455284	0.0438319	0.0554302	0.04815
	0.0742128	0.0492408	0.0533012	0.0611524	0.0543293	0.0512098	0.0669958	0.0567365
	0.0742128	0.0492408	0.0533012	0.0611524	0.0543293	0.0512098	0.0669958	0.0567365
loop 31
	0.0741993	0.0492264	0.053289	0.0611372	0.0543166	0.0511982	0.0669785	0.0567185
	0.149386	0.0968098	0.106174	0.122067	0.110774	0.102831	0.134592	0.111994
	0.058026	0.0395868	0.0429867	0.0484619	0.0450771	0.0423752	0.0533688	0.0460208
	0.0598014	0.0406799	0.0448849	0.0498913	0.0459152	0.0426555	0.0541886	0.0469413
	0.160978	0.114052	0.12215	0.13569	0.12489	0.119292	0.146455	0.126606
	0.0598014	0.0406799	0.0448849	0.0498913	0.0459152	0.0426555	0.0541886	0.0469413
	0.0741993	0.0492264	0.053289	0.0611372	0.0543166	0.0511982	0.0669785	0.0567185
	0.0741993	0.0492264	0.053289	0.0611372	0.0543166	0.0511982	0.0669785	0.0567185

work load: gap.mips bzip2.mips ammp.mips vortex.mips gcc.mips vortex.mips gap.mips gap.mips
