loop 0
0.056332 0.0370418 0.0403434 0.0462696 0.0414668 0.0386593 0.0507522 0.0427486
0.0693803 0.0445402 0.0489318 0.0561436 0.0500093 0.046755 0.0619304 0.0516258
0.149554 0.0970038 0.106358 0.122246 0.110954 0.103017 0.134765 0.112175
0.0454005 0.0307354 0.033542 0.0379607 0.0344747 0.031625 0.0417654 0.0353221
0.0533904 0.0349658 0.0385209 0.0440589 0.0394102 0.0366733 0.047877 0.0403834
0.0385395 0.0253199 0.0280482 0.0316962 0.02838 0.0267539 0.034789 0.0292973
0.0693803 0.0445402 0.0489318 0.0561436 0.0500093 0.046755 0.0619304 0.0516258
0.0514409 0.0341257 0.0374161 0.0425842 0.0382564 0.0357392 0.0462894 0.0390995
loop 16
	0.0564246	0.0364461	0.0409354	0.0459963	0.041743	0.0392396	0.0506531	0.042471
	0.0600979	0.0385271	0.042809	0.0487912	0.0435822	0.0412383	0.0532224	0.0442078
	0.149411	0.0968367	0.106199	0.122093	0.110796	0.102856	0.134615	0.112016
	0.0473749	0.0318413	0.0342162	0.0386198	0.0351412	0.0323079	0.0424044	0.0359917
	0.0525243	0.034958	0.0385234	0.0440797	0.039416	0.0366721	0.0477315	0.0402195
	0.038952	0.0259269	0.0281405	0.0321749	0.0289981	0.026404	0.035672	0.02977
	0.0600979	0.0385271	0.042809	0.0487912	0.0435822	0.0412383	0.0532224	0.0442078
	0.0505509	0.0338548	0.0359664	0.0411982	0.0368022	0.0354744	0.0459857	0.0388476
loop 17
	0.057033	0.0371304	0.0416078	0.0466494	0.04241	0.0399162	0.0512909	0.0431348
	0.0662074	0.0424729	0.0466446	0.0537651	0.0473906	0.0451319	0.0594275	0.0492522
	0.14942	0.0968322	0.106194	0.122086	0.110796	0.102851	0.134615	0.112016
	0.0452545	0.031085	0.03348	0.0379032	0.0344138	0.0315648	0.0417093	0.0352629
	0.0533113	0.035791	0.0393588	0.0448963	0.0402473	0.0375003	0.0485381	0.0410508
	0.0378976	0.0249467	0.0283459	0.0311574	0.0280035	0.0266004	0.0346302	0.0287677
	0.0662074	0.0424729	0.0466446	0.0537651	0.0473906	0.0451319	0.0594275	0.0492522
	0.0514634	0.0335311	0.0368829	0.0421192	0.0377236	0.0351389	0.0455603	0.038484
loop 18
	0.0560178	0.0373968	0.04062	0.046967	0.0414219	0.038932	0.0516374	0.0434311
	0.0586749	0.0387604	0.0417455	0.0488881	0.0437423	0.0402102	0.0532425	0.0443658
	0.149394	0.0968143	0.106179	0.122067	0.110779	0.102831	0.1346	0.111999
	0.0452585	0.0310828	0.0334825	0.0379063	0.0344138	0.0315648	0.0417128	0.0352656
	0.0536524	0.0347108	0.038257	0.043786	0.0391435	0.036415	0.0474218	0.039948
	0.0391644	0.0249264	0.0283194	0.0323642	0.0279792	0.0265781	0.034603	0.0287424
	0.0586749	0.0387604	0.0417455	0.0488881	0.0437423	0.0402102	0.0532425	0.0443658
	0.0533933	0.0341855	0.0375182	0.0440348	0.0383508	0.0370477	0.0474712	0.0403966
loop 19
	0.0553152	0.0366375	0.0398765	0.0449248	0.0406815	0.0381812	0.0495633	0.041405
	0.066117	0.0429644	0.0470282	0.0539855	0.0477522	0.0443373	0.0595026	0.0495785
	0.149394	0.0968143	0.106179	0.122074	0.110779	0.102831	0.134592	0.111999
	0.0452664	0.0310917	0.0334925	0.0379123	0.0344242	0.031574	0.0417198	0.035271
	0.0524206	0.0348737	0.0384389	0.0439845	0.0393285	0.0365874	0.0476328	0.0401324
	0.0378802	0.0249301	0.0283282	0.0311392	0.0279858	0.0265822	0.0346121	0.0287516
	0.066117	0.0429644	0.0470282	0.0539855	0.0477522	0.0443373	0.0595026	0.0495785
	0.0522056	0.0342975	0.037647	0.0428711	0.038484	0.0358982	0.0476574	0.0392417
loop 20
	0.0553984	0.0367246	0.0399639	0.0450057	0.0407716	0.0382742	0.0496454	0.0414937
	0.065065	0.0419832	0.0460462	0.0529626	0.0467683	0.0445718	0.0584728	0.0485747
	0.149377	0.0968053	0.106168	0.122061	0.110769	0.102822	0.134585	0.111988
	0.0452545	0.031085	0.033485	0.0379032	0.0344164	0.0315671	0.0417093	0.0352656
	0.053759	0.0347867	0.0383414	0.0438773	0.039231	0.0364936	0.0475161	0.0400315
	0.0389376	0.0259153	0.0281272	0.0321587	0.028982	0.0275778	0.0356563	0.0297532
	0.065065	0.0419832	0.0460462	0.0529626	0.0467683	0.0445718	0.0584728	0.0485747
	0.0524644	0.0345122	0.0378698	0.0431119	0.0387072	0.0361191	0.0465578	0.0394686
loop 21
	0.0573624	0.0373392	0.0405668	0.0469166	0.041367	0.0388744	0.0515855	0.0433772
	0.0702998	0.0447553	0.0500032	0.0568952	0.0507165	0.0473193	0.0637165	0.0525217
	0.14942	0.0968412	0.106205	0.122099	0.110807	0.102856	0.134622	0.112022
	0.0452545	0.0310784	0.0334775	0.0379002	0.0344112	0.0315602	0.0417059	0.0352602
	0.053679	0.0347164	0.03827	0.0438019	0.039157	0.036421	0.0474442	0.0399619
	0.0379568	0.0249892	0.0271948	0.0312068	0.0280477	0.0266449	0.0346877	0.0288115
	0.0702998	0.0447553	0.0500032	0.0568952	0.0507165	0.0473193	0.0637165	0.0525217
	0.0511732	0.0345788	0.0379429	0.0431922	0.0387864	0.0361906	0.0466388	0.0395431
loop 22
	0.055584	0.0368359	0.0400829	0.0451533	0.0408945	0.0383858	0.0498152	0.0416247
	0.0657285	0.042434	0.0465356	0.0535138	0.048517	0.0450407	0.0590748	0.0490857
	0.14942	0.0968367	0.106199	0.122093	0.110796	0.102856	0.134622	0.112016
	0.0452545	0.0310873	0.03349	0.0379032	0.0344216	0.0315671	0.0417093	0.0352683
	0.0536204	0.0347024	0.0382472	0.0437662	0.0391334	0.0364059	0.0473949	0.0399306
	0.0391392	0.0249079	0.0282973	0.0323425	0.0279571	0.0265579	0.0345818	0.0299309
	0.0657285	0.042434	0.0465356	0.0535138	0.048517	0.0450407	0.0590748	0.0490857
	0.0514854	0.0335282	0.0368896	0.0421274	0.0377271	0.0351357	0.0469197	0.0384876
loop 23
	0.0562212	0.0375588	0.040788	0.0458346	0.0415951	0.0391012	0.0504731	0.0423185
	0.0705074	0.0451519	0.0491136	0.0571975	0.0510553	0.0476925	0.0626425	0.0528565
	0.14942	0.0968367	0.106194	0.122086	0.110796	0.102856	0.134615	0.112016
	0.0452426	0.0310784	0.0334775	0.0378942	0.0344086	0.0315579	0.0416989	0.0352575
	0.0524102	0.0348681	0.0384292	0.0439805	0.0393218	0.0365783	0.0476238	0.0401255
	0.0378733	0.0249245	0.0283216	0.0311366	0.0279814	0.0265761	0.034609	0.028747
	0.0705074	0.0451519	0.0491136	0.0571975	0.0510553	0.0476925	0.0626425	0.0528565
	0.0525881	0.0345878	0.0379568	0.0432049	0.0387972	0.0362004	0.0466626	0.039558
loop 24
	0.058847	0.0389282	0.0421356	0.0484566	0.0429283	0.0404521	0.0531012	0.0449438
	0.067105	0.043645	0.0477733	0.054811	0.0485051	0.0450354	0.0604017	0.0503337
	0.149394	0.0968143	0.106179	0.122067	0.110774	0.102831	0.134592	0.111994
	0.0452426	0.031074	0.0334725	0.0378912	0.0344034	0.0315533	0.0416989	0.035252
	0.0537536	0.0347951	0.0383447	0.0438773	0.0392343	0.0365027	0.0475161	0.040035
	0.0389412	0.0259153	0.0281294	0.0321641	0.0289866	0.0263918	0.0343973	0.029758
	0.067105	0.043645	0.0477733	0.054811	0.0485051	0.0450354	0.0604017	0.0503337
	0.0513101	0.0346635	0.0380438	0.0433063	0.0388872	0.0362783	0.0467578	0.0396473
loop 25
	0.057154	0.0372204	0.0417092	0.0467502	0.0425146	0.0400115	0.0513948	0.043238
	0.0684385	0.0444049	0.0483802	0.056477	0.0503163	0.0469518	0.0619227	0.0508738
	0.149386	0.0968143	0.106179	0.122067	0.110774	0.102831	0.134592	0.111994
	0.0452506	0.0310917	0.0334875	0.0379063	0.034419	0.0315717	0.0417093	0.0352656
	0.0533966	0.0358551	0.0394227	0.0435757	0.0403135	0.0375661	0.0486167	0.0411156
	0.0379568	0.0249818	0.0271906	0.0312042	0.0280433	0.0266368	0.0346846	0.0288092
	0.0684385	0.0444049	0.0483802	0.056477	0.0503163	0.0469518	0.0619227	0.0508738
	0.0514634	0.0335253	0.0368795	0.042111	0.0377201	0.0351357	0.0469054	0.0384804
loop 26
	0.0552704	0.0366166	0.0398488	0.0462021	0.0406569	0.0381589	0.0495304	0.042667
	0.0643614	0.0421682	0.046316	0.0520812	0.0470531	0.0435744	0.0576682	0.0488965
	0.149394	0.0968143	0.106179	0.122067	0.110774	0.102831	0.134592	0.111999
	0.045318	0.0298208	0.03353	0.0379577	0.0344659	0.0316132	0.0417685	0.0353142
	0.053759	0.034781	0.038335	0.0438733	0.0392209	0.0364876	0.0475161	0.040028
	0.038988	0.0259792	0.0281913	0.0322182	0.0290511	0.0264566	0.0344487	0.0298156
	0.0643614	0.0421682	0.046316	0.0520812	0.0470531	0.0435744	0.0576682	0.0488965
	0.0513649	0.0334611	0.0368089	0.0420291	0.0376435	0.0350636	0.0468149	0.0396956
loop 27
	0.0562934	0.0375444	0.040788	0.0458591	0.0415951	0.0390858	0.0505181	0.0423316
	0.0648939	0.0421125	0.046104	0.0529553	0.0468154	0.043458	0.0583929	0.0486049
	0.14942	0.0968367	0.106199	0.122093	0.110801	0.102856	0.134622	0.112022
	0.0473792	0.0318367	0.034211	0.0386198	0.0351385	0.0323031	0.0424044	0.0359889
	0.052602	0.0350001	0.0385754	0.0427491	0.0394698	0.0367174	0.0478034	0.0402752
	0.0390672	0.0260334	0.0282487	0.0322831	0.0291087	0.0265133	0.0345183	0.0298756
	0.0648939	0.0421125	0.046104	0.0529553	0.0468154	0.043458	0.0583929	0.0486049
	0.0524587	0.0344729	0.037835	0.0430823	0.0386748	0.0360801	0.046534	0.0394389
loop 28
	0.0574297	0.0374076	0.0406323	0.0469872	0.0414346	0.0389436	0.0516548	0.043449
	0.0623394	0.0399532	0.044139	0.0512573	0.0448883	0.0426062	0.0555942	0.0467431
	0.14942	0.0968367	0.106199	0.122093	0.110801	0.102856	0.134622	0.112022
	0.0453141	0.0298208	0.0335325	0.0379547	0.0344659	0.0316132	0.041765	0.0353115
	0.0535511	0.0359455	0.0381725	0.0436947	0.039056	0.0376602	0.0487508	0.0412236
	0.0381274	0.025102	0.0273176	0.0313499	0.0281758	0.0267644	0.034845	0.0289428
	0.0623394	0.0399532	0.044139	0.0512573	0.0448883	0.0426062	0.0555942	0.0467431
	0.0504017	0.0337498	0.0371251	0.0423895	0.0379673	0.0353678	0.0458516	0.0387324
loop 29
	0.0572212	0.0372348	0.0417303	0.0467956	0.042532	0.0400274	0.0514526	0.043265
	0.0597213	0.039082	0.0431762	0.0489093	0.0439137	0.0404785	0.0531417	0.0445025
	0.14942	0.0968322	0.106194	0.122093	0.110796	0.102851	0.134622	0.112016
	0.045322	0.0298271	0.0335375	0.0379607	0.0344711	0.0316178	0.041772	0.0353196
	0.052431	0.0348822	0.0384487	0.0439924	0.0393386	0.0365934	0.0476418	0.0401429
	0.0388044	0.0258262	0.0280322	0.0320505	0.0288852	0.0274826	0.035534	0.0296524
	0.0597213	0.039082	0.0431762	0.0489093	0.0439137	0.0404785	0.0531417	0.0445025
	0.0514854	0.0335398	0.0368964	0.0421315	0.037734	0.0351483	0.0469197	0.0384948
loop 30
	0.0563787	0.0364321	0.0409149	0.0459669	0.0417261	0.0392242	0.0506137	0.0424449
	0.0554909	0.0354924	0.0397192	0.044391	0.040489	0.038158	0.0487494	0.0411192
	0.149403	0.0968277	0.106194	0.122086	0.11079	0.102851	0.134607	0.112011
	0.0453022	0.0298102	0.033525	0.0379426	0.034458	0.0316017	0.0417546	0.0353061
	0.0537003	0.0347529	0.0383025	0.0438297	0.0391906	0.0364603	0.0474667	0.0399897
	0.03811	0.0250946	0.0273091	0.0313342	0.0281647	0.0267563	0.0348268	0.0289313
	0.0554909	0.0354924	0.0397192	0.044391	0.040489	0.038158	0.0487494	0.0411192
	0.0512335	0.034609	0.0379812	0.0419185	0.0388224	0.0362199	0.0466911	0.039584
loop 31
	0.0569523	0.0383003	0.0415317	0.0478898	0.0423316	0.0398369	0.0525665	0.0443534
	0.0594112	0.0387014	0.0430944	0.0492292	0.043891	0.0402145	0.0537662	0.0445249
	0.149386	0.0968098	0.106174	0.122067	0.110774	0.102831	0.134592	0.111994
	0.0453061	0.0298123	0.033525	0.0379456	0.034458	0.031604	0.0417546	0.0353061
	0.0536257	0.034694	0.0382407	0.0437622	0.0391267	0.0363968	0.0473949	0.0399271
	0.0379673	0.0249911	0.0271991	0.0312146	0.0280521	0.026647	0.0346937	0.0288184
	0.0594112	0.0387014	0.0430944	0.0492292	0.043891	0.0402145	0.0537662	0.0445249
	0.0524756	0.0345122	0.0378733	0.0431119	0.0387108	0.0361224	0.0465578	0.0394686

work load: vpr.mips crafty.mips bzip2.mips mcf.mips twolf.mips parser.mips crafty.mips mesa.mips
