loop 0
0.0401813 0.0386136 0.0712505 0.0583142 0.0700227 0.0801187 0.0778297 0.0320397
0.0401813 0.0386136 0.0712505 0.0583142 0.0700227 0.0801187 0.0778297 0.0320397
0.0401813 0.0386136 0.0712505 0.0583142 0.0700227 0.0801187 0.0778297 0.0320397
0.0450819 0.0423055 0.0781132 0.0640254 0.0769155 0.0883416 0.0861016 0.0347903
0.0487637 0.0467533 0.0837216 0.0696059 0.0821012 0.0943977 0.0916531 0.0385598
0.0360226 0.0342734 0.0622727 0.0514855 0.0609982 0.0701659 0.0677305 0.0282927
0.035496 0.034084 0.0624267 0.0520312 0.0613877 0.0705606 0.0684657 0.0280675
0.0558272 0.0521717 0.10042 0.0817721 0.0994213 0.114628 0.112531 0.0433863
loop 1
0.0401467 0.0385812 0.0696672 0.0582617 0.0699634 0.0800472 0.0777611 0.0320127
0.0401467 0.0385812 0.0696672 0.0582617 0.0699634 0.0800472 0.0777611 0.0320127
0.0401467 0.0385812 0.0696672 0.0582617 0.0699634 0.0800472 0.0777611 0.0320127
0.0433368 0.0405586 0.0748992 0.062308 0.0752227 0.0866719 0.0828543 0.0342577
0.0457336 0.0437503 0.0788044 0.0648056 0.0772425 0.089491 0.0867391 0.0370522
0.0360198 0.0342682 0.0622789 0.0514807 0.0609982 0.0701659 0.0677305 0.028285
0.035514 0.0341009 0.0624591 0.0520499 0.0614115 0.070599 0.0685025 0.028085
0.056049 0.0523885 0.099282 0.0820816 0.098281 0.115049 0.111366 0.0424029
loop 2
0.0414403 0.0385668 0.0711553 0.0582354 0.0699296 0.0800166 0.0777317 0.0320045
0.0414403 0.0385668 0.0711553 0.0582354 0.0699296 0.0800166 0.0777317 0.0320045
0.0414403 0.0385668 0.0711553 0.0582354 0.0699296 0.0800166 0.0777317 0.0320045
0.0423403 0.0408412 0.0753697 0.0612685 0.0741717 0.0856138 0.0818055 0.033278
0.0497683 0.0477612 0.0845739 0.0705088 0.0848057 0.09714 0.0924717 0.0395757
0.036017 0.0342708 0.0622665 0.0514807 0.0609921 0.0701585 0.0677235 0.0282908
0.0354924 0.0340807 0.0624267 0.052025 0.0613798 0.0705606 0.0684657 0.0280675
0.0555864 0.0531471 0.100536 0.081757 0.099551 0.114877 0.111175 0.043037
loop 3
0.0414761 0.0385992 0.0712764 0.0583207 0.0700396 0.0801391 0.0778591 0.0320208
0.0414761 0.0385992 0.0712764 0.0583207 0.0700396 0.0801391 0.0778591 0.0320208
0.0414761 0.0385992 0.0712764 0.0583207 0.0700396 0.0801391 0.0778591 0.0320208
0.0444274 0.0416374 0.07611 0.0634698 0.074909 0.0863273 0.0840815 0.0340883
0.0498413 0.0478476 0.084607 0.0705792 0.0830088 0.0952461 0.0925093 0.0396758
0.0360001 0.0342552 0.0622477 0.0514616 0.0609738 0.0701363 0.0677023 0.0282753
0.035478 0.0340672 0.0624024 0.0520063 0.0613561 0.0705318 0.068438 0.028055
0.0557638 0.0533473 0.101846 0.0816914 0.0993342 0.116108 0.112429 0.0433371
loop 4
0.0403428 0.038772 0.0699634 0.0585241 0.0687571 0.0788 0.0765247 0.0321776
0.0403428 0.038772 0.0699634 0.0585241 0.0687571 0.0788 0.0765247 0.0321776
0.0403428 0.038772 0.0699634 0.0585241 0.0687571 0.0788 0.0765247 0.0321776
0.0447677 0.0432784 0.0792492 0.0650997 0.0780404 0.0895014 0.0872531 0.0357358
0.0597459 0.0577176 0.10069 0.0843917 0.100817 0.115419 0.110618 0.0479124
0.0359917 0.0342448 0.062254 0.0514616 0.0609738 0.0701437 0.0677023 0.0282656
0.0355284 0.0341143 0.0624753 0.0520749 0.0614353 0.0706182 0.068521 0.028095
0.0550289 0.0526125 0.0996653 0.0809899 0.0986586 0.113882 0.11022 0.0425894
loop 5
0.0405196 0.037654 0.0687406 0.0573376 0.0690387 0.07912 0.0768416 0.0310872
0.0405196 0.037654 0.0687406 0.0573376 0.0690387 0.07912 0.0768416 0.0310872
0.0405196 0.037654 0.0687406 0.0573376 0.0690387 0.07912 0.0768416 0.0310872
0.0441916 0.0414134 0.0772522 0.0631446 0.07605 0.0874951 0.0852522 0.0351217
0.0698944 0.0661795 0.116525 0.0981513 0.116592 0.13339 0.128521 0.054905
0.0366949 0.0349546 0.0643765 0.0535808 0.0630976 0.0722593 0.0698256 0.0290122
0.0355068 0.0340941 0.0624429 0.0520437 0.0614036 0.0705894 0.0684933 0.0280775
0.054843 0.0524318 0.0993516 0.0807386 0.0983497 0.115112 0.111446 0.0424348
loop 6
0.0417499 0.0388548 0.0717002 0.0586816 0.0704713 0.0806185 0.0783198 0.0322398
0.0417499 0.0388548 0.0717002 0.0586816 0.0704713 0.0806185 0.0783198 0.0322398
0.0417499 0.0388548 0.0717002 0.0586816 0.0704713 0.0806185 0.0783198 0.0322398
0.0441037 0.042606 0.0771604 0.0630516 0.07595 0.0873862 0.0851472 0.0350372
0.0796486 0.0758591 0.133156 0.112294 0.133234 0.15263 0.147616 0.0644142
0.0359496 0.0342031 0.0621728 0.051395 0.0608948 0.0700549 0.0692372 0.0282249
0.0354672 0.0340538 0.0623862 0.0519875 0.0613402 0.0705126 0.0684196 0.0280425
0.0549282 0.0525113 0.099491 0.0808444 0.098487 0.113695 0.110021 0.0425041
loop 7
0.0414086 0.038538 0.0711121 0.0582026 0.0698872 0.0799656 0.0776827 0.0319748
0.0414086 0.038538 0.0711121 0.0582026 0.0698872 0.0799656 0.0776827 0.0319748
0.0414086 0.038538 0.0711121 0.0582026 0.0698872 0.0799656 0.0776827 0.0319748
0.0460453 0.0432605 0.0791325 0.0650187 0.077926 0.0909664 0.0871321 0.035729
0.0801427 0.0763032 0.131969 0.110988 0.131891 0.151278 0.146305 0.0630726
0.0359524 0.0342058 0.0621853 0.0514045 0.0609069 0.0700697 0.0692516 0.0282269
0.0355068 0.0340908 0.0624429 0.0520375 0.0613957 0.0705798 0.0684841 0.0280775
0.0556716 0.0519816 0.0991734 0.0804582 0.098189 0.113451 0.10978 0.0419282
loop 8
0.0405119 0.0389376 0.070302 0.057376 0.0690884 0.07917 0.0768896 0.032302
0.0405119 0.0389376 0.070302 0.057376 0.0690884 0.07917 0.0768896 0.032302
0.0405119 0.0389376 0.070302 0.057376 0.0690884 0.07917 0.0768896 0.032302
0.0439974 0.0425015 0.0770278 0.064374 0.077344 0.0888467 0.0850072 0.0349397
0.0455587 0.0435935 0.0783088 0.06444 0.0767945 0.0889343 0.0861974 0.0369538
0.0359721 0.034224 0.0622103 0.0514283 0.0609313 0.0700919 0.06766 0.0282482
0.035514 0.0341009 0.0624591 0.0520499 0.0614115 0.070599 0.0685025 0.0280825
0.0545649 0.0508959 0.0979017 0.0792572 0.0969172 0.112132 0.108468 0.0420578
loop 9
0.0403928 0.0388188 0.070065 0.0571648 0.0688482 0.07891 0.0766303 0.0322182
0.0403928 0.0388188 0.070065 0.0571648 0.0688482 0.07891 0.0766303 0.0322182
0.0403928 0.0388188 0.070065 0.0571648 0.0688482 0.07891 0.0766303 0.0322182
0.0443025 0.0415233 0.077395 0.0632762 0.0762 0.0876524 0.0854038 0.0339974
0.0523551 0.0487339 0.0875019 0.073305 0.0858165 0.0981744 0.0954225 0.0405479
0.0359552 0.0342058 0.0621916 0.0514093 0.060913 0.0700771 0.0692589 0.0282308
0.0354816 0.0340706 0.0624105 0.0520125 0.061364 0.0705414 0.0684472 0.0280575
0.0544741 0.0508133 0.0977834 0.0791423 0.0952893 0.111991 0.108314 0.04198
loop 10
0.0404004 0.0388296 0.070065 0.0571776 0.0688565 0.07892 0.0766399 0.0322263
0.0404004 0.0388296 0.070065 0.0571776 0.0688565 0.07892 0.0766399 0.0322263
0.0404004 0.0388296 0.070065 0.0571776 0.0688565 0.07892 0.0766399 0.0322263
0.0441037 0.0426104 0.0771196 0.064469 0.07592 0.0873499 0.0851122 0.0350437
0.110567 0.10634 0.182963 0.154895 0.182834 0.209597 0.204031 0.0883378
0.0359636 0.0342162 0.0621916 0.051414 0.060913 0.0700697 0.0676388 0.0282424
0.0354924 0.0340807 0.0624267 0.052025 0.0613798 0.0705606 0.0684657 0.028065
0.0543984 0.0507444 0.0976482 0.0790401 0.0966509 0.11185 0.108178 0.041923
loop 11
0.0415475 0.038664 0.0714321 0.0584388 0.0701835 0.0803125 0.0780258 0.0320694
0.0415475 0.038664 0.0714321 0.0584388 0.0701835 0.0803125 0.0780258 0.0320694
0.0415475 0.038664 0.0714321 0.0584388 0.0701835 0.0803125 0.0780258 0.0320694
0.0444181 0.0416289 0.07608 0.0634466 0.0748796 0.0878823 0.0840586 0.034082
0.0542191 0.050569 0.0893836 0.0751746 0.089528 0.101941 0.0991917 0.0424166
0.0359608 0.0342136 0.0621916 0.051414 0.0609191 0.0700771 0.0676388 0.0282366
0.0355104 0.0340975 0.062451 0.0520437 0.0614036 0.0705894 0.0684933 0.0280825
0.0517226 0.0492608 0.0939062 0.0766087 0.0914094 0.106592 0.102932 0.0402923
loop 12
0.0405465 0.0376783 0.070302 0.0573696 0.0690801 0.07918 0.0768896 0.0311106
0.0405465 0.0376783 0.070302 0.0573696 0.0690801 0.07918 0.0768896 0.0311106
0.0405465 0.0376783 0.070302 0.0573696 0.0690801 0.07918 0.0768896 0.0311106
0.0432201 0.0417261 0.07622 0.0621415 0.0750267 0.086458 0.0842188 0.0341667
0.0471084 0.0450766 0.0787304 0.0646762 0.0771197 0.0894115 0.0866629 0.0368049
0.0359749 0.0342292 0.0622165 0.0514283 0.0609434 0.0700993 0.067667 0.0282462
0.035478 0.0340639 0.0624024 0.0520063 0.0613561 0.0705414 0.068438 0.0280525
0.051075 0.04864 0.0928438 0.0757057 0.0918408 0.105427 0.103337 0.0397686
loop 13
0.0404735 0.038898 0.0701835 0.0572736 0.0689642 0.07904 0.0767648 0.0310533
0.0404735 0.038898 0.0701835 0.0572736 0.0689642 0.07904 0.0767648 0.0310533
0.0404735 0.038898 0.0701835 0.0572736 0.0689642 0.07904 0.0767648 0.0310533
0.0434266 0.0406446 0.0750463 0.0624291 0.0738548 0.0852522 0.0830116 0.0343298
0.0416755 0.039665 0.071456 0.0592361 0.0717184 0.0821329 0.0793813 0.0329062
0.0359833 0.0342344 0.062229 0.0514426 0.0609495 0.0701141 0.0676812 0.0282559
0.0354888 0.0340773 0.0624105 0.0520187 0.0613719 0.070551 0.0684564 0.0280625
0.0516399 0.049184 0.09375 0.0764899 0.0927634 0.106444 0.104324 0.0402257
loop 14
0.0402428 0.0386712 0.069828 0.0583995 0.0701242 0.0802309 0.0779376 0.0320911
0.0402428 0.0386712 0.069828 0.0583995 0.0701242 0.0802309 0.0779376 0.0320911
0.0402428 0.0386712 0.069828 0.0583995 0.0701242 0.0802309 0.0779376 0.0320911
0.0440066 0.0425146 0.0769869 0.0643502 0.0773134 0.0887974 0.0865412 0.0349592
0.045673 0.0436594 0.0789301 0.064845 0.0773292 0.0896324 0.086883 0.0369442
0.0359805 0.0342318 0.0622165 0.0514331 0.0609434 0.0701067 0.067667 0.0282482
0.0355356 0.0341211 0.0624834 0.050771 0.0614432 0.0706278 0.0685302 0.0281
0.0485686 0.044843 0.0854994 0.069683 0.0844945 0.0981611 0.0945163 0.0369459
loop 15
0.0406349 0.0377619 0.068931 0.0574976 0.0692292 0.07934 0.0770529 0.0311808
0.0406349 0.0377619 0.068931 0.0574976 0.0692292 0.07934 0.0770529 0.0311808
0.0406349 0.0377619 0.068931 0.0574976 0.0692292 0.07934 0.0770529 0.0311808
0.045139 0.0423534 0.0782485 0.0641284 0.0770482 0.0884894 0.0862442 0.0348195
0.0576652 0.0540057 0.09654 0.0803827 0.0947659 0.109198 0.10643 0.0458749
0.0359692 0.0342188 0.0622228 0.0514331 0.0609434 0.0701067 0.0676741 0.0282385
0.0355068 0.0340908 0.0624429 0.0520437 0.0614036 0.0705894 0.0684841 0.028075
0.045945 0.0434419 0.082858 0.068411 0.0818496 0.0939813 0.0918723 0.0355109
loop 16
0.03945 0.0378733 0.0691215 0.0576512 0.0678942 0.077967 0.075686 0.0312744
0.03945 0.0378733 0.0691215 0.0576512 0.0678942 0.077967 0.075686 0.0312744
0.03945 0.0378733 0.0691215 0.0576512 0.0678942 0.077967 0.075686 0.0312744
0.0443118 0.0415191 0.07597 0.0633382 0.07629 0.0877613 0.0839441 0.0339786
0.0665711 0.0646277 0.112597 0.09448 0.112686 0.129281 0.124463 0.0533958
0.0366862 0.0349438 0.06437 0.0535707 0.0630848 0.0722593 0.0698182 0.0290041
0.0354744 0.0340605 0.0623943 0.052 0.0613481 0.0705318 0.0684288 0.0280475
0.0459821 0.0446194 0.0816947 0.066703 0.0806353 0.0932351 0.0910433 0.0362052
loop 17
0.0403697 0.0387972 0.0700227 0.0571328 0.0687985 0.07886 0.0765823 0.0322019
0.0403697 0.0387972 0.0700227 0.0571328 0.0687985 0.07886 0.0765823 0.0322019
0.0403697 0.0387972 0.0700227 0.0571328 0.0687985 0.07886 0.0765823 0.0322019
0.0449676 0.0421835 0.07803 0.0653751 0.0768237 0.0898527 0.0860066 0.0346701
0.0457403 0.0437378 0.0771486 0.0649069 0.077387 0.0877874 0.0850459 0.0370282
0.0359664 0.0342162 0.0622103 0.0514236 0.0609252 0.0700993 0.06766 0.0282404
0.0354996 0.0340874 0.0624348 0.0520312 0.0613877 0.0705702 0.0684749 0.02807
0.0509952 0.0484087 0.0904642 0.0741251 0.0894165 0.10354 0.101355 0.0402364
loop 18
0.0409799 0.039424 0.0719339 0.0590502 0.0707229 0.0823577 0.0800676 0.0328737
0.0409799 0.039424 0.0719339 0.0590502 0.0707229 0.0823577 0.0800676 0.0328737
0.0409799 0.039424 0.0719339 0.0590502 0.0707229 0.0823577 0.0800676 0.0328737
0.0439742 0.0424797 0.0769869 0.0643423 0.0773032 0.0887851 0.0849606 0.0349203
0.04691 0.0448882 0.0784124 0.0661583 0.0786491 0.0890492 0.0863074 0.0366537
0.0359692 0.0342188 0.0622228 0.0514283 0.0609373 0.0701067 0.0676741 0.0282385
0.0354996 0.0340874 0.0624348 0.0520312 0.0613877 0.0705702 0.0684749 0.02807
0.0461172 0.043512 0.0813254 0.0665684 0.0802833 0.0927121 0.0905527 0.0364658
loop 19
0.0411268 0.039558 0.0707229 0.059299 0.0710169 0.0811096 0.07883 0.0329749
0.0411268 0.039558 0.0707229 0.059299 0.0710169 0.0811096 0.07883 0.0329749
0.0411268 0.039558 0.0707229 0.059299 0.0710169 0.0811096 0.07883 0.0329749
0.043238 0.0417388 0.07635 0.0622172 0.0751345 0.0866006 0.0827756 0.0341542
0.0470318 0.0434493 0.0785011 0.0645412 0.076939 0.0891552 0.0864174 0.0367785
0.0359749 0.0342292 0.0622228 0.0514378 0.0609495 0.0701067 0.0676741 0.0282482
0.0354924 0.0340773 0.0624186 0.0520187 0.0613719 0.070551 0.0684564 0.028065
0.0512677 0.0487511 0.0913306 0.0752475 0.0902736 0.104161 0.102025 0.0395885
loop 20
0.0413609 0.0384948 0.0710256 0.0581305 0.0698026 0.0798738 0.0775945 0.0319478
0.0413609 0.0384948 0.0710256 0.0581305 0.0698026 0.0798738 0.0775945 0.0319478
0.0413609 0.0384948 0.0710256 0.0581305 0.0698026 0.0798738 0.0775945 0.0319478
0.0433278 0.0418275 0.07642 0.0623004 0.0752227 0.0866838 0.0844364 0.0342483
0.0418154 0.0398056 0.071616 0.0593831 0.0700989 0.0804509 0.0777193 0.0330338
0.0359692 0.0342214 0.0622103 0.0514283 0.0609313 0.0700919 0.06766 0.0282424
0.035496 0.034084 0.0624267 0.0520312 0.0613877 0.0705702 0.0684749 0.0280675
0.050272 0.047764 0.0902016 0.0741762 0.0891577 0.103 0.0993198 0.0386334
loop 21
0.0414403 0.0385704 0.071164 0.058242 0.069938 0.0800166 0.0777317 0.0320072
0.0414403 0.0385704 0.071164 0.058242 0.069938 0.0800166 0.0777317 0.0320072
0.0414403 0.0385704 0.071164 0.058242 0.069938 0.0800166 0.0777317 0.0320072
0.04522 0.0424187 0.0784878 0.0642948 0.0772624 0.0887482 0.0865056 0.0348618
0.0469448 0.0449304 0.0784642 0.066193 0.0786934 0.0891111 0.0863667 0.0366897
0.0359636 0.0342136 0.0622103 0.0514188 0.0609313 0.0700993 0.06766 0.0282346
0.0355176 0.0341042 0.0624672 0.0520624 0.0614194 0.0706086 0.0685117 0.0280875
0.054202 0.0517143 0.0984842 0.0794212 0.0974353 0.113014 0.109254 0.0426166
loop 22
0.0403774 0.0388008 0.0700481 0.057152 0.0688234 0.07889 0.0766111 0.0322019
0.0403774 0.0388008 0.0700481 0.057152 0.0688234 0.07889 0.0766111 0.0322019
0.0403774 0.0388008 0.0700481 0.057152 0.0688234 0.07889 0.0766111 0.0322019
0.043467 0.0406733 0.0751737 0.0625199 0.07397 0.0854038 0.0831576 0.0343423
0.0416434 0.0396379 0.0713024 0.0591332 0.0715776 0.0819548 0.0792112 0.0328981
0.0359721 0.0342266 0.062204 0.0514236 0.0609313 0.0700919 0.06766 0.0282424
0.035478 0.0340672 0.0624024 0.0520063 0.061364 0.0705414 0.0684472 0.028055
0.0507904 0.048268 0.09108 0.0749149 0.0900356 0.103996 0.101843 0.0402439
loop 23
0.0414562 0.0398817 0.0711986 0.0597158 0.0699804 0.081661 0.07936 0.0320154
0.0414562 0.0398817 0.0711986 0.0597158 0.0699804 0.081661 0.07936 0.0320154
0.0414562 0.0398817 0.0711986 0.0597158 0.0699804 0.081661 0.07936 0.0320154
0.04415 0.0413712 0.0772318 0.0631213 0.07603 0.0874709 0.0852288 0.0350762
0.0470736 0.0434838 0.0786565 0.0646313 0.0770691 0.089332 0.0865783 0.0367905
0.0359608 0.0342136 0.0621916 0.0514093 0.060913 0.0700771 0.0676388 0.0282346
0.0354744 0.0340605 0.0623862 0.0519938 0.0613481 0.0705222 0.0684288 0.02805
0.0545159 0.0507931 0.0969441 0.0795415 0.095903 0.111269 0.107584 0.0418403
loop 24
0.040239 0.0386712 0.071337 0.0583995 0.0701242 0.0802105 0.0779278 0.0320884
0.040239 0.0386712 0.071337 0.0583995 0.0701242 0.0802105 0.0779278 0.0320884
0.040239 0.0386712 0.071337 0.0583995 0.0701242 0.0802105 0.0779278 0.0320884
0.0467754 0.0439835 0.0813865 0.0671957 0.0801574 0.0916608 0.0894136 0.036467
0.0449564 0.0413985 0.0745941 0.0624665 0.0748765 0.0852115 0.0824735 0.0347211
0.0359552 0.0342084 0.0621916 0.0514093 0.060913 0.0700771 0.0692661 0.0282327
0.0355176 0.0341042 0.0624591 0.0520562 0.0614194 0.0706086 0.0685025 0.0280875
0.0520484 0.0495177 0.092619 0.0749149 0.0915552 0.105607 0.10186 0.0402349
loop 25
0.0403658 0.0387936 0.0700057 0.0585635 0.0687903 0.07884 0.0765631 0.0321965
0.0403658 0.0387936 0.0700057 0.0585635 0.0687903 0.07884 0.0765631 0.0321965
0.0403658 0.0387936 0.0700057 0.0585635 0.0687903 0.07884 0.0765631 0.0321965
0.0450724 0.042288 0.0781757 0.0640492 0.0769665 0.0884155 0.0861729 0.0347578
0.0490577 0.0470283 0.0823784 0.0682746 0.0825923 0.0930456 0.0903041 0.0387835
0.0359692 0.0342214 0.0621978 0.0514188 0.0609191 0.0700845 0.0676529 0.0282482
0.0354996 0.0340874 0.0624348 0.0520375 0.0613957 0.0705798 0.0684841 0.0280725
0.0537901 0.050067 0.0962901 0.07744 0.0937344 0.109046 0.105377 0.0410914
loop 26
0.040289 0.038718 0.0698788 0.0584519 0.0686661 0.0802921 0.0779964 0.0321316
0.040289 0.038718 0.0698788 0.0584519 0.0686661 0.0802921 0.0779964 0.0321316
0.040289 0.038718 0.0698788 0.0584519 0.0686661 0.0802921 0.0779964 0.0321316
0.0432111 0.0417092 0.07629 0.0621642 0.0750757 0.0865293 0.0842761 0.0341385
0.0416055 0.0395974 0.0712448 0.059094 0.07152 0.0818928 0.079152 0.0328637
0.036017 0.0342682 0.0622914 0.0514902 0.0610104 0.0701806 0.0677447 0.028285
0.0354744 0.0340605 0.0623943 0.052 0.0613481 0.0705222 0.0684288 0.0280475
0.050627 0.0480679 0.0898516 0.0735946 0.0888005 0.102841 0.099098 0.0387432
loop 27
0.0413292 0.0384624 0.0710429 0.0581305 0.0698111 0.079884 0.0776141 0.0319045
0.0413292 0.0384624 0.0710429 0.0581305 0.0698111 0.079884 0.0776141 0.0319045
0.0413292 0.0384624 0.0710429 0.0581305 0.0698111 0.079884 0.0776141 0.0319045
0.0441638 0.042654 0.077395 0.0632143 0.07617 0.0876524 0.0854038 0.0350502
0.0456562 0.04365 0.0788192 0.0647887 0.0772425 0.0876144 0.0848802 0.036949
0.0366833 0.0349384 0.0643831 0.0535808 0.063104 0.0722748 0.069833 0.028996
0.035514 0.0341009 0.0624591 0.0520499 0.0614115 0.070599 0.0685025 0.0280825
0.0502704 0.0477959 0.08972 0.0738879 0.0886896 0.102349 0.100251 0.0387894
loop 28
0.039331 0.0377584 0.0689228 0.0574848 0.0677079 0.07933 0.075479 0.0311782
0.039331 0.0377584 0.0689228 0.0574848 0.0677079 0.07933 0.075479 0.0311782
0.039331 0.0377584 0.0689228 0.0574848 0.0677079 0.07933 0.075479 0.0311782
0.0452962 0.0424928 0.0770176 0.064366 0.0773338 0.0888344 0.0865768 0.0349332
0.0501873 0.04815 0.0836325 0.0694998 0.083835 0.096236 0.093469 0.0398921
0.036017 0.0342708 0.0622789 0.0514855 0.0610043 0.0701659 0.0677305 0.0282869
0.0355068 0.0340941 0.062451 0.0520437 0.0614036 0.0705894 0.0684933 0.0280775
0.0484837 0.045904 0.0865404 0.0702242 0.0854757 0.0979912 0.0958232 0.0377055
loop 29
0.0403812 0.0388116 0.0700481 0.057152 0.0688234 0.07889 0.0766111 0.0322073
0.0403812 0.0388116 0.0700481 0.057152 0.0688234 0.07889 0.0766111 0.0322073
0.0403812 0.0388116 0.0700481 0.057152 0.0688234 0.07889 0.0766111 0.0322073
0.045101 0.0423055 0.0783005 0.0641363 0.0770686 0.088551 0.0863036 0.0347643
0.0470213 0.0449954 0.0785825 0.0662854 0.0788044 0.0892436 0.0865021 0.0367377
0.0360226 0.034276 0.0622852 0.051495 0.0610104 0.0701806 0.0677447 0.0282888
0.0354744 0.0340639 0.0623943 0.052 0.0613481 0.0705318 0.068438 0.02805
0.0461981 0.0436856 0.083356 0.0674201 0.0823012 0.0945411 0.0909072 0.0357069
loop 30
0.0401775 0.03861 0.069718 0.0583142 0.0700142 0.0801085 0.0778297 0.0320343
0.0401775 0.03861 0.069718 0.0583142 0.0700142 0.0801085 0.0778297 0.0320343
0.0401775 0.03861 0.069718 0.0583142 0.0700142 0.0801085 0.0778297 0.0320343
0.044284 0.0414979 0.0774256 0.063284 0.07622 0.0876766 0.0854271 0.033966
0.0488679 0.0468438 0.0822121 0.0681165 0.0823942 0.0928668 0.0901237 0.038617
0.0360114 0.034263 0.0622665 0.0514759 0.0609921 0.0701585 0.0677235 0.0282733
0.0355068 0.0340941 0.0624429 0.0520437 0.0613957 0.0705798 0.0684841 0.0280775
0.0428728 0.0402712 0.0753239 0.0620217 0.0742638 0.0866377 0.0829697 0.0331918
loop 31
0.0413609 0.0384984 0.0710342 0.058137 0.0698195 0.0798738 0.0776043 0.0319451
0.0413609 0.0384984 0.0710342 0.058137 0.0698195 0.0798738 0.0776043 0.0319451
0.0413609 0.0384984 0.0710342 0.058137 0.0698195 0.0798738 0.0776043 0.0319451
0.0448867 0.0433907 0.0794826 0.065286 0.0782485 0.0897523 0.0875072 0.0358199
0.0476676 0.0456562 0.0808086 0.068518 0.0810255 0.0914412 0.0887046 0.0374625
0.0360086 0.034263 0.0622665 0.0514759 0.0609921 0.0701585 0.0677235 0.0282753
0.0355284 0.0341143 0.0624753 0.0520687 0.0614274 0.0706182 0.068521 0.028095
0.0463419 0.0436552 0.0813936 0.0676006 0.0803171 0.0931559 0.09092 0.0363277

work load: mesa.mips mesa.mips mesa.mips vpr.mips vortex.mips mcf.mips wupwise.mips crafty.mips
