loop 0
	0.244593	0.274834	0.223842	0.274281	1.58698	0.23511	0.199602	0.193279
	0.251181	0.281799	0.23042	0.282973	1.55463	0.243358	0.205589	0.196133
	0.102506	0.117133	0.0974133	0.126123	1.32816	0.103871	0.0897473	0.0861695
	0.15382	0.171168	0.144087	0.172732	0.843366	0.150425	0.439248	0.139152
	0.202572	0.235297	0.183412	0.220183	1.54798	0.19133	0.1629	0.156578
	0.613099	0.521788	0.444506	0.527206	2.00863	0.45641	0.391737	0.381246
	0.19902	0.214773	0.171553	0.215904	1.43859	0.1849	0.155331	0.148326
	0.0700656	0.0855716	0.0779989	0.102626	0.998295	0.0812936	0.255156	0.068099
loop 1
	0.254648	0.287403	0.231602	0.282171	1.59575	0.243392	0.208209	0.201093
	0.2558	0.291367	0.234874	0.28775	1.55798	0.248461	0.210715	0.19703
	0.095875	0.112788	0.0930118	0.121613	1.32402	0.0990825	0.0847827	0.081585
	0.159994	0.176709	0.148286	0.178531	0.779507	0.157511	0.470895	0.136821
	0.199919	0.231988	0.180381	0.221194	1.54944	0.187787	0.163776	0.153721
	0.515719	0.465385	0.397487	0.46131	2.06238	0.403048	0.341424	0.340789
	0.189407	0.209526	0.166722	0.21083	1.42963	0.17965	0.15397	0.146957
	0.0729403	0.08867	0.0776324	0.102202	0.997665	0.0809129	0.258633	0.0677678
loop 2
	0.240973	0.272255	0.224674	0.270996	1.58135	0.23656	0.200848	0.19417
	0.261638	0.293469	0.237069	0.28988	1.55849	0.250658	0.21318	0.203235
	0.0917706	0.111473	0.0916875	0.116655	1.32009	0.097805	0.0832712	0.079989
	0.162217	0.175144	0.146992	0.177364	0.795998	0.155951	0.458331	0.138568
	0.198835	0.231541	0.180167	0.220986	1.54822	0.192036	0.163513	0.153318
	0.51321	0.468704	0.399465	0.46469	2.06217	0.40102	0.345156	0.343529
	0.191541	0.20963	0.166624	0.21098	1.4335	0.179847	0.154124	0.146982
	0.070136	0.0856509	0.0746464	0.102701	0.997665	0.0778001	0.258839	0.0681629
loop 3
	0.240824	0.27208	0.224591	0.270818	1.5816	0.23642	0.200732	0.194447
	0.259501	0.291301	0.234987	0.288109	1.55952	0.248619	0.210696	0.20105
	0.0939343	0.114104	0.0905175	0.11893	1.32445	0.096415	0.0820748	0.0824708
	0.155722	0.168147	0.143878	0.174017	0.786442	0.152804	0.455396	0.132163
	0.201859	0.234533	0.183079	0.223894	1.55353	0.190533	0.162216	0.156286
	0.432045	0.414785	0.355771	0.405337	1.99495	0.356628	0.304129	0.304629
	0.20966	0.2248	0.177719	0.226203	1.45217	0.19143	0.162254	0.154906
	0.0701984	0.0856581	0.0746599	0.102726	0.997665	0.0778136	0.258874	0.0681646
loop 4
	0.245155	0.271865	0.224383	0.275437	1.5816	0.23623	0.200562	0.194274
	0.268323	0.298647	0.242123	0.299538	1.56774	0.255993	0.21852	0.204532
	0.102812	0.117383	0.0977785	0.122493	1.33318	0.104141	0.0861953	0.0863568
	0.19234	0.196219	0.168096	0.201384	0.871829	0.176021	0.475558	0.159957
	0.198959	0.231135	0.183836	0.220255	1.54798	0.191535	0.163086	0.157156
	0.379076	0.370408	0.31313	0.360645	1.94857	0.315088	0.271438	0.273129
	0.199471	0.214957	0.171806	0.216611	1.44344	0.185526	0.155866	0.148499
	0.0699296	0.0854492	0.0778977	0.1025	0.997665	0.0811903	0.258874	0.0679965
loop 5
	0.240824	0.272026	0.22457	0.270792	1.5816	0.2364	0.200717	0.194265
	0.256203	0.284838	0.229017	0.28564	1.55285	0.241713	0.208438	0.195307
	0.0966975	0.112805	0.0931002	0.12171	1.32533	0.0992412	0.0849285	0.0815806
	0.161474	0.175449	0.145716	0.177473	0.82143	0.155756	0.454772	0.139429
	0.212307	0.242653	0.191055	0.227307	1.55787	0.198951	0.170915	0.160314
	0.438082	0.414353	0.355345	0.410575	2.00114	0.356032	0.30359	0.308312
	0.194878	0.217159	0.174433	0.218683	1.44103	0.187742	0.158272	0.150549
	0.0699424	0.0854204	0.0778572	0.102463	0.997665	0.0811458	0.258651	0.0679729
loop 6
	0.240729	0.271905	0.224279	0.275489	1.58135	0.2363	0.200624	0.19372
	0.25395	0.285725	0.230106	0.282837	1.55336	0.243171	0.2054	0.195826
	0.0936246	0.113575	0.0937582	0.118465	1.32467	0.0999434	0.0855319	0.0822698
	0.166728	0.179634	0.151435	0.181506	0.784176	0.160631	0.472044	0.139796
	0.201534	0.234565	0.183117	0.223958	1.55451	0.190583	0.162259	0.156365
	0.425745	0.388391	0.333952	0.382925	1.98906	0.332827	0.284788	0.28689
	0.214853	0.232202	0.185599	0.233818	1.45901	0.199254	0.170325	0.162313
	0.0699744	0.0854396	0.0778936	0.1025	0.997665	0.0811863	0.258702	0.0679931
loop 7
	0.244517	0.276039	0.223904	0.274878	1.5811	0.23575	0.200144	0.193409
	0.252992	0.288637	0.232768	0.285655	1.55824	0.246079	0.208401	0.198637
	0.0938167	0.113905	0.0938883	0.11875	1.32576	0.09627	0.0857203	0.0823736
	0.152857	0.16808	0.139726	0.170285	0.80144	0.148387	0.440422	0.130889
	0.202888	0.231375	0.184002	0.220733	1.54847	0.19181	0.163316	0.157052
	0.25925	0.261481	0.231194	0.254965	1.81714	0.220571	0.188248	0.201994
	0.198153	0.219832	0.177031	0.221577	1.44054	0.186551	0.161261	0.153294
	0.0703488	0.0857085	0.0747006	0.102773	0.99798	0.0778562	0.255173	0.0681881
loop 8
	0.244918	0.276271	0.224092	0.275112	1.5811	0.23596	0.20033	0.193617
	0.253222	0.288784	0.232596	0.285671	1.56414	0.246127	0.208429	0.198549
	0.105445	0.119971	0.096638	0.125162	1.33472	0.102972	0.0889675	0.0854444
	0.195923	0.197101	0.167488	0.202924	0.830064	0.178435	0.487802	0.158682
	0.201447	0.234013	0.18261	0.223036	1.55378	0.194425	0.166061	0.156115
	0.403091	0.37902	0.325998	0.36879	1.95864	0.323827	0.275346	0.282859
	0.195064	0.211798	0.17183	0.217319	1.44006	0.182232	0.156639	0.148627
	0.0699456	0.0854204	0.0778633	0.102456	0.997665	0.0811519	0.258633	0.067978
loop 9
	0.240909	0.272175	0.224633	0.27092	1.58135	0.2365	0.200802	0.193971
	0.259316	0.291101	0.234811	0.287828	1.55798	0.248437	0.210865	0.20094
	0.0946978	0.110874	0.0910175	0.115712	1.31879	0.09709	0.0826517	0.0795362
	0.159828	0.173538	0.14635	0.178978	0.844627	0.157127	0.448226	0.141611
	0.202128	0.235064	0.183457	0.21984	1.55402	0.191055	0.162665	0.15662
	0.419527	0.395771	0.34183	0.39109	1.98019	0.335777	0.288	0.293587
	0.199821	0.214005	0.173542	0.219394	1.44467	0.18452	0.159021	0.150555
	0.0699344	0.0853892	0.0778491	0.102441	0.997507	0.0811397	0.258651	0.067946
loop 10
	0.241344	0.272457	0.224862	0.271226	1.58135	0.232068	0.201034	0.194343
	0.25684	0.284451	0.232818	0.285947	1.55875	0.24176	0.208512	0.194808
	0.0945634	0.111264	0.091385	0.11607	1.31814	0.097355	0.0828744	0.0798155
	0.167078	0.180559	0.151649	0.182655	0.800698	0.16156	0.464949	0.143154
	0.203285	0.231447	0.184176	0.220607	1.55451	0.191789	0.163305	0.15732
	0.401618	0.381217	0.328774	0.376404	1.96754	0.326406	0.278144	0.280692
	0.199158	0.216983	0.177015	0.222399	1.451	0.187442	0.157978	0.153946
	0.070288	0.0856365	0.0746347	0.102695	0.998138	0.0777904	0.255089	0.0681528
loop 11
	0.244701	0.276025	0.223946	0.274839	1.58086	0.23571	0.20012	0.193841
	0.266366	0.296834	0.23689	0.294016	1.56903	0.250104	0.212911	0.203061
	0.0943305	0.110729	0.0910525	0.115792	1.31901	0.0970675	0.0826285	0.0795193
	0.157084	0.172824	0.144586	0.174824	0.779507	0.153379	0.458543	0.136319
	0.203285	0.231458	0.184252	0.220752	1.55427	0.191909	0.163404	0.157277
	0.394578	0.382043	0.324505	0.371828	1.95132	0.321897	0.279042	0.28232
	0.19809	0.214925	0.174976	0.216507	1.44103	0.185779	0.156103	0.151749
	0.0728243	0.08854	0.0775069	0.102055	0.997507	0.0807813	0.258582	0.0676821
loop 12
	0.254334	0.28309	0.23126	0.281925	1.59625	0.243296	0.208118	0.201259
	0.261221	0.292928	0.236648	0.290007	1.559	0.250375	0.212911	0.203122
	0.09616	0.113028	0.093186	0.121788	1.32402	0.0992568	0.0849325	0.0816999
	0.160279	0.173825	0.145694	0.18009	0.802443	0.154719	0.450073	0.13762
	0.212618	0.243102	0.191217	0.22773	1.55787	0.199383	0.171289	0.160442
	0.284215	0.299326	0.253244	0.288967	1.83854	0.251384	0.215474	0.219407
	0.185296	0.207611	0.167752	0.209516	1.43278	0.178325	0.152411	0.144209
	0.0700656	0.0855572	0.0779969	0.102632	0.997823	0.0812936	0.258857	0.0680839
loop 13
	0.241418	0.272484	0.224799	0.271316	1.58185	0.232146	0.201112	0.194447
	0.2708	0.305535	0.250097	0.305984	1.55664	0.263075	0.226552	0.212585
	0.102194	0.120463	0.0970678	0.125647	1.33384	0.10336	0.0893055	0.0857037
	0.192442	0.197316	0.165837	0.202549	0.854149	0.177472	0.481237	0.158571
	0.204331	0.237638	0.185717	0.222216	1.55329	0.193659	0.165386	0.159033
	0.278945	0.291881	0.250588	0.287146	1.83587	0.249281	0.213104	0.221227
	0.208007	0.222786	0.178447	0.224678	1.45513	0.189916	0.160525	0.155505
	0.070112	0.0856173	0.0746212	0.102695	0.997665	0.077773	0.258874	0.0681477
loop 14
	0.241822	0.272713	0.225122	0.271546	1.58209	0.232362	0.201298	0.194421
	0.267739	0.302644	0.247276	0.302446	1.55355	0.259903	0.223341	0.209817
	0.0913997	0.111846	0.0882824	0.116659	1.3164	0.0940664	0.0833796	0.0803297
	0.165988	0.176207	0.150086	0.182476	0.841085	0.156401	0.452871	0.142631
	0.202152	0.235265	0.183223	0.219867	1.55353	0.191076	0.162686	0.156438
	0.507547	0.457754	0.393418	0.453623	2.05932	0.395288	0.339041	0.336361
	0.200568	0.214611	0.174571	0.215997	1.45002	0.18528	0.155671	0.151572
	0.0698496	0.0854564	0.0778977	0.102494	0.997665	0.0811903	0.258874	0.0680082
loop 15
	0.240973	0.272201	0.224643	0.271009	1.58185	0.231872	0.200864	0.194014
	0.266907	0.296715	0.245362	0.300987	1.54949	0.258245	0.217047	0.207451
	0.0910564	0.108491	0.0883568	0.116749	1.31662	0.0940904	0.0796512	0.0804905
	0.157887	0.174276	0.14587	0.175959	0.771805	0.154856	0.466136	0.1382
	0.202144	0.234915	0.182776	0.219569	1.55402	0.190837	0.162478	0.156109
	0.617082	0.540546	0.459374	0.535982	2.15961	0.46871	0.398216	0.39292
	0.197638	0.214979	0.174798	0.216008	1.44491	0.185177	0.155604	0.151782
	0.0698944	0.0854444	0.0778876	0.102491	0.997665	0.0811782	0.258685	0.0679847
loop 16
	0.245188	0.271852	0.224341	0.275463	1.58135	0.23625	0.200585	0.193807
	0.266538	0.300691	0.245444	0.300541	1.55129	0.258007	0.221095	0.207678
	0.09621	0.113442	0.0932849	0.11777	1.3164	0.0993504	0.0850135	0.0820599
	0.156696	0.172604	0.144469	0.174925	0.802829	0.153326	0.446485	0.135734
	0.201938	0.235127	0.183442	0.219867	1.55378	0.191126	0.162725	0.156572
	0.62391	0.540995	0.458547	0.540021	2.10929	0.468429	0.399021	0.392073
	0.2093	0.226416	0.18363	0.228087	1.4595	0.193487	0.168526	0.15677
	0.0699344	0.0854348	0.0778835	0.102481	0.997507	0.0811741	0.258668	0.0679965
loop 17
	0.24109	0.272363	0.224778	0.27115	1.58185	0.23198	0.200965	0.194092
	0.269381	0.299506	0.244171	0.303735	1.54949	0.256618	0.219899	0.2106
	0.104267	0.120037	0.0964723	0.124817	1.33186	0.102703	0.0887223	0.0854828
	0.187931	0.190761	0.162706	0.197129	0.813037	0.172705	0.471608	0.151589
	0.204954	0.234088	0.18653	0.223276	1.5528	0.194562	0.166168	0.155726
	0.436016	0.408179	0.348939	0.404061	1.99671	0.349422	0.296704	0.301869
	0.19753	0.21695	0.177321	0.21863	1.44663	0.187847	0.15834	0.153966
	0.0699696	0.0854516	0.0778896	0.102494	0.997823	0.0811802	0.258891	0.0679981
loop 18
	0.241906	0.272874	0.225226	0.271686	1.58209	0.23246	0.201383	0.194637
	0.268114	0.302663	0.247276	0.302446	1.55509	0.259862	0.222948	0.209629
	0.0946306	0.110955	0.0913175	0.11621	1.31944	0.0974125	0.0829266	0.0796251
	0.162254	0.177154	0.148402	0.182035	0.850842	0.15551	0.460886	0.143151
	0.205821	0.234873	0.183041	0.219587	1.55378	0.190766	0.162413	0.156322
	0.430323	0.401128	0.347147	0.396621	1.98696	0.347282	0.29428	0.299704
	0.21161	0.226951	0.183267	0.22827	1.45876	0.193755	0.164691	0.160337
	0.069952	0.0854156	0.0778693	0.102472	0.997823	0.081158	0.258651	0.0679679
loop 19
	0.241928	0.272861	0.225278	0.271686	1.58234	0.23248	0.201398	0.190855
	0.272381	0.30026	0.244924	0.304432	1.55638	0.257464	0.220502	0.207202
	0.0938623	0.113609	0.0937348	0.118512	1.3262	0.0999928	0.0855805	0.0822389
	0.166111	0.175751	0.150553	0.182129	0.8066	0.156411	0.460853	0.141203
	0.213544	0.239298	0.187744	0.228642	1.56368	0.195565	0.167504	0.161178
	0.42444	0.391863	0.333669	0.380975	1.97082	0.331027	0.288595	0.286486
	0.196619	0.214189	0.174693	0.219797	1.44977	0.184734	0.15922	0.151658
	0.0699312	0.0853892	0.0778471	0.102431	0.997507	0.0811357	0.258668	0.0679561
loop 20
	0.242034	0.272968	0.225309	0.271826	1.58234	0.232607	0.201507	0.19088
	0.268963	0.299506	0.244239	0.303247	1.54949	0.256591	0.219753	0.210666
	0.0947339	0.110834	0.091165	0.116004	1.31966	0.0972275	0.0827717	0.0796103
	0.161073	0.174107	0.146028	0.180238	0.788373	0.154905	0.466445	0.13804
	0.200074	0.232373	0.180832	0.217101	1.54895	0.188207	0.159742	0.15397
	0.263402	0.260952	0.230734	0.254505	1.81714	0.220077	0.192932	0.201358
	0.19244	0.215206	0.171814	0.216955	1.43691	0.181914	0.156365	0.148365
	0.0706928	0.0859294	0.0748942	0.103002	0.998138	0.0780595	0.255139	0.0683696
loop 21
	0.242861	0.27352	0.221392	0.272363	1.57672	0.233058	0.197354	0.191117
	0.270756	0.305461	0.250055	0.309454	1.55941	0.262678	0.22228	0.212563
	0.102416	0.117729	0.0943372	0.122816	1.33208	0.100513	0.0864111	0.0830661
	0.164463	0.177504	0.149383	0.179843	0.812329	0.15858	0.449884	0.137153
	0.205141	0.238006	0.186081	0.222815	1.5528	0.19415	0.165808	0.159389
	0.488107	0.441483	0.38092	0.436548	2.05035	0.377435	0.326114	0.328739
	0.197611	0.217523	0.17398	0.21932	1.43981	0.184306	0.158858	0.150778
	0.0731504	0.088725	0.077679	0.102256	0.997507	0.0809615	0.258427	0.0678099
loop 22
	0.242384	0.272942	0.225288	0.27175	1.57622	0.232529	0.201445	0.194516
	0.262815	0.297317	0.241737	0.301484	1.54518	0.254397	0.217985	0.207981
	0.0961225	0.113891	0.09007	0.118274	1.32271	0.099764	0.0853679	0.0823316
	0.190701	0.195356	0.164749	0.200758	0.832756	0.171465	0.484399	0.154753
	0.201273	0.234703	0.18289	0.219515	1.55353	0.190766	0.162413	0.156195
	0.500946	0.455387	0.390604	0.451766	2.05022	0.392916	0.336408	0.333748
	0.20976	0.227355	0.183798	0.228877	1.45488	0.194317	0.165195	0.156975
	0.070272	0.0856293	0.0746173	0.102682	0.997665	0.0777711	0.258736	0.068136
loop 23
	0.255547	0.283781	0.231845	0.282664	1.59161	0.243922	0.208681	0.201204
	0.269093	0.303373	0.247583	0.3033	1.55001	0.260522	0.219826	0.20985
	0.0952405	0.11114	0.0914825	0.116429	1.32053	0.0976825	0.0831648	0.0796928
	0.159297	0.173033	0.146013	0.178899	0.848821	0.15247	0.442871	0.141466
	0.202326	0.235148	0.183245	0.219804	1.55427	0.191034	0.162648	0.156468
	0.435267	0.40541	0.347518	0.400683	1.99877	0.345668	0.298265	0.299853
	0.22574	0.238944	0.19555	0.240895	1.47338	0.206813	0.174043	0.165404
	0.0700416	0.0855236	0.0779706	0.102597	0.997823	0.0812653	0.258908	0.0680603
loop 24
	0.238897	0.269208	0.221576	0.272759	1.58283	0.23343	0.197672	0.191041
	0.271107	0.305924	0.246204	0.305542	1.5538	0.263116	0.222651	0.212754
	0.0973975	0.113672	0.09042	0.118915	1.32554	0.09635	0.0857911	0.082314
	0.161589	0.173945	0.149467	0.180048	0.783984	0.154664	0.464854	0.1375
	0.205448	0.233812	0.182542	0.223285	1.55305	0.194483	0.166101	0.155799
	0.341086	0.346033	0.295467	0.337358	1.89897	0.296627	0.252077	0.256927
	0.197711	0.220248	0.177445	0.221609	1.44589	0.186697	0.161376	0.153852
	0.0697792	0.0854036	0.0778552	0.102469	0.997823	0.0811458	0.258891	0.0679611

work load: mcf mesa parser swim twolf vortex vpr wupwise
