loop 0
0.0401813	0.0386136	0.0712505	0.0583142
0.137581	0.133416	0.22562	0.188976
0.0487637	0.0467533	0.0837216	0.0696059
0.0487637	0.0467533	0.0837216	0.0696059
loop 1
0.0401467	0.0385812	0.0696672	0.0582617
0.142906	0.138656	0.232195	0.197318
0.0457336	0.0437503	0.0788044	0.0648056
0.0457336	0.0437503	0.0788044	0.0648056
loop 2
0.0414403	0.0385668	0.0711553	0.0582354
0.103676	0.099741	0.169622	0.144178
0.0497683	0.0477612	0.0845739	0.0705088
0.0497683	0.0477612	0.0845739	0.0705088
loop 3
0.0414761	0.0385992	0.0712764	0.0583207
0.111012	0.106902	0.18111	0.152679
0.0498413	0.0478476	0.084607	0.0705792
0.0498413	0.0478476	0.084607	0.0705792
loop 4
0.0403428	0.038772	0.0699634	0.0585241
0.114973	0.108948	0.185287	0.156773
0.0597459	0.0577176	0.10069	0.0843917
0.0597459	0.0577176	0.10069	0.0843917
loop 5
0.0405196	0.037654	0.0687406	0.0573376
0.116705	0.112792	0.191578	0.161428
0.0698944	0.0661795	0.116525	0.0981513
0.0698944	0.0661795	0.116525	0.0981513
loop 6
0.0417499	0.0388548	0.0717002	0.0586816
0.1017	0.0977516	0.168052	0.140392
0.0796486	0.0758591	0.133156	0.112294
0.0796486	0.0758591	0.133156	0.112294
loop 7
0.0414086	0.038538	0.0711121	0.0582026
0.104542	0.100537	0.171155	0.143381
0.0801427	0.0763032	0.131969	0.110988
0.0801427	0.0763032	0.131969	0.110988
loop 8
0.0405119	0.0389376	0.070302	0.057376
0.107542	0.103509	0.177093	0.148871
0.0455587	0.0435935	0.0783088	0.06444
0.0455587	0.0435935	0.0783088	0.06444
loop 9
0.0403928	0.0388188	0.070065	0.0571648
0.111963	0.107942	0.183592	0.155304
0.0523551	0.0487339	0.0875019	0.073305
0.0523551	0.0487339	0.0875019	0.073305
loop 10
0.0404004	0.0388296	0.070065	0.0571776
0.107487	0.103697	0.178411	0.149109
0.110567	0.10634	0.182963	0.154895
0.110567	0.10634	0.182963	0.154895
loop 11
0.0415475	0.038664	0.0714321	0.0584388
0.105459	0.101507	0.171606	0.146066
0.0542191	0.050569	0.0893836	0.0751746
0.0542191	0.050569	0.0893836	0.0751746
loop 12
0.0405465	0.0376783	0.070302	0.0573696
0.111784	0.107763	0.181215	0.153041
0.0471084	0.0450766	0.0787304	0.0646762
0.0471084	0.0450766	0.0787304	0.0646762
loop 13
0.0404735	0.038898	0.0701835	0.0572736
0.125616	0.121594	0.206548	0.173377
0.0416755	0.039665	0.071456	0.0592361
0.0416755	0.039665	0.071456	0.0592361
loop 14
0.0402428	0.0386712	0.069828	0.0583995
0.128626	0.122626	0.209822	0.176574
0.045673	0.0436594	0.0789301	0.064845
0.045673	0.0436594	0.0789301	0.064845
loop 15
0.0406349	0.0377619	0.068931	0.0574976
0.12747	0.121469	0.208747	0.175462
0.0576652	0.0540057	0.09654	0.0803827
0.0576652	0.0540057	0.09654	0.0803827
loop 16
0.03945	0.0378733	0.0691215	0.0576512
0.105038	0.10112	0.173225	0.145569
0.0665711	0.0646277	0.112597	0.09448
0.0665711	0.0646277	0.112597	0.09448
loop 17
0.0403697	0.0387972	0.0700227	0.0571328
0.126818	0.122903	0.210867	0.175887
0.0457403	0.0437378	0.0771486	0.0649069
0.0457403	0.0437378	0.0771486	0.0649069
loop 18
0.0409799	0.039424	0.0719339	0.0590502
0.149107	0.142682	0.239884	0.204424
0.04691	0.0448882	0.0784124	0.0661583
0.04691	0.0448882	0.0784124	0.0661583
loop 19
0.0411268	0.039558	0.0707229	0.059299
0.154131	0.147588	0.245786	0.209967
0.0470318	0.0434493	0.0785011	0.0645412
0.0470318	0.0434493	0.0785011	0.0645412
loop 20
0.0413609	0.0384948	0.0710256	0.0581305
0.135676	0.131078	0.213065	0.183882
0.0418154	0.0398056	0.071616	0.0593831
0.0418154	0.0398056	0.071616	0.0593831
loop 21
0.0414403	0.0385704	0.071164	0.058242
0.135757	0.131247	0.216832	0.183236
0.0469448	0.0449304	0.0784642	0.066193
0.0469448	0.0449304	0.0784642	0.066193
loop 22
0.0403774	0.0388008	0.0700481	0.057152
0.130349	0.124156	0.211776	0.177523
0.0416434	0.0396379	0.0713024	0.0591332
0.0416434	0.0396379	0.0713024	0.0591332
loop 23
0.0414562	0.0398817	0.0711986	0.0597158
0.126559	0.122011	0.200801	0.169704
0.0470736	0.0434838	0.0786565	0.0646313
0.0470736	0.0434838	0.0786565	0.0646313
loop 24
0.040239	0.0386712	0.071337	0.0583995
0.128067	0.12348	0.202669	0.173721
0.0449564	0.0413985	0.0745941	0.0624665
0.0449564	0.0413985	0.0745941	0.0624665
loop 25
0.0403658	0.0387936	0.0700057	0.0585635
0.127094	0.122507	0.19945	0.170548
0.0490577	0.0470283	0.0823784	0.0682746
0.0490577	0.0470283	0.0823784	0.0682746
loop 26
0.040289	0.038718	0.0698788	0.0584519
0.127931	0.123365	0.202418	0.173516
0.0416055	0.0395974	0.0712448	0.059094
0.0416055	0.0395974	0.0712448	0.059094
loop 27
0.0413292	0.0384624	0.0710429	0.0581305
0.12638	0.121827	0.200828	0.171923
0.0456562	0.04365	0.0788192	0.0647887
0.0456562	0.04365	0.0788192	0.0647887
loop 28
0.039331	0.0377584	0.0689228	0.0574848
0.126321	0.121785	0.20047	0.171697
0.0501873	0.04815	0.0836325	0.0694998
0.0501873	0.04815	0.0836325	0.0694998
loop 29
0.0403812	0.0388116	0.0700481	0.057152
0.129574	0.12499	0.204172	0.175221
0.0470213	0.0449954	0.0785825	0.0662854
0.0470213	0.0449954	0.0785825	0.0662854
loop 30
0.0401775	0.03861	0.069718	0.0583142
0.125737	0.121153	0.198197	0.169252
0.0488679	0.0468438	0.0822121	0.0681165
0.0488679	0.0468438	0.0822121	0.0681165
loop 31
0.0413609	0.0384984	0.0710342	0.058137
0.13276	0.126298	0.210146	0.179494
0.0476676	0.0456562	0.0808086	0.068518
0.0476676	0.0456562	0.0808086	0.068518

work load: mesa.mips gcc.mips vortex.mips vortex.mips
