loop 0  
0.243522 0.278717 0.227542 0.273436
0.202389 0.235042 0.183238 0.219858
0.613099 0.521788 0.444506 0.527206
0.0699344 0.0856557 0.0778835 0.102481
loop 1  
0.258186 0.286393 0.23536 0.286013
0.202683 0.235329 0.18373 0.220039
0.515719 0.465385 0.397487 0.46131
0.0699696 0.0854516 0.0778896 0.102494
loop 2  
0.241132 0.276066 0.224914 0.270779
0.202286 0.235552 0.183722 0.220201
0.51321 0.468704 0.399465 0.46469
0.0699536 0.085418 0.0778714 0.102472
loop 3  
0.2411 0.276011 0.224893 0.275554
0.202389 0.23535 0.183783 0.220228
0.432045 0.414785 0.355771 0.405337
0.0699328 0.0853892 0.0778471 0.102434
loop 4  
0.245383 0.275738 0.224685 0.275281
0.202073 0.234395 0.183049 0.223718
0.379076 0.370408 0.31313 0.360645
0.0706944 0.0859294 0.0748961 0.103005
loop 5  
0.245491 0.275874 0.224747 0.275424
0.213302 0.243664 0.187466 0.228277
0.438082 0.414353 0.355345 0.410575
0.0699712 0.085442 0.0778896 0.102497
loop 6  
0.245231 0.275546 0.224331 0.275073
0.202508 0.235339 0.183435 0.219876
0.425745 0.388391 0.333952 0.382925
0.06992 0.085394 0.0778329 0.102431
loop 7  
0.24522 0.275546 0.224435 0.275073
0.203087 0.235785 0.183881 0.220616
0.25925 0.261481 0.231194 0.254965
0.0700416 0.0855212 0.0779706 0.102597
loop 8  
0.244344 0.274957 0.223925 0.274476
0.202801 0.235392 0.183594 0.220102
0.403091 0.37902 0.325998 0.36879
0.0729537 0.0886875 0.0776466 0.10223
loop 9  
0.244885 0.275395 0.224289 0.274904
0.201811 0.234448 0.182958 0.223801
0.419527 0.395771 0.34183 0.39109
0.0697936 0.0854204 0.0778673 0.102456
loop 10  
0.244831 0.275532 0.224352 0.275073
0.203102 0.231229 0.18404 0.220571
0.401618 0.381217 0.328774 0.376404
0.0698576 0.0854348 0.0778876 0.102491
loop 11  
0.244647 0.27508 0.22405 0.274566
0.205335 0.238287 0.186352 0.222953
0.394578 0.382043 0.324505 0.371828
0.0699424 0.0854444 0.0778957 0.102497
loop 12  
0.258317 0.286583 0.235507 0.286166
0.210745 0.240709 0.188987 0.225393
0.284215 0.299326 0.253244 0.288967
0.06992 0.0853916 0.0778329 0.102431
loop 13  
0.240856 0.27208 0.224445 0.275632
0.204517 0.237444 0.185538 0.221958
0.278945 0.291881 0.250588 0.287146
0.069944 0.0854084 0.0778592 0.102463
loop 14  
0.245134 0.276504 0.224289 0.275359
0.201368 0.234809 0.182799 0.223958
0.507547 0.457754 0.393418 0.453623
0.0703168 0.0856725 0.0746657 0.102726
loop 15  
0.245026 0.276354 0.224196 0.27519
0.202667 0.235658 0.183669 0.220255
0.617082 0.540546 0.459374 0.535982
0.0699664 0.085442 0.0778855 0.102478
loop 16  
0.245491 0.272026 0.224466 0.275567
0.205254 0.233939 0.18653 0.223184
0.62391 0.540995 0.458547 0.540021
0.0699472 0.0854108 0.0778633 0.102463
loop 17  
0.245091 0.276531 0.2243 0.275333
0.204322 0.238266 0.186158 0.222907
0.436016 0.408179 0.348939 0.404061
0.0702992 0.0856485 0.0746464 0.102707
loop 18  
0.245123 0.271865 0.224331 0.275372
0.205716 0.234703 0.182996 0.219389
0.430323 0.401128 0.347147 0.396621
0.0728377 0.088555 0.077521 0.102074
loop 19  
0.240973 0.272255 0.224685 0.270996
0.213379 0.239154 0.187633 0.228431
0.42444 0.391863 0.333669 0.380975
0.0732563 0.0853339 0.0777964 0.1024
loop 20  
0.245166 0.271865 0.224258 0.275411
0.202081 0.235127 0.183359 0.219831
0.263402 0.260952 0.230734 0.254505
0.0701152 0.0856221 0.0746251 0.102698
loop 21  
0.245134 0.271865 0.224373 0.275398
0.201455 0.234576 0.182875 0.223847
0.488107 0.441483 0.38092 0.436548
0.0698864 0.085478 0.077922 0.102522
loop 22  
0.24469 0.276025 0.223904 0.274839
0.204825 0.233833 0.186297 0.223138
0.500946 0.455387 0.390604 0.451766
0.0698864 0.0854228 0.0778714 0.102472
loop 23  
0.258578 0.282557 0.235158 0.286166
0.205724 0.234395 0.182875 0.223801
0.435267 0.40541 0.347518 0.400683
0.06988 0.0853676 0.0778187 0.102415
loop 24  
0.240824 0.272 0.224352 0.270805
0.204525 0.237714 0.186197 0.222511
0.341086 0.346033 0.295467 0.337358
0.0706944 0.0859438 0.0748961 0.103011
loop 25  
0.245329 0.272 0.224445 0.270805
0.204622 0.233844 0.186623 0.222889
0.643643 0.571281 0.485518 0.566494
0.0703248 0.0856773 0.0746735 0.102745
loop 26  
0.240729 0.272121 0.22455 0.27092
0.211632 0.242439 0.190828 0.231647
0.543727 0.476655 0.411835 0.476644
0.0699376 0.0854036 0.0778531 0.102437
loop 27  
0.24162 0.272713 0.22508 0.271546
0.201399 0.234512 0.18295 0.22382
0.492163 0.446249 0.385956 0.442095
0.0703056 0.0856509 0.0746522 0.102717
loop 28  
0.240803 0.272201 0.224664 0.271022
0.202302 0.235042 0.183594 0.219813
0.420272 0.393607 0.33153 0.383181
0.073147 0.08872 0.0776749 0.102249
loop 29  
0.240835 0.272228 0.224695 0.271048
0.202184 0.235371 0.183745 0.220327
0.308154 0.308993 0.265642 0.299175
0.06992 0.0853916 0.0778329 0.102431
loop 30  
0.240782 0.272161 0.224602 0.270984
0.204031 0.23766 0.185794 0.222096
0.503974 0.459955 0.390345 0.449844
0.0700496 0.0855332 0.0779787 0.102607
loop 31  
0.241641 0.272726 0.22507 0.271558
0.202247 0.231281 0.183881 0.220454
0.416492 0.391863 0.340852 0.387417
0.0698032 0.0854324 0.0778815 0.102503
loop 32  
0.241312 0.272349 0.22481 0.271162
0.201772 0.234172 0.186375 0.223368
0.29209 0.303502 0.261077 0.29322
0.0697936 0.0854084 0.0778572 0.102444
loop 33  
0.240909 0.272121 0.224612 0.27092
0.214671 0.241889 0.190253 0.231108
0.422418 0.398521 0.343009 0.393659
0.0698336 0.085406 0.0778552 0.102456
loop 34  
0.258887 0.282902 0.235495 0.286542
0.209323 0.239562 0.18787 0.228489
0.38074 0.359091 0.311678 0.353765
0.070616 0.085879 0.0748458 0.102949
loop 35  
0.241599 0.272713 0.225007 0.271533
0.205335 0.234374 0.182693 0.223497
0.356317 0.350241 0.297832 0.339817
0.070296 0.0856557 0.0746425 0.102701
loop 36  
0.241662 0.272793 0.225195 0.271622
0.205084 0.238244 0.18622 0.222917
0.460772 0.412559 0.357944 0.407365
0.0699424 0.0854036 0.0778572 0.102456
loop 37  
0.242066 0.273036 0.225392 0.271878
0.2005 0.232706 0.180884 0.217392
0.325325 0.310668 0.266647 0.304218
0.0703024 0.0856533 0.0746502 0.102704
loop 38  
0.238585 0.273762 0.221607 0.272605
0.203804 0.237422 0.185407 0.222078
0.262432 0.26425 0.23447 0.258251
0.0731437 0.0887225 0.0776729 0.102234
loop 39  
0.238585 0.273749 0.221443 0.272605
0.205627 0.23518 0.183177 0.219714
0.246622 0.255821 0.220879 0.244136
0.0699552 0.0854228 0.0778734 0.102475
loop 40  
0.238897 0.273897 0.221678 0.272759
0.209848 0.240102 0.188092 0.229199
0.353206 0.340425 0.29259 0.329696
0.0703056 0.0856581 0.0746541 0.102713
loop 41  
0.238501 0.273708 0.221515 0.272529
0.207563 0.237238 0.185438 0.221949
0.300177 0.307875 0.26245 0.298332
0.0732227 0.0853099 0.077758 0.10235
loop 42  
0.242904 0.273574 0.221454 0.272414
0.207456 0.237 0.185314 0.226371
0.349661 0.346113 0.295413 0.336026
0.0732513 0.0853291 0.0777924 0.102394
loop 43  
0.242872 0.273534 0.22129 0.272376
0.204622 0.234098 0.186452 0.223377
0.33662 0.332896 0.286396 0.327771
0.0732782 0.0853652 0.0778187 0.102425
loop 44  
0.242479 0.273291 0.221219 0.272133
0.20561 0.234565 0.183026 0.223811
0.472294 0.430635 0.370363 0.42577
0.0702496 0.0857277 0.074718 0.102782
loop 45  
0.255908 0.283838 0.2319 0.282609
0.202667 0.235191 0.183768 0.219831
0.578246 0.51002 0.43072 0.509182
0.0702704 0.0856821 0.0746754 0.102748
loop 46  
0.241769 0.272699 0.225049 0.271469
0.207837 0.237108 0.185492 0.226315
0.733824 0.631617 0.531739 0.614366
0.0698928 0.0853772 0.0778207 0.102419
loop 47  
0.24128 0.272336 0.224747 0.271099
0.211598 0.242304 0.190609 0.231558
0.718406 0.599389 0.520514 0.596533
0.0706672 0.0858982 0.0748671 0.102974
loop 48  
0.241132 0.272175 0.224633 0.270933
0.202976 0.235499 0.183889 0.220174
0.289064 0.303941 0.262384 0.295391
0.0731554 0.0887275 0.0776851 0.102256
loop 49  
0.245447 0.271973 0.224466 0.275515
0.204679 0.238395 0.186692 0.223046
0.36196 0.358567 0.305582 0.349469
0.069952 0.0854228 0.0778693 0.102459
loop 50  
0.241662 0.272578 0.224986 0.271341
0.207348 0.237206 0.185477 0.22623
0.819836 0.690298 0.596975 0.700484
0.0703072 0.0856581 0.074656 0.10272
loop 51  
0.241291 0.27239 0.22482 0.271137
0.208309 0.237887 0.185817 0.222502
0.412847 0.37797 0.324693 0.372247
0.069968 0.0854348 0.0778855 0.102488
loop 52  
0.241715 0.272632 0.224914 0.271392
0.205076 0.234438 0.182791 0.223709
0.32423 0.307537 0.267998 0.301217
0.0699136 0.0853844 0.0778248 0.102422
loop 53  
0.241779 0.272726 0.225101 0.271482
0.201415 0.234321 0.182504 0.223516
0.271961 0.271846 0.237082 0.259924
0.0732075 0.0852715 0.0777418 0.102334
loop 54  
0.241259 0.272323 0.224726 0.271086
0.211589 0.242327 0.190204 0.231568
0.318256 0.305064 0.265349 0.293536
0.0705184 0.0859174 0.0748845 0.103014
loop 55  
0.241238 0.272282 0.224726 0.271048
0.208151 0.237682 0.185585 0.222069
0.462197 0.414396 0.355216 0.408632
0.0701824 0.0856773 0.0746676 0.102726
loop 56  
0.258649 0.287154 0.234967 0.285971
0.199656 0.232436 0.180529 0.21703
0.549529 0.486705 0.410972 0.484711
0.0698352 0.085394 0.077845 0.102444
loop 57  
0.244528 0.27608 0.223925 0.274904
0.209467 0.239529 0.18768 0.22846
0.313673 0.306073 0.2649 0.294434
0.070624 0.0858886 0.0748554 0.102958
loop 58  
0.244539 0.276066 0.223936 0.274904
0.206404 0.236914 0.185144 0.226108
0.322715 0.311555 0.267597 0.299753
0.0731218 0.0887 0.0776486 0.102218
loop 59  
0.245026 0.27169 0.224237 0.275255
0.20151 0.235127 0.183223 0.219849
0.307043 0.297306 0.2586 0.291114
0.0699696 0.0854372 0.0778896 0.102494
loop 60  
0.244993 0.276326 0.224227 0.275216
0.204606 0.238125 0.186359 0.222898
0.2662 0.26425 0.229427 0.257836
0.070304 0.0856557 0.0746522 0.102707
loop 61  
0.244982 0.276285 0.224196 0.275203
0.209713 0.239882 0.188282 0.22464
0.318999 0.307069 0.267952 0.300891
0.0700016 0.0854804 0.077924 0.102525
loop 62  
0.245361 0.271811 0.224331 0.275424
0.205708 0.234416 0.182625 0.223626
0.255022 0.261697 0.227183 0.249962
0.0731201 0.0886925 0.0776486 0.102215
loop 63  
0.244928 0.276217 0.224071 0.275151
0.2054 0.234438 0.182867 0.223894
0.320266 0.307901 0.268594 0.296312
0.0699056 0.08537 0.0778167 0.102412
loop 64  
0.244982 0.276299 0.224081 0.275216
0.202572 0.234979 0.183238 0.219623
0.27869 0.279561 0.240686 0.26791
0.0700576 0.085562 0.0779909 0.102616
loop 65  
0.240877 0.272107 0.224498 0.270907
0.207605 0.236827 0.185167 0.226079
0.341984 0.331121 0.282177 0.319889
0.0732782 0.0853628 0.0778187 0.102425
loop 66  
0.241334 0.272417 0.22482 0.271226
0.20734 0.237271 0.185546 0.226493
0.259817 0.261432 0.226794 0.25501
0.0732815 0.08537 0.0778228 0.102422
loop 67  
0.258697 0.282859 0.235473 0.286556
0.205764 0.234767 0.183298 0.219587
0.311118 0.302335 0.262538 0.290747
0.0698832 0.085466 0.0779179 0.102516
loop 68  
0.242161 0.272968 0.225278 0.271724
0.212757 0.243338 0.191589 0.227749
0.358043 0.33961 0.291955 0.32828
0.0731033 0.0887275 0.0776831 0.102256
loop 69  
0.242596 0.273251 0.221107 0.272018
0.202405 0.235499 0.18373 0.220219
0.32593 0.310219 0.271165 0.304082
0.069928 0.0854012 0.077841 0.102444
loop 70  
0.242808 0.273238 0.221127 0.272005
0.20269 0.23552 0.18351 0.219984
0.365556 0.338964 0.295332 0.332885
0.0703152 0.0856629 0.0746657 0.102732
loop 71  
0.241981 0.272767 0.225091 0.271482
0.204598 0.233971 0.186313 0.22311
0.345938 0.326808 0.28293 0.315509
0.0700064 0.0854828 0.0779281 0.102541
loop 72  
0.241917 0.272686 0.224997 0.271418
0.205068 0.233791 0.186096 0.222852
0.419666 0.381724 0.326628 0.37033
0.0699712 0.085442 0.0778916 0.102484
loop 73  
0.24197 0.272753 0.225091 0.271482
0.199261 0.231583 0.184048 0.22067
0.662073 0.571824 0.489866 0.57586
0.0731201 0.0886825 0.0776486 0.102215
loop 74  
0.241981 0.272767 0.225091 0.271494
0.201993 0.234798 0.182905 0.22394
0.280564 0.280983 0.241329 0.26941
0.0699712 0.0854372 0.0778916 0.102488
loop 75  
0.242129 0.272955 0.225299 0.271673
0.212342 0.243125 0.191225 0.227913
0.485344 0.434747 0.371833 0.427901
0.0731655 0.0852403 0.0776972 0.102278
loop 76  
0.242638 0.273318 0.221198 0.272044
0.206628 0.23713 0.18512 0.226324
0.637763 0.548001 0.467827 0.55253
0.0732059 0.0852787 0.0777418 0.102334
loop 77  
0.242225 0.273036 0.22533 0.271801
0.204136 0.238147 0.186197 0.222806
0.69969 0.6022 0.507128 0.607348
0.0701216 0.0856317 0.0746309 0.102704
loop 78  
0.241334 0.272 0.224445 0.275476
0.207207 0.237335 0.185593 0.221967
0.766645 0.644946 0.545474 0.650475
0.0730041 0.088715 0.0776689 0.102227
loop 79  
0.25578 0.284371 0.232175 0.283198
0.199571 0.231926 0.180322 0.216756
0.414223 0.382475 0.328241 0.371358
0.070224 0.0856605 0.074658 0.102726
loop 80  
0.240803 0.27571 0.224529 0.275177
0.199695 0.232415 0.180559 0.21718
0.775573 0.656349 0.555111 0.662342
0.0702736 0.0856557 0.0746541 0.102717
loop 81  
0.24128 0.276025 0.224841 0.270716
0.203126 0.231427 0.184419 0.220905
0.400759 0.372156 0.319129 0.367186
0.0699664 0.0854468 0.0778835 0.102488
loop 82  
0.24128 0.276025 0.224851 0.270716
0.214609 0.24581 0.189937 0.230353
0.311409 0.301884 0.262671 0.290518
0.0699792 0.0854492 0.0778997 0.102506
loop 83  
0.24092 0.275847 0.224695 0.275307
0.207282 0.237173 0.185508 0.226362
0.350177 0.339564 0.292722 0.33444
0.0699632 0.08543 0.0778815 0.102472
loop 84  
0.240941 0.275861 0.224706 0.275359
0.210804 0.23687 0.185035 0.225919
0.528023 0.464125 0.400433 0.464235
0.07 0.085478 0.077924 0.102522
loop 85  
0.24144 0.27623 0.225018 0.270907
0.204355 0.233812 0.186646 0.223221
0.620202 0.535814 0.456543 0.534284
0.0699536 0.0854204 0.0778714 0.102472
loop 86  
0.241514 0.276299 0.225018 0.271009
0.207596 0.237195 0.185569 0.226183
0.366043 0.345303 0.297859 0.339698
0.0698944 0.0853628 0.0778045 0.1024
loop 87  
0.245329 0.27571 0.224518 0.275203
0.201732 0.234809 0.182965 0.219425
0.647823 0.56446 0.481328 0.569993
0.0700656 0.0855716 0.0779989 0.102622
loop 88  
0.24508 0.275423 0.224321 0.274891
0.202944 0.23125 0.183806 0.220309
0.583874 0.508546 0.437754 0.511774
0.072942 0.08867 0.0776344 0.102202
loop 89  
0.244517 0.27482 0.22379 0.27419
0.209848 0.239606 0.187965 0.228863
0.682189 0.593392 0.50334 0.598944
0.070136 0.0856509 0.0746464 0.102704
loop 90  
0.255173 0.28283 0.231922 0.282322
0.207265 0.236589 0.18886 0.225816
0.432253 0.394638 0.336614 0.388894
0.0702 0.0856581 0.0746599 0.102729
loop 91  
0.244474 0.275108 0.224092 0.274657
0.206561 0.236741 0.189074 0.225722
0.708688 0.60851 0.514103 0.61352
0.0699408 0.0854636 0.0779098 0.102519
loop 92  
0.244885 0.275382 0.224352 0.27493
0.210424 0.240731 0.188591 0.225346
0.60347 0.525793 0.446151 0.519614
0.0699392 0.0854156 0.0778552 0.102459
loop 93  
0.244766 0.275245 0.224227 0.274774
0.210187 0.237108 0.184834 0.226032
0.529549 0.465149 0.39996 0.464235
0.069976 0.085442 0.0778957 0.1025
loop 94  
0.244658 0.27508 0.224113 0.274618
0.207861 0.237692 0.185856 0.222115
0.709894 0.604116 0.515322 0.609024
0.0703488 0.0857085 0.0747006 0.102776
loop 95  
0.244712 0.275176 0.224123 0.274696
0.204306 0.237671 0.185895 0.222336
0.56082 0.493005 0.420039 0.488072
0.0699424 0.0854156 0.0778592 0.10245
loop 96  
0.244604 0.275067 0.224019 0.274553
0.20912 0.23954 0.187799 0.2287
0.582201 0.506608 0.432922 0.509762
0.0699344 0.0853868 0.0778491 0.102441
loop 97  
0.245112 0.275436 0.224383 0.274943
0.203047 0.231281 0.183859 0.220291
0.595322 0.517022 0.44264 0.517447
0.0702896 0.0856365 0.0746367 0.102698
loop 98  
0.241068 0.275998 0.22482 0.270716
0.204525 0.23819 0.186189 0.222732
0.531023 0.461653 0.396998 0.459662
0.0728243 0.08854 0.0775069 0.102058
loop 99  
0.244907 0.275436 0.224373 0.274943
0.20923 0.239628 0.187847 0.228681
0.501969 0.448858 0.384463 0.442734
0.0732445 0.0853219 0.0777418 0.102384
   
work load:mcf,twolf,vortex,wupwise  
