loop 0  
0.09404 0.110729 0.090825 0.119527
0.154074 0.171219 0.144163 0.172807
0.202389 0.235042 0.183238 0.219858
0.201164 0.216972 0.173899 0.218248
loop 1  
0.0933701 0.113763 0.0901825 0.118703
0.158563 0.174622 0.146133 0.176386
0.202683 0.235329 0.18373 0.220039
0.189704 0.210494 0.167434 0.21173
loop 2  
0.0948755 0.111062 0.0913625 0.116251
0.158788 0.175596 0.147403 0.177846
0.202286 0.235552 0.183722 0.220201
0.19661 0.214438 0.171553 0.215727
loop 3  
0.0944673 0.110632 0.090845 0.119394
0.171744 0.179991 0.152085 0.186182
0.202389 0.23535 0.183783 0.220228
0.204104 0.219821 0.176567 0.221404
loop 4  
0.105469 0.11681 0.097242 0.125825
0.173987 0.187366 0.154665 0.192337
0.202073 0.234395 0.183049 0.223718
0.204565 0.219327 0.176352 0.220852
loop 5  
0.0971175 0.113289 0.0935398 0.118282
0.160688 0.174726 0.149128 0.176734
0.213302 0.243664 0.187466 0.228277
0.199075 0.222156 0.179606 0.223962
loop 6  
0.0946162 0.110635 0.09088 0.119437
0.16268 0.179804 0.151597 0.181673
0.202508 0.235339 0.183435 0.219876
0.211293 0.231992 0.18541 0.233664
loop 7  
0.096855 0.113575 0.0935554 0.118382
0.155469 0.171005 0.142586 0.17325
0.203087 0.235785 0.183881 0.220616
0.194365 0.220147 0.177255 0.221998
loop 8  
0.104579 0.11931 0.0997622 0.128475
0.194286 0.194976 0.165219 0.20069
0.202801 0.235392 0.183594 0.220102
0.195488 0.212424 0.172052 0.213517
loop 9  
0.0939463 0.114232 0.0906275 0.119178
0.159872 0.173486 0.146339 0.178978
0.201811 0.234448 0.182958 0.223801
0.211926 0.224194 0.183745 0.229919
loop 10  
0.0912338 0.111426 0.0915475 0.116224
0.166753 0.180137 0.151262 0.182193
0.203102 0.231229 0.18404 0.220571
0.191236 0.210213 0.170492 0.21149
loop 11  
0.0945466 0.110803 0.0911475 0.115837
0.156364 0.17239 0.144203 0.17438
0.205335 0.238287 0.186352 0.222953
0.197711 0.215292 0.175017 0.21658
loop 12  
0.105358 0.120106 0.096638 0.125119
0.159935 0.173641 0.145541 0.179886
0.210745 0.240709 0.188987 0.225393
0.181759 0.202763 0.162931 0.20505
loop 13  
0.0934157 0.113547 0.0937791 0.118588
0.195528 0.196611 0.165171 0.206305
0.204517 0.237444 0.185538 0.221958
0.205478 0.219641 0.179437 0.221187
loop 14  
0.0947867 0.111507 0.0916025 0.116286
0.162733 0.176779 0.146617 0.178731
0.201368 0.234809 0.182799 0.223958
0.195947 0.212742 0.172797 0.214139
loop 15  
0.0966625 0.110995 0.09089 0.11542
0.158979 0.170813 0.146445 0.176648
0.202667 0.235658 0.183669 0.220255
0.199462 0.217424 0.177454 0.218429
loop 16  
0.0964775 0.113585 0.0933759 0.117918
0.154188 0.173665 0.145386 0.176021
0.205254 0.233939 0.18653 0.223184
0.20972 0.226737 0.183727 0.228442
loop 17  
0.104894 0.120371 0.0967588 0.125162
0.186832 0.194494 0.162188 0.196574
0.204322 0.238266 0.186158 0.222907
0.197476 0.216818 0.177031 0.218418
loop 18  
0.09169 0.111665 0.0882992 0.116937
0.161542 0.176484 0.147951 0.181405
0.205716 0.234703 0.182996 0.219389
0.206723 0.221252 0.178294 0.226978
loop 19  
0.094669 0.113888 0.0903875 0.11885
0.164244 0.178602 0.149377 0.180718
0.213379 0.239154 0.187633 0.228431
0.192224 0.213082 0.169276 0.214558
loop 20  
0.0942585 0.114375 0.0909425 0.119682
0.164432 0.177497 0.149304 0.179392
0.202081 0.235127 0.183359 0.219831
0.19836 0.217512 0.174231 0.219479
loop 21  
0.102568 0.117863 0.0944291 0.12295
0.163495 0.176789 0.148753 0.179081
0.201455 0.234576 0.182875 0.223847
0.202322 0.218978 0.179547 0.220646
loop 22  
0.09667 0.110561 0.09049 0.118807
0.190148 0.19474 0.164205 0.200102
0.204825 0.233833 0.186297 0.223138
0.20999 0.227248 0.183771 0.228843
loop 23  
0.0950556 0.110982 0.0912975 0.116189
0.16008 0.173519 0.146458 0.175053
0.205724 0.234395 0.182875 0.223801
0.23118 0.240748 0.19748 0.246781
loop 24  
0.0971975 0.113728 0.0904225 0.118894
0.160451 0.177208 0.148702 0.179088
0.204525 0.237714 0.186197 0.222511
0.199416 0.22258 0.175963 0.224017
loop 25  
0.102866 0.117252 0.0976886 0.122447
0.159123 0.171667 0.147584 0.178032
0.204622 0.233844 0.186623 0.222889
0.192146 0.215844 0.172226 0.217464
loop 26  
0.0963 0.11385 0.0901325 0.118573
0.155419 0.172087 0.143739 0.173869
0.211632 0.242439 0.190828 0.231647
0.217018 0.231721 0.188541 0.23307
loop 27  
0.093543 0.110423 0.0906375 0.11912
0.191031 0.199576 0.167238 0.204825
0.201399 0.234512 0.18295 0.22382
0.20962 0.223494 0.180669 0.229323
loop 28  
0.0965725 0.112757 0.0929337 0.121509
0.160723 0.174953 0.149265 0.176949
0.202302 0.235042 0.183594 0.219813
0.206419 0.224439 0.18137 0.226226
loop 29  
0.0952045 0.110817 0.091195 0.11597
0.162589 0.179715 0.151493 0.181564
0.202184 0.235371 0.183745 0.220327
0.201927 0.222466 0.178802 0.224601
loop 30  
0.102349 0.117063 0.0974554 0.126278
0.155486 0.170991 0.142638 0.173263
0.204031 0.23766 0.185794 0.222096
0.220544 0.239659 0.192627 0.241522
loop 31  
0.0939823 0.113884 0.090585 0.119128
0.196563 0.197431 0.167838 0.203373
0.202247 0.231281 0.183881 0.220454
0.20873 0.226048 0.182835 0.227927
loop 32  
0.0935502 0.113655 0.0937687 0.118674
0.160847 0.174254 0.146915 0.179634
0.201772 0.234172 0.186375 0.223368
0.199536 0.218866 0.17588 0.224282
loop 33  
0.0973 0.113293 0.0934123 0.118105
0.167521 0.177063 0.152238 0.183414
0.214671 0.241889 0.190253 0.231108
0.225374 0.241766 0.194834 0.243352
loop 34  
0.103065 0.117777 0.0945994 0.123277
0.156752 0.172445 0.144251 0.174387
0.209323 0.239562 0.18787 0.228489
0.21804 0.234134 0.187076 0.236047
loop 35  
0.0940904 0.113992 0.09059 0.119257
0.16067 0.174086 0.145941 0.17611
0.205335 0.234374 0.182693 0.223497
0.217187 0.231955 0.188605 0.233687
loop 36  
0.0915564 0.112018 0.0885033 0.117261
0.194847 0.196044 0.168965 0.205758
0.205084 0.238244 0.18622 0.222917
0.203093 0.2189 0.175905 0.220755
loop 37  
0.0939103 0.114135 0.0904425 0.118883
0.163698 0.177481 0.147064 0.179376
0.2005 0.232706 0.180884 0.217392
0.211956 0.229791 0.182658 0.231565
loop 38  
0.105486 0.120144 0.0968487 0.125448
0.15828 0.174544 0.146083 0.176248
0.203804 0.237422 0.185407 0.222078
0.214312 0.229222 0.185401 0.231262
loop 39  
0.096585 0.113543 0.0937088 0.118624
0.162769 0.175193 0.147107 0.177571
0.205627 0.23518 0.183177 0.219714
0.216593 0.231918 0.188504 0.233533
loop 40  
0.0941936 0.110844 0.09102 0.115771
0.186592 0.193572 0.161643 0.195755
0.209848 0.240102 0.188092 0.229199
0.214635 0.228617 0.185635 0.230609
loop 41  
0.0940448 0.111221 0.091 0.115514
0.161739 0.177022 0.148138 0.181818
0.207563 0.237238 0.185438 0.221949
0.206683 0.223949 0.181231 0.225484
loop 42  
0.0939223 0.113599 0.0937192 0.118447
0.159937 0.173479 0.148153 0.179789
0.207456 0.237 0.185314 0.226371
0.204335 0.225034 0.181508 0.226698
loop 43  
0.10222 0.119841 0.0964835 0.125
0.166747 0.176066 0.148084 0.1822
0.204622 0.234098 0.186452 0.223377
0.21115 0.225798 0.183188 0.231799
loop 44  
0.0946378 0.114191 0.09077 0.119358
0.159637 0.171763 0.147627 0.178232
0.20561 0.234565 0.183026 0.223811
0.233119 0.243244 0.19636 0.249675
loop 45  
0.0952069 0.110699 0.0909475 0.11961
0.190996 0.191102 0.164838 0.200872
0.202667 0.235191 0.183768 0.219831
0.211671 0.229743 0.182835 0.231402
loop 46  
0.0959225 0.11642 0.0926658 0.121148
0.156385 0.170234 0.1432 0.175987
0.207837 0.237108 0.185492 0.226315
0.222396 0.234008 0.190692 0.236144
loop 47  
0.102017 0.120467 0.0970397 0.125702
0.169024 0.182511 0.153994 0.184575
0.211598 0.242304 0.190609 0.231558
0.222021 0.236852 0.189695 0.238559
loop 48  
0.09644 0.112913 0.0928921 0.121275
0.162123 0.174827 0.146713 0.176972
0.202976 0.235499 0.183889 0.220174
0.223113 0.236227 0.189723 0.2383
loop 49  
0.0937134 0.113898 0.0902425 0.118645
0.157425 0.170551 0.146352 0.176565
0.204679 0.238395 0.186692 0.223046
0.206566 0.224147 0.181378 0.225686
loop 50  
0.0938239 0.11409 0.0903975 0.11875
0.19061 0.194967 0.167149 0.20459
0.207348 0.237206 0.185477 0.22623
0.212099 0.226464 0.182596 0.228224
loop 51  
0.103197 0.116985 0.0975425 0.12627
0.162265 0.172134 0.146366 0.178374
0.208309 0.237887 0.185817 0.222502
0.20686 0.227687 0.183921 0.230056
loop 52  
0.0936798 0.11377 0.09034 0.118908
0.163459 0.176189 0.148061 0.182215
0.205076 0.234438 0.182791 0.223709
0.207575 0.224987 0.181456 0.227001
loop 53  
0.0913674 0.111099 0.091325 0.116081
0.151813 0.16726 0.14299 0.173696
0.201415 0.234321 0.182504 0.223516
0.207644 0.221538 0.178108 0.223179
loop 54  
0.0965425 0.113119 0.0932146 0.121733
0.18972 0.194082 0.16478 0.200052
0.211589 0.242327 0.190204 0.231568
0.216912 0.231302 0.18773 0.233497
loop 55  
0.0939631 0.11426 0.09067 0.119185
0.1614 0.174962 0.147438 0.180283
0.208151 0.237682 0.185585 0.222069
0.222143 0.233921 0.190805 0.235768
loop 56  
0.100024 0.11761 0.0943047 0.122747
0.167852 0.177684 0.152729 0.184071
0.199656 0.232436 0.180529 0.21703
0.221536 0.234033 0.190495 0.23572
loop 57  
0.0963175 0.113495 0.0935216 0.118235
0.155722 0.171901 0.14376 0.173782
0.209467 0.239529 0.18768 0.22846
0.229361 0.24215 0.19506 0.243837
loop 58  
0.09689 0.113394 0.0934981 0.118213
0.164177 0.173408 0.149338 0.179709
0.206404 0.236914 0.185144 0.226108
0.220787 0.237082 0.189958 0.238966
loop 59  
0.0946354 0.110914 0.091095 0.115552
0.195373 0.195801 0.164736 0.205518
0.20151 0.235127 0.183223 0.219849
0.220357 0.236942 0.190109 0.238658
loop 60  
0.105198 0.12006 0.0966015 0.125024
0.160054 0.174031 0.147597 0.180149
0.204606 0.238125 0.186359 0.222898
0.20931 0.227676 0.184001 0.229106
loop 61  
0.0971625 0.114194 0.090495 0.119128
0.157633 0.173959 0.145607 0.179935
0.209713 0.239882 0.188282 0.22464
0.236539 0.2435 0.199889 0.249595
loop 62  
0.0934421 0.114013 0.0903475 0.118825
0.162455 0.175123 0.147025 0.177447
0.205708 0.234416 0.182625 0.223626
0.219024 0.235049 0.187693 0.237172
loop 63  
0.0931996 0.110373 0.0904875 0.118901
0.176993 0.185898 0.157947 0.187955
0.2054 0.234438 0.182867 0.223894
0.216816 0.232017 0.185256 0.233925
loop 64  
0.101854 0.117089 0.0974077 0.126004
0.169237 0.181367 0.152693 0.186223
0.202572 0.234979 0.183238 0.219623
0.243792 0.2514 0.20434 0.253397
loop 65  
0.0934973 0.114107 0.09053 0.118937
0.160815 0.174526 0.145061 0.176566
0.207605 0.236827 0.185167 0.226079
0.231264 0.240973 0.194422 0.243071
loop 66  
0.0936654 0.113394 0.0934617 0.11813
0.166872 0.179671 0.151568 0.181608
0.20734 0.237271 0.185546 0.226493
0.213303 0.229271 0.185725 0.231285
loop 67  
0.09656 0.113362 0.0933733 0.118084
0.1622 0.175003 0.146795 0.177288
0.205764 0.234767 0.183298 0.219587
0.238737 0.246676 0.199583 0.248736
loop 68  
0.0937542 0.11047 0.0906225 0.119203
0.189997 0.194246 0.163942 0.199746
0.212757 0.243338 0.191589 0.227749
0.228206 0.241184 0.19404 0.24376
loop 69  
0.101941 0.12044 0.096933 0.125365
0.160414 0.173932 0.146702 0.175245
0.202405 0.235499 0.18373 0.220219
0.237985 0.245375 0.19843 0.251614
loop 70  
0.0941096 0.114045 0.0905325 0.119185
0.165917 0.17942 0.150869 0.185743
0.20269 0.23552 0.18351 0.219984
0.216551 0.231931 0.184913 0.233378
loop 71  
0.09718 0.113561 0.0938415 0.118591
0.162217 0.174523 0.14645 0.17662
0.204598 0.233971 0.186313 0.22311
0.23801 0.249184 0.202066 0.251197
loop 72  
0.0936918 0.110854 0.09098 0.115674
0.160806 0.174354 0.146105 0.176276
0.205068 0.233791 0.186096 0.222852
0.234135 0.244361 0.19703 0.246079
loop 73  
0.105201 0.120025 0.0964442 0.124726
0.193827 0.198401 0.166458 0.20361
0.199261 0.231583 0.184048 0.22067
0.221139 0.23451 0.187168 0.236603
loop 74  
0.0950868 0.11076 0.0910975 0.119617
0.162288 0.176338 0.146334 0.178347
0.201993 0.234798 0.182905 0.22394
0.221459 0.233042 0.190175 0.235188
loop 75  
0.0939847 0.110672 0.0910025 0.119794
0.166435 0.179545 0.151314 0.181398
0.212342 0.243125 0.191225 0.227913
0.237709 0.249073 0.202233 0.250968
loop 76  
0.0941408 0.114017 0.09045 0.118944
0.15194 0.171059 0.14271 0.173355
0.206628 0.23713 0.18512 0.226324
0.228486 0.241753 0.194599 0.243479
loop 77  
0.102624 0.120625 0.0973122 0.126008
0.192148 0.196306 0.163225 0.202459
0.204136 0.238147 0.186197 0.222806
0.226152 0.238542 0.191773 0.240594
loop 78  
0.0941552 0.111046 0.09123 0.115963
0.15777 0.175874 0.147988 0.176672
0.207207 0.237335 0.185593 0.221967
0.239176 0.249323 0.19842 0.25121
loop 79  
0.094501 0.11433 0.0907925 0.119416
0.1647 0.178616 0.149456 0.180718
0.199571 0.231926 0.180322 0.216756
0.237784 0.245608 0.198685 0.251896
loop 80  
0.0917499 0.111678 0.0882776 0.116735
0.158615 0.174932 0.14674 0.176834
0.199695 0.232415 0.180559 0.21718
0.234208 0.24428 0.19681 0.246235
loop 81  
0.0933221 0.113975 0.0903075 0.1188
0.163088 0.17663 0.148556 0.178806
0.203126 0.231427 0.184419 0.220905
0.250112 0.259562 0.208692 0.261936
loop 82  
0.101759 0.117137 0.0973234 0.125913
0.194227 0.199241 0.168244 0.204615
0.214609 0.24581 0.189937 0.230353
0.236723 0.24315 0.19636 0.249384
loop 83  
0.0936798 0.114156 0.0907075 0.119329
0.161044 0.175133 0.14845 0.176858
0.207282 0.237173 0.185508 0.226362
0.238185 0.242894 0.19587 0.249172
loop 84  
0.0943713 0.114024 0.09044 0.118764
0.158967 0.170765 0.146379 0.176662
0.210804 0.23687 0.185035 0.225919
0.215999 0.231154 0.187997 0.237051
loop 85  
0.0937879 0.114281 0.0907225 0.119297
0.162455 0.175109 0.147003 0.177385
0.204355 0.233812 0.186646 0.223221
0.240262 0.250834 0.203852 0.257148
loop 86  
0.102776 0.120755 0.0974302 0.126298
0.174278 0.182797 0.154874 0.189047
0.207596 0.237195 0.185569 0.226183
0.216413 0.231401 0.188357 0.233367
loop 87  
0.0936054 0.110699 0.091105 0.115806
0.173376 0.181532 0.152906 0.186396
0.201732 0.234809 0.182965 0.219425
0.227868 0.238165 0.194393 0.243965
loop 88  
0.0937783 0.113634 0.0938311 0.118703
0.16022 0.174423 0.144949 0.176471
0.202944 0.23125 0.183806 0.220309
0.251166 0.255734 0.208791 0.262224
loop 89  
0.0934565 0.113909 0.0902 0.118454
0.163416 0.176254 0.148219 0.182366
0.209848 0.239606 0.187965 0.228863
0.225637 0.239815 0.192877 0.242049
loop 90  
0.105026 0.119871 0.0964639 0.124781
0.154549 0.17009 0.141798 0.172279
0.207265 0.236589 0.18886 0.225816
0.23506 0.246922 0.19608 0.249
loop 91  
0.0916623 0.111049 0.0913425 0.116151
0.195102 0.196177 0.166125 0.201833
0.206561 0.236741 0.189074 0.225722
0.221591 0.233833 0.19072 0.235599
loop 92  
0.0969625 0.114243 0.0905725 0.11907
0.159445 0.173184 0.146101 0.178827
0.210424 0.240731 0.188591 0.225346
0.232901 0.247237 0.199736 0.249397
loop 93  
0.09688 0.113404 0.0934929 0.118213
0.166036 0.179272 0.15065 0.18558
0.210187 0.237108 0.184834 0.226032
0.235035 0.246525 0.199613 0.248498
loop 94  
6.50983 3.92572 3.27955 3.9937
0.156133 0.172308 0.144144 0.174333
0.207861 0.237692 0.185856 0.222115
0.240198 0.248154 0.201193 0.25441
loop 95  
4.1492 2.67521 2.19437 2.70583
0.160498 0.17393 0.145749 0.175856
0.204306 0.237671 0.185895 0.222336
0.250824 0.256598 0.205374 0.258651
loop 96  
0.139996 0.172115 0.132029 0.165187
0.193554 0.198191 0.166355 0.203334
0.20912 0.23954 0.187799 0.2287
0.253932 0.259607 0.208439 0.262037
loop 97  
0.127901 0.158926 0.122479 0.158687
0.162242 0.176414 0.146404 0.178462
0.203047 0.231281 0.183859 0.220291
0.248156 0.253339 0.206791 0.255547
loop 98  
0.146134 0.172992 0.132646 0.168986
0.157777 0.174128 0.145788 0.180041
0.204525 0.23819 0.186189 0.222732
0.24296 0.251528 0.200641 0.253849
loop 99  
0.133645 0.161492 0.125237 0.157641
0.157382 0.172935 0.144554 0.175254
0.20923 0.239628 0.187847 0.228681
0.24576 0.251089 0.203884 0.253219
   
work load:parser,swim,twolf,vpr  
