loop 0
0.0401813 0.0386136 0.0712505 0.0583142 0.0700227 0.0801187 0.0778297 0.0320397 0.0711034 0.0360996 0.0504656 0.0678294 0.039651 0.0362231 0.0646847 0.0448765
0.0558272 0.0521717 0.10042 0.0817721 0.0994213 0.114628 0.112531 0.0433863 0.101757 0.0489057 0.0695577 0.0959354 0.0542697 0.0491288 0.0916719 0.0623278
0.0430682 0.040035 0.0728148 0.0608 0.0731461 0.08377 0.0813651 0.0330847 0.0742716 0.0373748 0.0525295 0.0708296 0.0411264 0.0375097 0.0675181 0.0466528
0.0430682 0.040035 0.0728148 0.0608 0.0731461 0.08377 0.0813651 0.0330847 0.0742716 0.0373748 0.0525295 0.0708296 0.0411264 0.0375097 0.0675181 0.0466528
0.0558272 0.0521717 0.10042 0.0817721 0.0994213 0.114628 0.112531 0.0433863 0.101757 0.0489057 0.0695577 0.0959354 0.0542697 0.0491288 0.0916719 0.0623278
0.115847 0.110122 0.199781 0.16598 0.198243 0.223725 0.219323 0.0917873 0.199337 0.102288 0.144901 0.190531 0.112174 0.102827 0.181119 0.128149
0.035496 0.034084 0.0624267 0.0520312 0.0613877 0.0705606 0.0684657 0.0280675 0.0622971 0.0317534 0.0448447 0.0593712 0.0338183 0.030758 0.0564833 0.0397868
0.0424013 0.0407429 0.0710809 0.0594539 0.0696365 0.079716 0.077497 0.0329362 0.0709365 0.0370728 0.0516086 0.0675004 0.0406364 0.0370584 0.0644453 0.0458395
0.0430682 0.040035 0.0728148 0.0608 0.0731461 0.08377 0.0813651 0.0330847 0.0742716 0.0373748 0.0525295 0.0708296 0.0411264 0.0375097 0.0675181 0.0466528
0.0558272 0.0521717 0.10042 0.0817721 0.0994213 0.114628 0.112531 0.0433863 0.101757 0.0489057 0.0695577 0.0959354 0.0542697 0.0491288 0.0916719 0.0623278
0.0450819 0.0423055 0.0781132 0.0640254 0.0769155 0.0883416 0.0861016 0.0347903 0.0779572 0.0399004 0.0550272 0.074762 0.0433144 0.0387783 0.0702145 0.0496454
0.0450819 0.0423055 0.0781132 0.0640254 0.0769155 0.0883416 0.0861016 0.0347903 0.0779572 0.0399004 0.0550272 0.074762 0.0433144 0.0387783 0.0702145 0.0496454
0.0424013 0.0407429 0.0710809 0.0594539 0.0696365 0.079716 0.077497 0.0329362 0.0709365 0.0370728 0.0516086 0.0675004 0.0406364 0.0370584 0.0644453 0.0458395
0.115859 0.110133 0.199768 0.16596 0.198216 0.223693 0.219293 0.0917832 0.199324 0.102297 0.144909 0.190493 0.112185 0.102831 0.181095 0.128156
0.0558272 0.0521717 0.10042 0.0817721 0.0994213 0.114628 0.112531 0.0433863 0.101757 0.0489057 0.0695577 0.0959354 0.0542697 0.0491288 0.0916719 0.0623278
0.0424013 0.0407429 0.0710809 0.0594539 0.0696365 0.079716 0.077497 0.0329362 0.0709365 0.0370728 0.0516086 0.0675004 0.0406364 0.0370584 0.0644453 0.0458395
loop 1
0.0401467 0.0385812 0.0696672 0.0582617 0.0699634 0.0800472 0.0777611 0.0320127 0.0710429 0.0360704 0.0504283 0.0677727 0.0396175 0.0361971 0.0646317 0.0448451
0.056049 0.0523885 0.099282 0.0820816 0.098281 0.115049 0.111366 0.0424029 0.100615 0.0491091 0.0698389 0.0948142 0.0532438 0.0481216 0.0905493 0.0612798
0.0419245 0.0402612 0.0731792 0.0596016 0.0719118 0.0825048 0.0800988 0.033285 0.0730301 0.0375912 0.0513577 0.0695953 0.0399932 0.0363968 0.0662894 0.0454948
0.0419245 0.0402612 0.0731792 0.0596016 0.0719118 0.0825048 0.0800988 0.033285 0.0730301 0.0375912 0.0513577 0.0695953 0.0399932 0.0363968 0.0662894 0.0454948
0.056049 0.0523885 0.099282 0.0820816 0.098281 0.115049 0.111366 0.0424029 0.100615 0.0491091 0.0698389 0.0948142 0.0532438 0.0481216 0.0905493 0.0612798
0.115847 0.110122 0.199768 0.16597 0.198203 0.223693 0.219308 0.0917832 0.199324 0.102288 0.144909 0.190481 0.112179 0.102827 0.181072 0.128149
0.035514 0.0341009 0.0624591 0.0520499 0.0614115 0.070599 0.0685025 0.028085 0.0623295 0.0317716 0.0448649 0.0593939 0.0338351 0.0307755 0.0565115 0.0398037
0.0429328 0.0412867 0.0728727 0.0612611 0.0729103 0.0830565 0.0808172 0.0347383 0.0727316 0.0388821 0.0534236 0.070774 0.0424536 0.0388667 0.0662397 0.0476513
0.0419245 0.0402612 0.0731792 0.0596016 0.0719118 0.0825048 0.0800988 0.033285 0.0730301 0.0375912 0.0513577 0.0695953 0.0399932 0.0363968 0.0662894 0.0454948
0.056049 0.0523885 0.099282 0.0820816 0.098281 0.115049 0.111366 0.0424029 0.100615 0.0491091 0.0698389 0.0948142 0.0532438 0.0481216 0.0905493 0.0612798
0.0433368 0.0405586 0.0748992 0.062308 0.0752227 0.0866719 0.0828543 0.0342577 0.07627 0.038144 0.0532958 0.0715715 0.0415655 0.0382816 0.0685087 0.047895
0.0433368 0.0405586 0.0748992 0.062308 0.0752227 0.0866719 0.0828543 0.0342577 0.07627 0.038144 0.0532958 0.0715715 0.0415655 0.0382816 0.0685087 0.047895
0.0429328 0.0412867 0.0728727 0.0612611 0.0729103 0.0830565 0.0808172 0.0347383 0.0727316 0.0388821 0.0534236 0.070774 0.0424536 0.0388667 0.0662397 0.0476513
0.115847 0.110117 0.199781 0.16597 0.19823 0.223709 0.219323 0.0917832 0.199337 0.102288 0.144901 0.190518 0.112174 0.102827 0.181107 0.128149
0.056049 0.0523885 0.099282 0.0820816 0.098281 0.115049 0.111366 0.0424029 0.100615 0.0491091 0.0698389 0.0948142 0.0532438 0.0481216 0.0905493 0.0612798
0.0429328 0.0412867 0.0728727 0.0612611 0.0729103 0.0830565 0.0808172 0.0347383 0.0727316 0.0388821 0.0534236 0.070774 0.0424536 0.0388667 0.0662397 0.0476513
loop 2
0.0414403 0.0385668 0.0711553 0.0582354 0.0699296 0.0800166 0.0777317 0.0320045 0.0710083 0.0360574 0.0504017 0.0677403 0.0396026 0.0361841 0.0646014 0.0448272
0.0555864 0.0531471 0.100536 0.081757 0.099551 0.114877 0.111175 0.043037 0.100362 0.048608 0.0694359 0.096043 0.054013 0.0488256 0.0902596 0.0621371
0.0420845 0.0390594 0.0718389 0.05982 0.0705761 0.0827988 0.0787415 0.0334098 0.0732951 0.0363998 0.0515493 0.0698509 0.0401464 0.0365329 0.0649787 0.0456638
0.0420845 0.0390594 0.0718389 0.05982 0.0705761 0.0827988 0.0787415 0.0334098 0.0732951 0.0363998 0.0515493 0.0698509 0.0401464 0.0365329 0.0649787 0.0456638
0.0555864 0.0531471 0.100536 0.081757 0.099551 0.114877 0.111175 0.043037 0.100362 0.048608 0.0694359 0.096043 0.054013 0.0488256 0.0902596 0.0621371
0.115841 0.110111 0.199781 0.16597 0.198203 0.223709 0.219323 0.0917791 0.199337 0.102278 0.144893 0.190493 0.112168 0.102817 0.181084 0.128142
0.0354924 0.0340807 0.0624267 0.052025 0.0613798 0.0705606 0.0684657 0.0280675 0.0622971 0.0317504 0.0448397 0.0593712 0.034991 0.0319077 0.0564833 0.0397826
0.0412994 0.03969 0.0694421 0.0580398 0.0695482 0.0795463 0.0773236 0.0331721 0.0693007 0.0360423 0.05031 0.0674242 0.0395392 0.0360632 0.0629355 0.0446725
0.0420845 0.0390594 0.0718389 0.05982 0.0705761 0.0827988 0.0787415 0.0334098 0.0732951 0.0363998 0.0515493 0.0698509 0.0401464 0.0365329 0.0649787 0.0456638
0.0555864 0.0531471 0.100536 0.081757 0.099551 0.114877 0.111175 0.043037 0.100362 0.048608 0.0694359 0.096043 0.054013 0.0488256 0.0902596 0.0621371
0.0423403 0.0408412 0.0753697 0.0612685 0.0741717 0.0856138 0.0818055 0.033278 0.0752227 0.0384119 0.0536426 0.072023 0.0418529 0.0372996 0.067475 0.0468964
0.0423403 0.0408412 0.0753697 0.0612685 0.0741717 0.0856138 0.0818055 0.033278 0.0752227 0.0384119 0.0536426 0.072023 0.0418529 0.0372996 0.067475 0.0468964
0.0412994 0.03969 0.0694421 0.0580398 0.0695482 0.0795463 0.0773236 0.0331721 0.0693007 0.0360423 0.05031 0.0674242 0.0395392 0.0360632 0.0629355 0.0446725
0.115847 0.110122 0.199768 0.16597 0.19823 0.223693 0.219308 0.0917832 0.199324 0.102288 0.144901 0.190506 0.112174 0.102827 0.181107 0.128149
0.0555864 0.0531471 0.100536 0.081757 0.099551 0.114877 0.111175 0.043037 0.100362 0.048608 0.0694359 0.096043 0.054013 0.0488256 0.0902596 0.0621371
0.0412994 0.03969 0.0694421 0.0580398 0.0695482 0.0795463 0.0773236 0.0331721 0.0693007 0.0360423 0.05031 0.0674242 0.0395392 0.0360632 0.0629355 0.0446725
loop 3
0.0414761 0.0385992 0.0712764 0.0583207 0.0700396 0.0801391 0.0778591 0.0320208 0.0711294 0.0360866 0.050471 0.0678456 0.0396398 0.0362101 0.0646998 0.044872
0.0557638 0.0533473 0.101846 0.0816914 0.0993342 0.116108 0.112429 0.0433371 0.101667 0.0488532 0.0708356 0.0958522 0.0542092 0.0490697 0.0915781 0.0622633
0.042092 0.0390695 0.0718389 0.0598262 0.0705761 0.0827988 0.0803905 0.0334255 0.0732951 0.0364089 0.0515543 0.0698586 0.0401533 0.036545 0.0649787 0.0456765
0.042092 0.0390695 0.0718389 0.0598262 0.0705761 0.0827988 0.0803905 0.0334255 0.0732951 0.0364089 0.0515543 0.0698586 0.0401533 0.036545 0.0649787 0.0456765
0.0557638 0.0533473 0.101846 0.0816914 0.0993342 0.116108 0.112429 0.0433371 0.101667 0.0488532 0.0708356 0.0958522 0.0542092 0.0490697 0.0915781 0.0622633
0.115882 0.110155 0.199822 0.165991 0.198269 0.223756 0.219354 0.0918077 0.199378 0.102322 0.144934 0.190543 0.112208 0.102856 0.18113 0.128184
0.035478 0.0340672 0.0624024 0.0520063 0.0613561 0.0705318 0.068438 0.028055 0.0622728 0.0317383 0.0448246 0.0593485 0.0349771 0.0318926 0.0564621 0.0397657
0.0431168 0.0414599 0.0732773 0.0601481 0.0717926 0.0819378 0.0797054 0.0348618 0.0731267 0.0390474 0.0523175 0.0696542 0.0413543 0.0390243 0.0665958 0.0478691
0.042092 0.0390695 0.0718389 0.0598262 0.0705761 0.0827988 0.0803905 0.0334255 0.0732951 0.0364089 0.0515543 0.0698586 0.0401533 0.036545 0.0649787 0.0456765
0.0557638 0.0533473 0.101846 0.0816914 0.0993342 0.116108 0.112429 0.0433371 0.101667 0.0488532 0.0708356 0.0958522 0.0542092 0.0490697 0.0915781 0.0622633
0.0444274 0.0416374 0.07611 0.0634698 0.074909 0.0863273 0.0840815 0.0340883 0.07596 0.0392165 0.0544278 0.0727598 0.042654 0.0380993 0.0696984 0.0476824
0.0444274 0.0416374 0.07611 0.0634698 0.074909 0.0863273 0.0840815 0.0340883 0.07596 0.0392165 0.0544278 0.0727598 0.042654 0.0380993 0.0696984 0.0476824
0.0431168 0.0414599 0.0732773 0.0601481 0.0717926 0.0819378 0.0797054 0.0348618 0.0731267 0.0390474 0.0523175 0.0696542 0.0413543 0.0390243 0.0665958 0.0478691
0.11587 0.110144 0.199795 0.166001 0.198269 0.22374 0.219339 0.0918036 0.199364 0.102307 0.144934 0.190543 0.112202 0.102851 0.181142 0.128177
0.0557638 0.0533473 0.101846 0.0816914 0.0993342 0.116108 0.112429 0.0433371 0.101667 0.0488532 0.0708356 0.0958522 0.0542092 0.0490697 0.0915781 0.0622633
0.0431168 0.0414599 0.0732773 0.0601481 0.0717926 0.0819378 0.0797054 0.0348618 0.0731267 0.0390474 0.0523175 0.0696542 0.0413543 0.0390243 0.0665958 0.0478691
loop 4
0.0403428 0.038772 0.0699634 0.0585241 0.0687571 0.0788 0.0765247 0.0321776 0.0698195 0.0362491 0.0492791 0.0665681 0.0385164 0.0351138 0.0634355 0.0437212
0.0550289 0.0526125 0.0996653 0.0809899 0.0986586 0.113882 0.11022 0.0425894 0.099491 0.0481152 0.0687781 0.0951747 0.0534731 0.0483264 0.0894426 0.0615325
0.042118 0.0390897 0.0718713 0.0598512 0.0706078 0.0828283 0.0787692 0.0334411 0.07332 0.0364301 0.0515795 0.0698819 0.0401777 0.0365662 0.0650069 0.0456976
0.042118 0.0390897 0.0718713 0.0598512 0.0706078 0.0828283 0.0787692 0.0334411 0.07332 0.0364301 0.0515795 0.0698819 0.0401777 0.0365662 0.0650069 0.0456976
0.0550289 0.0526125 0.0996653 0.0809899 0.0986586 0.113882 0.11022 0.0425894 0.099491 0.0481152 0.0687781 0.0951747 0.0534731 0.0483264 0.0894426 0.0615325
0.115876 0.11015 0.199795 0.166001 0.198269 0.223725 0.219323 0.0918036 0.199351 0.102317 0.144934 0.190543 0.112208 0.102851 0.18113 0.128184
0.0355284 0.0341143 0.0624753 0.0520749 0.0614353 0.0706182 0.068521 0.028095 0.0623538 0.0317837 0.0448851 0.0594166 0.0338486 0.0307871 0.0565327 0.0398206
0.0431887 0.0415233 0.0719401 0.0602782 0.0719585 0.0821252 0.0798858 0.0349203 0.0733055 0.0391089 0.0524242 0.0698132 0.0414219 0.0378351 0.0667449 0.0466343
0.042118 0.0390897 0.0718713 0.0598512 0.0706078 0.0828283 0.0787692 0.0334411 0.07332 0.0364301 0.0515795 0.0698819 0.0401777 0.0365662 0.0650069 0.0456976
0.0550289 0.0526125 0.0996653 0.0809899 0.0986586 0.113882 0.11022 0.0425894 0.099491 0.0481152 0.0687781 0.0951747 0.0534731 0.0483264 0.0894426 0.0615325
0.0447677 0.0432784 0.0792492 0.0650997 0.0780404 0.0895014 0.0872531 0.0357358 0.0791007 0.0396027 0.0560769 0.07588 0.0430091 0.0397337 0.0713226 0.0493169
0.0447677 0.0432784 0.0792492 0.0650997 0.0780404 0.0895014 0.0872531 0.0357358 0.0791007 0.0396027 0.0560769 0.07588 0.0430091 0.0397337 0.0713226 0.0493169
0.0431887 0.0415233 0.0719401 0.0602782 0.0719585 0.0821252 0.0798858 0.0349203 0.0733055 0.0391089 0.0524242 0.0698132 0.0414219 0.0378351 0.0667449 0.0466343
0.11587 0.110144 0.199808 0.166001 0.198269 0.22374 0.219354 0.0918077 0.199364 0.102307 0.144934 0.190556 0.112202 0.102851 0.181142 0.128177
0.0550289 0.0526125 0.0996653 0.0809899 0.0986586 0.113882 0.11022 0.0425894 0.099491 0.0481152 0.0687781 0.0951747 0.0534731 0.0483264 0.0894426 0.0615325
0.0431887 0.0415233 0.0719401 0.0602782 0.0719585 0.0821252 0.0798858 0.0349203 0.0733055 0.0391089 0.0524242 0.0698132 0.0414219 0.0378351 0.0667449 0.0466343
loop 5
0.0405196 0.037654 0.0687406 0.0573376 0.0690387 0.07912 0.0768416 0.0310872 0.0701158 0.035142 0.0494968 0.0668453 0.0386892 0.0352675 0.0637017 0.0439128
0.054843 0.0524318 0.0993516 0.0807386 0.0983497 0.115112 0.111446 0.0424348 0.100686 0.0491485 0.0698822 0.0948797 0.0532882 0.04816 0.0906108 0.0613249
0.0420994 0.0390729 0.0718308 0.05982 0.0705682 0.082789 0.0803811 0.0334281 0.0732868 0.036415 0.0515543 0.0698431 0.0401603 0.0365541 0.0665278 0.0456807
0.0420994 0.0390729 0.0718308 0.05982 0.0705682 0.082789 0.0803811 0.0334281 0.0732868 0.036415 0.0515543 0.0698431 0.0401603 0.0365541 0.0665278 0.0456807
0.054843 0.0524318 0.0993516 0.0807386 0.0983497 0.115112 0.111446 0.0424348 0.100686 0.0491485 0.0698822 0.0948797 0.0532882 0.04816 0.0906108 0.0613249
0.115876 0.11015 0.199795 0.16598 0.198256 0.223725 0.219339 0.0918036 0.199351 0.102317 0.144926 0.190543 0.112202 0.102851 0.18113 0.128177
0.0355068 0.0340941 0.0624429 0.0520437 0.0614036 0.0705894 0.0684933 0.0280775 0.0623214 0.0317625 0.0448548 0.0593864 0.0338284 0.0307696 0.0565044 0.0397953
0.0430989 0.0414304 0.0733055 0.0615791 0.0733243 0.0835397 0.0812931 0.0348358 0.0731644 0.0390204 0.0536852 0.0696719 0.0426147 0.0389935 0.0666124 0.0478483
0.0420994 0.0390729 0.0718308 0.05982 0.0705682 0.082789 0.0803811 0.0334281 0.0732868 0.036415 0.0515543 0.0698431 0.0401603 0.0365541 0.0665278 0.0456807
0.054843 0.0524318 0.0993516 0.0807386 0.0983497 0.115112 0.111446 0.0424348 0.100686 0.0491485 0.0698822 0.0948797 0.0532882 0.04816 0.0906108 0.0613249
0.0441916 0.0414134 0.0772522 0.0631446 0.07605 0.0874951 0.0852522 0.0351217 0.0770992 0.0390051 0.0541469 0.0739028 0.0424231 0.0391473 0.0693538 0.048755
0.0441916 0.0414134 0.0772522 0.0631446 0.07605 0.0874951 0.0852522 0.0351217 0.0770992 0.0390051 0.0541469 0.0739028 0.0424231 0.0391473 0.0693538 0.048755
0.0430989 0.0414304 0.0733055 0.0615791 0.0733243 0.0835397 0.0812931 0.0348358 0.0731644 0.0390204 0.0536852 0.0696719 0.0426147 0.0389935 0.0666124 0.0478483
0.115876 0.11015 0.199781 0.16598 0.198256 0.223709 0.219308 0.0917996 0.199337 0.102317 0.144934 0.190531 0.112208 0.102851 0.181119 0.128184
0.054843 0.0524318 0.0993516 0.0807386 0.0983497 0.115112 0.111446 0.0424348 0.100686 0.0491485 0.0698822 0.0948797 0.0532882 0.04816 0.0906108 0.0613249
0.0430989 0.0414304 0.0733055 0.0615791 0.0733243 0.0835397 0.0812931 0.0348358 0.0731644 0.0390204 0.0536852 0.0696719 0.0426147 0.0389935 0.0666124 0.0478483
loop 6
0.0417499 0.0388548 0.0717002 0.0586816 0.0704713 0.0806185 0.0783198 0.0322398 0.0715532 0.0363271 0.0507907 0.0682587 0.0399003 0.0364505 0.0650934 0.0451638
0.0549282 0.0525113 0.099491 0.0808444 0.098487 0.113695 0.110021 0.0425041 0.100827 0.0480192 0.0699903 0.0950108 0.0533695 0.0482368 0.0907338 0.0614151
0.0418836 0.040223 0.0730964 0.0595329 0.0718308 0.0824166 0.0800141 0.0332486 0.0729473 0.0375536 0.0513023 0.0695179 0.0399514 0.0363605 0.0662171 0.0468575
0.0418836 0.040223 0.0730964 0.0595329 0.0718308 0.0824166 0.0800141 0.0332486 0.0729473 0.0375536 0.0513023 0.0695179 0.0399514 0.0363605 0.0662171 0.0468575
0.0549282 0.0525113 0.099491 0.0808444 0.098487 0.113695 0.110021 0.0425041 0.100827 0.0480192 0.0699903 0.0950108 0.0533695 0.0482368 0.0907338 0.0614151
0.115853 0.110128 0.199768 0.16596 0.198216 0.223693 0.219308 0.0917832 0.199324 0.102297 0.144901 0.190506 0.112185 0.102831 0.181095 0.128156
0.0354672 0.0340538 0.0623862 0.0519875 0.0613402 0.0705126 0.0684196 0.0280425 0.0636478 0.0317262 0.0448094 0.0593258 0.0349632 0.0318805 0.0564409 0.039753
0.0438263 0.0421748 0.0738836 0.0622247 0.0739028 0.08407 0.0818386 0.0356012 0.0752521 0.0397733 0.0543654 0.0717558 0.0420702 0.0397456 0.0672211 0.0485578
0.0418836 0.040223 0.0730964 0.0595329 0.0718308 0.0824166 0.0800141 0.0332486 0.0729473 0.0375536 0.0513023 0.0695179 0.0399514 0.0363605 0.0662171 0.0468575
0.0549282 0.0525113 0.099491 0.0808444 0.098487 0.113695 0.110021 0.0425041 0.100827 0.0480192 0.0699903 0.0950108 0.0533695 0.0482368 0.0907338 0.0614151
0.0441037 0.042606 0.0771604 0.0630516 0.07595 0.0873862 0.0851472 0.0350372 0.0770073 0.0389205 0.0554368 0.0738067 0.042336 0.039055 0.0707379 0.0486644
0.0441037 0.042606 0.0771604 0.0630516 0.07595 0.0873862 0.0851472 0.0350372 0.0770073 0.0389205 0.0554368 0.0738067 0.042336 0.039055 0.0707379 0.0486644
0.0438263 0.0421748 0.0738836 0.0622247 0.0739028 0.08407 0.0818386 0.0356012 0.0752521 0.0397733 0.0543654 0.0717558 0.0420702 0.0397456 0.0672211 0.0485578
0.11587 0.110144 0.199808 0.16597 0.198256 0.22374 0.219339 0.0917996 0.199364 0.102312 0.144918 0.190531 0.112202 0.102851 0.181119 0.128177
0.0549282 0.0525113 0.099491 0.0808444 0.098487 0.113695 0.110021 0.0425041 0.100827 0.0480192 0.0699903 0.0950108 0.0533695 0.0482368 0.0907338 0.0614151
0.0438263 0.0421748 0.0738836 0.0622247 0.0739028 0.08407 0.0818386 0.0356012 0.0752521 0.0397733 0.0543654 0.0717558 0.0420702 0.0397456 0.0672211 0.0485578
loop 7
0.0414086 0.038538 0.0711121 0.0582026 0.0698872 0.0799656 0.0776827 0.0319748 0.070965 0.0360282 0.050375 0.0676998 0.0395728 0.0361549 0.064556 0.0447912
0.0556716 0.0519816 0.0991734 0.0804582 0.098189 0.113451 0.10978 0.0419282 0.0990018 0.0486848 0.069542 0.0946772 0.0528509 0.0476875 0.0889319 0.0609331
0.0429798 0.0399549 0.0742716 0.0606784 0.072997 0.0836 0.0811922 0.0330197 0.0741192 0.0372996 0.052431 0.0706791 0.0410436 0.0374376 0.0673702 0.0465569
0.0429798 0.0399549 0.0742716 0.0606784 0.072997 0.0836 0.0811922 0.0330197 0.0741192 0.0372996 0.052431 0.0706791 0.0410436 0.0374376 0.0673702 0.0465569
0.0556716 0.0519816 0.0991734 0.0804582 0.098189 0.113451 0.10978 0.0419282 0.0990018 0.0486848 0.069542 0.0946772 0.0528509 0.0476875 0.0889319 0.0609331
0.115835 0.110106 0.199781 0.16596 0.19823 0.223709 0.219323 0.091775 0.199337 0.102278 0.144893 0.190518 0.112168 0.102817 0.181107 0.128142
0.0355068 0.0340908 0.0624429 0.0520375 0.0613957 0.0705798 0.0684841 0.0280775 0.0623133 0.0317625 0.0448548 0.0593788 0.033825 0.0307667 0.0564974 0.0397953
0.0447867 0.0431303 0.0748698 0.0631988 0.0748894 0.0850539 0.0828206 0.0353321 0.07623 0.0394677 0.0539659 0.072741 0.0430316 0.0394439 0.068206 0.0495249
0.0429798 0.0399549 0.0742716 0.0606784 0.072997 0.0836 0.0811922 0.0330197 0.0741192 0.0372996 0.052431 0.0706791 0.0410436 0.0374376 0.0673702 0.0465569
0.0556716 0.0519816 0.0991734 0.0804582 0.098189 0.113451 0.10978 0.0419282 0.0990018 0.0486848 0.069542 0.0946772 0.0528509 0.0476875 0.0889319 0.0609331
0.0460453 0.0432605 0.0791325 0.0650187 0.077926 0.0909664 0.0871321 0.035729 0.078984 0.0395868 0.0560047 0.07578 0.0442748 0.0397257 0.0727128 0.049273
0.0460453 0.0432605 0.0791325 0.0650187 0.077926 0.0909664 0.0871321 0.035729 0.078984 0.0395868 0.0560047 0.07578 0.0442748 0.0397257 0.0727128 0.049273
0.0447867 0.0431303 0.0748698 0.0631988 0.0748894 0.0850539 0.0828206 0.0353321 0.07623 0.0394677 0.0539659 0.072741 0.0430316 0.0394439 0.068206 0.0495249
0.115853 0.110128 0.199768 0.16597 0.19823 0.223709 0.219308 0.0917791 0.199324 0.102297 0.144901 0.190506 0.112185 0.102831 0.181107 0.128156
0.0556716 0.0519816 0.0991734 0.0804582 0.098189 0.113451 0.10978 0.0419282 0.0990018 0.0486848 0.069542 0.0946772 0.0528509 0.0476875 0.0889319 0.0609331
0.0447867 0.0431303 0.0748698 0.0631988 0.0748894 0.0850539 0.0828206 0.0353321 0.07623 0.0394677 0.0539659 0.072741 0.0430316 0.0394439 0.068206 0.0495249
loop 8
0.0405119 0.0389376 0.070302 0.057376 0.0690884 0.07917 0.0768896 0.032302 0.0701581 0.036405 0.0495176 0.0668849 0.038682 0.0352549 0.0637387 0.0439128
0.0545649 0.0508959 0.0979017 0.0792572 0.0969172 0.112132 0.108468 0.0420578 0.0977327 0.0476126 0.0683751 0.0934303 0.0517628 0.0478248 0.0891552 0.0598078
0.0420733 0.0390527 0.0717822 0.0597825 0.0721143 0.0827302 0.0803246 0.0334124 0.0732289 0.0377292 0.0515241 0.0697967 0.0401359 0.0365359 0.0664845 0.0456511
0.0420733 0.0390527 0.0717822 0.0597825 0.0721143 0.0827302 0.0803246 0.0334124 0.0732289 0.0377292 0.0515241 0.0697967 0.0401359 0.0365359 0.0664845 0.0456511
0.0545649 0.0508959 0.0979017 0.0792572 0.0969172 0.112132 0.108468 0.0420578 0.0977327 0.0476126 0.0683751 0.0934303 0.0517628 0.0478248 0.0891552 0.0598078
0.115847 0.110122 0.199781 0.16597 0.19823 0.223709 0.219308 0.0917873 0.199337 0.102292 0.144901 0.190518 0.112179 0.102831 0.181107 0.128156
0.035514 0.0341009 0.0624591 0.0520499 0.0614115 0.070599 0.0685025 0.0280825 0.0623295 0.0317716 0.0448649 0.0594015 0.0338351 0.0307755 0.0565115 0.0398037
0.0402678 0.0386437 0.0684568 0.0570195 0.0685433 0.0785502 0.07633 0.0321402 0.0697956 0.0362337 0.0492895 0.0664136 0.0397694 0.0362442 0.0633614 0.0449343
0.0420733 0.0390527 0.0717822 0.0597825 0.0721143 0.0827302 0.0803246 0.0334124 0.0732289 0.0377292 0.0515241 0.0697967 0.0401359 0.0365359 0.0664845 0.0456511
0.0545649 0.0508959 0.0979017 0.0792572 0.0969172 0.112132 0.108468 0.0420578 0.0977327 0.0476126 0.0683751 0.0934303 0.0517628 0.0478248 0.0891552 0.0598078
0.0439974 0.0425015 0.0770278 0.064374 0.077344 0.0888467 0.0850072 0.0349397 0.0784149 0.0400829 0.0553216 0.0736723 0.0435209 0.0389513 0.0706116 0.0485525
0.0439974 0.0425015 0.0770278 0.064374 0.077344 0.0888467 0.0850072 0.0349397 0.0784149 0.0400829 0.0553216 0.0736723 0.0435209 0.0389513 0.0706116 0.0485525
0.0402678 0.0386437 0.0684568 0.0570195 0.0685433 0.0785502 0.07633 0.0321402 0.0697956 0.0362337 0.0492895 0.0664136 0.0397694 0.0362442 0.0633614 0.0449343
0.115847 0.110122 0.199768 0.16596 0.19823 0.223693 0.219308 0.091775 0.199324 0.102288 0.144893 0.190518 0.112174 0.102822 0.181107 0.128149
0.0545649 0.0508959 0.0979017 0.0792572 0.0969172 0.112132 0.108468 0.0420578 0.0977327 0.0476126 0.0683751 0.0934303 0.0517628 0.0478248 0.0891552 0.0598078
0.0402678 0.0386437 0.0684568 0.0570195 0.0685433 0.0785502 0.07633 0.0321402 0.0697956 0.0362337 0.0492895 0.0664136 0.0397694 0.0362442 0.0633614 0.0449343
loop 9
0.0403928 0.0388188 0.070065 0.0571648 0.0688482 0.07891 0.0766303 0.0322182 0.0699211 0.0362946 0.0493465 0.0666552 0.0385668 0.0351577 0.0635168 0.0437734
0.0544741 0.0508133 0.0977834 0.0791423 0.0952893 0.111991 0.108314 0.04198 0.0976144 0.0475315 0.0682815 0.0933033 0.0516711 0.0465426 0.0875678 0.0597127
0.0420696 0.040404 0.0718065 0.0597888 0.0721305 0.0827596 0.0803435 0.0334046 0.0732537 0.0377229 0.0515291 0.0698122 0.0401324 0.0365269 0.0664989 0.0456511
0.0420696 0.040404 0.0718065 0.0597888 0.0721305 0.0827596 0.0803435 0.0334046 0.0732537 0.0377229 0.0515291 0.0698122 0.0401324 0.0365269 0.0664989 0.0456511
0.0544741 0.0508133 0.0977834 0.0791423 0.0952893 0.111991 0.108314 0.04198 0.0976144 0.0475315 0.0682815 0.0933033 0.0516711 0.0465426 0.0875678 0.0597127
0.115876 0.110144 0.199808 0.166011 0.198269 0.22374 0.219339 0.0918077 0.199364 0.102312 0.144934 0.190556 0.112202 0.102851 0.181142 0.128184
0.0354816 0.0340706 0.0624105 0.0520125 0.061364 0.0705414 0.0684472 0.0280575 0.0622809 0.0317413 0.0448296 0.0593485 0.0349806 0.0318956 0.0564692 0.0397699
0.0440575 0.0423752 0.074383 0.0611871 0.0728727 0.0830565 0.0808172 0.035756 0.0742389 0.0387091 0.0533202 0.0707289 0.0422924 0.0386706 0.0676697 0.0474958
0.0420696 0.040404 0.0718065 0.0597888 0.0721305 0.0827596 0.0803435 0.0334046 0.0732537 0.0377229 0.0515291 0.0698122 0.0401324 0.0365269 0.0664989 0.0456511
0.0544741 0.0508133 0.0977834 0.0791423 0.0952893 0.111991 0.108314 0.04198 0.0976144 0.0475315 0.0682815 0.0933033 0.0516711 0.0465426 0.0875678 0.0597127
0.0443025 0.0415233 0.077395 0.0632762 0.0762 0.0876524 0.0854038 0.0339974 0.077242 0.0391089 0.0542593 0.0740468 0.042532 0.0379951 0.0694863 0.0488723
0.0443025 0.0415233 0.077395 0.0632762 0.0762 0.0876524 0.0854038 0.0339974 0.077242 0.0391089 0.0542593 0.0740468 0.042532 0.0379951 0.0694863 0.0488723
0.0440575 0.0423752 0.074383 0.0611871 0.0728727 0.0830565 0.0808172 0.035756 0.0742389 0.0387091 0.0533202 0.0707289 0.0422924 0.0386706 0.0676697 0.0474958
0.115853 0.110128 0.199768 0.16596 0.198216 0.223693 0.219293 0.0917873 0.199324 0.102292 0.144893 0.190493 0.112185 0.102836 0.181095 0.128156
0.0544741 0.0508133 0.0977834 0.0791423 0.0952893 0.111991 0.108314 0.04198 0.0976144 0.0475315 0.0682815 0.0933033 0.0516711 0.0465426 0.0875678 0.0597127
0.0440575 0.0423752 0.074383 0.0611871 0.0728727 0.0830565 0.0808172 0.035756 0.0742389 0.0387091 0.0533202 0.0707289 0.0422924 0.0386706 0.0676697 0.0474958
loop 10
0.0404004 0.0388296 0.070065 0.0571776 0.0688565 0.07892 0.0766399 0.0322263 0.0699296 0.0363043 0.049362 0.0666631 0.038574 0.0351671 0.0635242 0.0437865
0.0543984 0.0507444 0.0976482 0.0790401 0.0966509 0.11185 0.108178 0.041923 0.0974792 0.047469 0.0681878 0.0931762 0.0516005 0.0476812 0.0874653 0.0596349
0.0420064 0.0403413 0.0717093 0.0597076 0.0720333 0.082642 0.08024 0.03335 0.0731626 0.0376634 0.0514535 0.0697192 0.0400698 0.0364694 0.066405 0.0455835
0.0420064 0.0403413 0.0717093 0.0597076 0.0720333 0.082642 0.08024 0.03335 0.0731626 0.0376634 0.0514535 0.0697192 0.0400698 0.0364694 0.066405 0.0455835
0.0543984 0.0507444 0.0976482 0.0790401 0.0966509 0.11185 0.108178 0.041923 0.0974792 0.047469 0.0681878 0.0931762 0.0516005 0.0476812 0.0874653 0.0596349
0.11587 0.110144 0.199795 0.166001 0.198269 0.22374 0.219339 0.0918077 0.199364 0.102307 0.144934 0.190543 0.112196 0.102851 0.181142 0.128177
0.0354924 0.0340807 0.0624267 0.052025 0.0613798 0.0705606 0.0684657 0.028065 0.0622971 0.0317534 0.0448397 0.0593712 0.0338149 0.030758 0.0564833 0.0397826
0.0450153 0.0433323 0.0754285 0.0621793 0.0754187 0.0856837 0.0834385 0.0354667 0.0752815 0.0396543 0.0543092 0.0717558 0.043247 0.0396106 0.0686817 0.0484566
0.0420064 0.0403413 0.0717093 0.0597076 0.0720333 0.082642 0.08024 0.03335 0.0731626 0.0376634 0.0514535 0.0697192 0.0400698 0.0364694 0.066405 0.0455835
0.0543984 0.0507444 0.0976482 0.0790401 0.0966509 0.11185 0.108178 0.041923 0.0974792 0.047469 0.0681878 0.0931762 0.0516005 0.0476812 0.0874653 0.0596349
0.0441037 0.0426104 0.0771196 0.064469 0.07592 0.0873499 0.0851122 0.0350437 0.0784982 0.0389243 0.0554176 0.0737683 0.042336 0.0390627 0.0707018 0.0486591
0.0441037 0.0426104 0.0771196 0.064469 0.07592 0.0873499 0.0851122 0.0350437 0.0784982 0.0389243 0.0554176 0.0737683 0.042336 0.0390627 0.0707018 0.0486591
0.0450153 0.0433323 0.0754285 0.0621793 0.0754187 0.0856837 0.0834385 0.0354667 0.0752815 0.0396543 0.0543092 0.0717558 0.043247 0.0396106 0.0686817 0.0484566
0.11587 0.110144 0.199795 0.166001 0.198269 0.223725 0.219323 0.0918036 0.199351 0.102307 0.144934 0.190543 0.112202 0.102851 0.181142 0.128177
0.0543984 0.0507444 0.0976482 0.0790401 0.0966509 0.11185 0.108178 0.041923 0.0974792 0.047469 0.0681878 0.0931762 0.0516005 0.0476812 0.0874653 0.0596349
0.0450153 0.0433323 0.0754285 0.0621793 0.0754187 0.0856837 0.0834385 0.0354667 0.0752815 0.0396543 0.0543092 0.0717558 0.043247 0.0396106 0.0686817 0.0484566
loop 11
0.0415475 0.038664 0.0714321 0.0584388 0.0701835 0.0803125 0.0780258 0.0320694 0.0712851 0.0361484 0.0505722 0.0679833 0.0397105 0.0362686 0.0648361 0.0449528
0.0517226 0.0492608 0.0939062 0.0766087 0.0914094 0.106592 0.102932 0.0402923 0.0937344 0.045925 0.0656337 0.0894126 0.0501326 0.0449269 0.0851182 0.0569995
0.0420473 0.0403796 0.071766 0.0597576 0.0720981 0.0827106 0.0803058 0.0333864 0.0732206 0.037701 0.0514989 0.0697812 0.0401081 0.0365057 0.0664628 0.0456258
0.0420473 0.0403796 0.071766 0.0597576 0.0720981 0.0827106 0.0803058 0.0333864 0.0732206 0.037701 0.0514989 0.0697812 0.0401081 0.0365057 0.0664628 0.0456258
0.0517226 0.0492608 0.0939062 0.0766087 0.0914094 0.106592 0.102932 0.0402923 0.0937344 0.045925 0.0656337 0.0894126 0.0501326 0.0449269 0.0851182 0.0569995
0.115876 0.11015 0.199781 0.165991 0.198243 0.223709 0.219323 0.0918036 0.199337 0.102317 0.144934 0.190531 0.112208 0.102851 0.181119 0.128184
0.0355104 0.0340975 0.062451 0.0520437 0.0614036 0.0705894 0.0684933 0.0280825 0.0623214 0.0317686 0.0448599 0.0593939 0.0338317 0.0307725 0.0565044 0.0397995
0.0448201 0.0431483 0.0750169 0.0632995 0.0750267 0.0852172 0.0829891 0.0353287 0.0748698 0.0394836 0.0540408 0.0728727 0.0430585 0.0394519 0.0683271 0.0495688
0.0420473 0.0403796 0.071766 0.0597576 0.0720981 0.0827106 0.0803058 0.0333864 0.0732206 0.037701 0.0514989 0.0697812 0.0401081 0.0365057 0.0664628 0.0456258
0.0517226 0.0492608 0.0939062 0.0766087 0.0914094 0.106592 0.102932 0.0402923 0.0937344 0.045925 0.0656337 0.0894126 0.0501326 0.0449269 0.0851182 0.0569995
0.0444181 0.0416289 0.07608 0.0634466 0.0748796 0.0878823 0.0840586 0.034082 0.0774562 0.0392088 0.054409 0.0727316 0.0426409 0.0380919 0.0696719 0.0476669
0.0444181 0.0416289 0.07608 0.0634466 0.0748796 0.0878823 0.0840586 0.034082 0.0774562 0.0392088 0.054409 0.0727316 0.0426409 0.0380919 0.0696719 0.0476669
0.0448201 0.0431483 0.0750169 0.0632995 0.0750267 0.0852172 0.0829891 0.0353287 0.0748698 0.0394836 0.0540408 0.0728727 0.0430585 0.0394519 0.0683271 0.0495688
0.11587 0.110139 0.199795 0.165991 0.198256 0.22374 0.219339 0.0918036 0.199364 0.102307 0.144926 0.190531 0.112196 0.102851 0.181119 0.128177
0.0517226 0.0492608 0.0939062 0.0766087 0.0914094 0.106592 0.102932 0.0402923 0.0937344 0.045925 0.0656337 0.0894126 0.0501326 0.0449269 0.0851182 0.0569995
0.0448201 0.0431483 0.0750169 0.0632995 0.0750267 0.0852172 0.0829891 0.0353287 0.0748698 0.0394836 0.0540408 0.0728727 0.0430585 0.0394519 0.0683271 0.0495688
loop 12
0.0405465 0.0376783 0.070302 0.0573696 0.0690801 0.07918 0.0768896 0.0311106 0.0701581 0.0351671 0.0495279 0.0668849 0.0387108 0.0352925 0.0637387 0.0439346
0.051075 0.04864 0.0928438 0.0757057 0.0918408 0.105427 0.103337 0.0397686 0.0926875 0.0453416 0.0648558 0.0883877 0.0495027 0.0455495 0.0841326 0.0575748
0.0421031 0.0390762 0.0718632 0.0598387 0.070592 0.0828283 0.0787692 0.0334281 0.07332 0.036418 0.0515694 0.0698664 0.0401638 0.0365541 0.0649928 0.0456849
0.0421031 0.0390762 0.0718632 0.0598387 0.070592 0.0828283 0.0787692 0.0334281 0.07332 0.036418 0.0515694 0.0698664 0.0401638 0.0365541 0.0649928 0.0456849
0.051075 0.04864 0.0928438 0.0757057 0.0918408 0.105427 0.103337 0.0397686 0.0926875 0.0453416 0.0648558 0.0883877 0.0495027 0.0455495 0.0841326 0.0575748
0.115859 0.110133 0.199795 0.16597 0.19823 0.223725 0.219323 0.0917873 0.199351 0.102297 0.144901 0.190518 0.112185 0.102831 0.181107 0.128156
0.035478 0.0340639 0.0624024 0.0520063 0.0613561 0.0705414 0.068438 0.0280525 0.0622728 0.0317383 0.0448246 0.0593485 0.0349736 0.0318926 0.0564621 0.0397657
0.0422793 0.0393844 0.0706116 0.0591293 0.0707018 0.0807523 0.078519 0.0328969 0.0704762 0.0369864 0.0513602 0.0685606 0.0405176 0.0369936 0.0640571 0.045668
0.0421031 0.0390762 0.0718632 0.0598387 0.070592 0.0828283 0.0787692 0.0334281 0.07332 0.036418 0.0515694 0.0698664 0.0401638 0.0365541 0.0649928 0.0456849
0.051075 0.04864 0.0928438 0.0757057 0.0918408 0.105427 0.103337 0.0397686 0.0926875 0.0453416 0.0648558 0.0883877 0.0495027 0.0455495 0.0841326 0.0575748
0.0432201 0.0417261 0.07622 0.0621415 0.0750267 0.086458 0.0842188 0.0341667 0.07607 0.0380435 0.0545276 0.0728821 0.0414557 0.0381812 0.0698132 0.0477757
0.0432201 0.0417261 0.07622 0.0621415 0.0750267 0.086458 0.0842188 0.0341667 0.07607 0.0380435 0.0545276 0.0728821 0.0414557 0.0381812 0.0698132 0.0477757
0.0422793 0.0393844 0.0706116 0.0591293 0.0707018 0.0807523 0.078519 0.0328969 0.0704762 0.0369864 0.0513602 0.0685606 0.0405176 0.0369936 0.0640571 0.045668
0.115865 0.110139 0.199795 0.166001 0.198256 0.223725 0.219323 0.0917996 0.199351 0.102302 0.144926 0.190531 0.112191 0.102846 0.18113 0.12817
0.051075 0.04864 0.0928438 0.0757057 0.0918408 0.105427 0.103337 0.0397686 0.0926875 0.0453416 0.0648558 0.0883877 0.0495027 0.0455495 0.0841326 0.0575748
0.0422793 0.0393844 0.0706116 0.0591293 0.0707018 0.0807523 0.078519 0.0328969 0.0704762 0.0369864 0.0513602 0.0685606 0.0405176 0.0369936 0.0640571 0.045668
loop 13
0.0404735 0.038898 0.0701835 0.0572736 0.0689642 0.07904 0.0767648 0.0310533 0.0700396 0.0351044 0.049445 0.066774 0.038646 0.0352298 0.0636352 0.0438649
0.0516399 0.049184 0.09375 0.0764899 0.0927634 0.106444 0.104324 0.0402257 0.0935781 0.0458557 0.0655281 0.0892662 0.0500539 0.0460636 0.0849813 0.0581904
0.042051 0.0403866 0.0717498 0.0597513 0.0720819 0.082691 0.080287 0.0333916 0.0731958 0.0377104 0.0514989 0.0697657 0.040115 0.0365087 0.0664483 0.0456258
0.042051 0.0403866 0.0717498 0.0597513 0.0720819 0.082691 0.080287 0.0333916 0.0731958 0.0377104 0.0514989 0.0697657 0.040115 0.0365087 0.0664483 0.0456258
0.0516399 0.049184 0.09375 0.0764899 0.0927634 0.106444 0.104324 0.0402257 0.0935781 0.0458557 0.0655281 0.0892662 0.0500539 0.0460636 0.0849813 0.0581904
0.118591 0.112909 0.20515 0.171509 0.200133 0.232426 0.224532 0.0947691 0.204697 0.105178 0.147405 0.195889 0.114981 0.105686 0.186565 0.130773
0.0354888 0.0340773 0.0624105 0.0520187 0.0613719 0.070551 0.0684564 0.0280625 0.062289 0.0317474 0.0448347 0.0593561 0.034984 0.0319016 0.0564762 0.0397784
0.0449486 0.0432605 0.0753109 0.0620885 0.0737971 0.0855554 0.0817394 0.0354061 0.0751639 0.0395908 0.054228 0.0716452 0.0431797 0.0395471 0.0685866 0.0483873
0.042051 0.0403866 0.0717498 0.0597513 0.0720819 0.082691 0.080287 0.0333916 0.0731958 0.0377104 0.0514989 0.0697657 0.040115 0.0365087 0.0664483 0.0456258
0.0516399 0.049184 0.09375 0.0764899 0.0927634 0.106444 0.104324 0.0402257 0.0935781 0.0458557 0.0655281 0.0892662 0.0500539 0.0460636 0.0849813 0.0581904
0.0434266 0.0406446 0.0750463 0.0624291 0.0738548 0.0852522 0.0830116 0.0343298 0.07641 0.0382258 0.0533993 0.0717097 0.0416501 0.0383635 0.0686385 0.0480038
0.0434266 0.0406446 0.0750463 0.0624291 0.0738548 0.0852522 0.0830116 0.0343298 0.07641 0.0382258 0.0533993 0.0717097 0.0416501 0.0383635 0.0686385 0.0480038
0.0449486 0.0432605 0.0753109 0.0620885 0.0737971 0.0855554 0.0817394 0.0354061 0.0751639 0.0395908 0.054228 0.0716452 0.0431797 0.0395471 0.0685866 0.0483873
0.118579 0.112886 0.20515 0.17152 0.200147 0.232426 0.224532 0.0947561 0.204711 0.105163 0.147396 0.195902 0.114969 0.105676 0.186577 0.130765
0.0516399 0.049184 0.09375 0.0764899 0.0927634 0.106444 0.104324 0.0402257 0.0935781 0.0458557 0.0655281 0.0892662 0.0500539 0.0460636 0.0849813 0.0581904
0.0449486 0.0432605 0.0753109 0.0620885 0.0737971 0.0855554 0.0817394 0.0354061 0.0751639 0.0395908 0.054228 0.0716452 0.0431797 0.0395471 0.0685866 0.0483873
loop 14
0.0402428 0.0386712 0.069828 0.0583995 0.0701242 0.0802309 0.0779376 0.0320911 0.0712072 0.0361581 0.0505456 0.0679185 0.0397142 0.0362848 0.063295 0.0449484
0.0485686 0.044843 0.0854994 0.069683 0.0844945 0.0981611 0.0945163 0.0369459 0.0853514 0.042667 0.0600455 0.0810342 0.04572 0.0416745 0.078177 0.0526595
0.0429336 0.0399097 0.0742124 0.0606208 0.0729308 0.08353 0.081125 0.0329807 0.07406 0.0372588 0.0523791 0.0706236 0.0410004 0.0373968 0.0673184 0.046509
0.0429336 0.0399097 0.0742124 0.0606208 0.0729308 0.08353 0.081125 0.0329807 0.07406 0.0372588 0.0523791 0.0706236 0.0410004 0.0373968 0.0673184 0.046509
0.0485686 0.044843 0.0854994 0.069683 0.0844945 0.0981611 0.0945163 0.0369459 0.0853514 0.042667 0.0600455 0.0810342 0.04572 0.0416745 0.078177 0.0526595
0.115859 0.110133 0.199768 0.16596 0.198216 0.223693 0.219293 0.0917873 0.199324 0.102302 0.144901 0.190506 0.112191 0.102836 0.181095 0.128163
0.0355356 0.0341211 0.0624834 0.050771 0.0614432 0.0706278 0.0685302 0.0281 0.0623538 0.0317897 0.0448901 0.0594242 0.0338519 0.030793 0.0565397 0.0398249
0.0442054 0.0425102 0.0732491 0.0614534 0.0732208 0.0834722 0.0812282 0.0358501 0.0746135 0.0388321 0.0535453 0.0710628 0.0424362 0.0387821 0.0679913 0.0476669
0.0429336 0.0399097 0.0742124 0.0606208 0.0729308 0.08353 0.081125 0.0329807 0.07406 0.0372588 0.0523791 0.0706236 0.0410004 0.0373968 0.0673184 0.046509
0.0485686 0.044843 0.0854994 0.069683 0.0844945 0.0981611 0.0945163 0.0369459 0.0853514 0.042667 0.0600455 0.0810342 0.04572 0.0416745 0.078177 0.0526595
0.0440066 0.0425146 0.0769869 0.0643502 0.0773134 0.0887974 0.0865412 0.0349592 0.0783629 0.0388359 0.0553152 0.0736435 0.0422445 0.0389666 0.0705755 0.0485578
0.0440066 0.0425146 0.0769869 0.0643502 0.0773134 0.0887974 0.0865412 0.0349592 0.0783629 0.0388359 0.0553152 0.0736435 0.0422445 0.0389666 0.0705755 0.0485578
0.0442054 0.0425102 0.0732491 0.0614534 0.0732208 0.0834722 0.0812282 0.0358501 0.0746135 0.0388321 0.0535453 0.0710628 0.0424362 0.0387821 0.0679913 0.0476669
0.115841 0.110117 0.199781 0.16595 0.198216 0.223709 0.219308 0.0917709 0.199324 0.102288 0.144893 0.190506 0.112174 0.102817 0.181095 0.128142
0.0485686 0.044843 0.0854994 0.069683 0.0844945 0.0981611 0.0945163 0.0369459 0.0853514 0.042667 0.0600455 0.0810342 0.04572 0.0416745 0.078177 0.0526595
0.0442054 0.0425102 0.0732491 0.0614534 0.0732208 0.0834722 0.0812282 0.0358501 0.0746135 0.0388321 0.0535453 0.0710628 0.0424362 0.0387821 0.0679913 0.0476669
loop 15
0.0406349 0.0377619 0.068931 0.0574976 0.0692292 0.07934 0.0770529 0.0311808 0.0703104 0.0352455 0.0496368 0.0670275 0.0387972 0.0353709 0.0624023 0.0440348
0.045945 0.0434419 0.082858 0.068411 0.0818496 0.0939813 0.0918723 0.0355109 0.0827048 0.0412493 0.0587263 0.0783908 0.0443266 0.0402612 0.0755284 0.0513005
0.0418947 0.0402334 0.0731047 0.0595391 0.0718389 0.0824166 0.0800141 0.0332642 0.0729473 0.037563 0.0513073 0.0695256 0.0399619 0.0363726 0.0662244 0.0454652
0.0418947 0.0402334 0.0731047 0.0595391 0.0718389 0.0824166 0.0800141 0.0332642 0.0729473 0.037563 0.0513073 0.0695256 0.0399619 0.0363726 0.0662244 0.0454652
0.045945 0.0434419 0.082858 0.068411 0.0818496 0.0939813 0.0918723 0.0355109 0.0827048 0.0412493 0.0587263 0.0783908 0.0443266 0.0402612 0.0755284 0.0513005
0.115882 0.110155 0.199781 0.165991 0.198256 0.223725 0.219323 0.0918036 0.199337 0.102322 0.144934 0.190531 0.112208 0.102856 0.181119 0.128184
0.0355068 0.0340908 0.0624429 0.0520437 0.0614036 0.0705894 0.0684841 0.028075 0.0623214 0.0317625 0.0448548 0.0593864 0.033825 0.0307667 0.0565044 0.0397953
0.0451343 0.042153 0.0741333 0.062361 0.0741141 0.0843562 0.0821142 0.0355508 0.0739892 0.0397535 0.0544652 0.0719677 0.0433637 0.0397098 0.0674158 0.0485898
0.0418947 0.0402334 0.0731047 0.0595391 0.0718389 0.0824166 0.0800141 0.0332642 0.0729473 0.037563 0.0513073 0.0695256 0.0399619 0.0363726 0.0662244 0.0454652
0.045945 0.0434419 0.082858 0.068411 0.0818496 0.0939813 0.0918723 0.0355109 0.0827048 0.0412493 0.0587263 0.0783908 0.0443266 0.0402612 0.0755284 0.0513005
0.045139 0.0423534 0.0782485 0.0641284 0.0770482 0.0884894 0.0862442 0.0348195 0.0780924 0.039944 0.0551104 0.0748992 0.0433682 0.0388167 0.0703408 0.0497111
0.045139 0.0423534 0.0782485 0.0641284 0.0770482 0.0884894 0.0862442 0.0348195 0.0780924 0.039944 0.0551104 0.0748992 0.0433682 0.0388167 0.0703408 0.0497111
0.0451343 0.042153 0.0741333 0.062361 0.0741141 0.0843562 0.0821142 0.0355508 0.0739892 0.0397535 0.0544652 0.0719677 0.0433637 0.0397098 0.0674158 0.0485898
0.115888 0.110161 0.199822 0.166001 0.198269 0.223756 0.219354 0.0918118 0.199378 0.102327 0.144942 0.190556 0.112213 0.102861 0.181142 0.128191
0.045945 0.0434419 0.082858 0.068411 0.0818496 0.0939813 0.0918723 0.0355109 0.0827048 0.0412493 0.0587263 0.0783908 0.0443266 0.0402612 0.0755284 0.0513005
0.0451343 0.042153 0.0741333 0.062361 0.0741141 0.0843562 0.0821142 0.0355508 0.0739892 0.0397535 0.0544652 0.0719677 0.0433637 0.0397098 0.0674158 0.0485898
loop 16
0.03945 0.0378733 0.0691215 0.0576512 0.0678942 0.077967 0.075686 0.0312744 0.0689807 0.035349 0.0497768 0.0657078 0.0389124 0.0354744 0.0625685 0.0441655
0.0459821 0.0446194 0.0816947 0.066703 0.0806353 0.0932351 0.0910433 0.0362052 0.0830482 0.0410379 0.0580312 0.0785421 0.0442764 0.0412383 0.0740899 0.0516045
0.0422296 0.0391973 0.0720333 0.0599885 0.0707662 0.0813459 0.0789443 0.03224 0.0718794 0.0365299 0.0517106 0.068454 0.0402856 0.0366721 0.0651551 0.0458201
0.0422296 0.0391973 0.0720333 0.0599885 0.0707662 0.0813459 0.0789443 0.03224 0.0718794 0.0365299 0.0517106 0.068454 0.0402856 0.0366721 0.0651551 0.0458201
0.0459821 0.0446194 0.0816947 0.066703 0.0806353 0.0932351 0.0910433 0.0362052 0.0830482 0.0410379 0.0580312 0.0785421 0.0442764 0.0412383 0.0740899 0.0516045
0.115876 0.110155 0.199808 0.16598 0.198256 0.22374 0.219339 0.0918036 0.199364 0.102317 0.144926 0.190531 0.112208 0.102856 0.18113 0.128184
0.0354744 0.0340605 0.0623943 0.052 0.0613481 0.0705318 0.0684288 0.0280475 0.0622647 0.0317322 0.0448145 0.059341 0.0349701 0.0318865 0.0564551 0.0397615
0.0423273 0.0394241 0.070747 0.059221 0.0708192 0.0808929 0.0786646 0.032912 0.0706026 0.0370188 0.0514295 0.0686817 0.0405627 0.0370224 0.064168 0.0457219
0.0422296 0.0391973 0.0720333 0.0599885 0.0707662 0.0813459 0.0789443 0.03224 0.0718794 0.0365299 0.0517106 0.068454 0.0402856 0.0366721 0.0651551 0.0458201
0.0459821 0.0446194 0.0816947 0.066703 0.0806353 0.0932351 0.0910433 0.0362052 0.0830482 0.0410379 0.0580312 0.0785421 0.0442764 0.0412383 0.0740899 0.0516045
0.0443118 0.0415191 0.07597 0.0633382 0.07629 0.0877613 0.0839441 0.0339786 0.077344 0.039105 0.0543092 0.0726281 0.0425363 0.0392396 0.0695658 0.0488936
0.0443118 0.0415191 0.07597 0.0633382 0.07629 0.0877613 0.0839441 0.0339786 0.077344 0.039105 0.0543092 0.0726281 0.0425363 0.0392396 0.0695658 0.0488936
0.0423273 0.0394241 0.070747 0.059221 0.0708192 0.0808929 0.0786646 0.032912 0.0706026 0.0370188 0.0514295 0.0686817 0.0405627 0.0370224 0.064168 0.0457219
0.115882 0.110155 0.199795 0.166001 0.198269 0.22374 0.219339 0.0918036 0.199364 0.102317 0.144934 0.190543 0.112208 0.102856 0.181142 0.128184
0.0459821 0.0446194 0.0816947 0.066703 0.0806353 0.0932351 0.0910433 0.0362052 0.0830482 0.0410379 0.0580312 0.0785421 0.0442764 0.0412383 0.0740899 0.0516045
0.0423273 0.0394241 0.070747 0.059221 0.0708192 0.0808929 0.0786646 0.032912 0.0706026 0.0370188 0.0514295 0.0686817 0.0405627 0.0370224 0.064168 0.0457219
loop 17
0.0403697 0.0387972 0.0700227 0.0571328 0.0687985 0.07886 0.0765823 0.0322019 0.0698788 0.0362751 0.0493154 0.0666077 0.0385452 0.0351389 0.0634725 0.0437517
0.0509952 0.0484087 0.0904642 0.0741251 0.0894165 0.10354 0.101355 0.0402364 0.0918341 0.0449194 0.0641669 0.0873379 0.0493293 0.0451319 0.082908 0.0565212
0.0430566 0.0400245 0.0727734 0.0607616 0.0730964 0.08371 0.0813075 0.0330769 0.0742293 0.0373654 0.0525036 0.0707821 0.0411156 0.0375003 0.0674737 0.0466266
0.0430566 0.0400245 0.0727734 0.0607616 0.0730964 0.08371 0.0813075 0.0330769 0.0742293 0.0373654 0.0525036 0.0707821 0.0411156 0.0375003 0.0674737 0.0466266
0.0509952 0.0484087 0.0904642 0.0741251 0.0894165 0.10354 0.101355 0.0402364 0.0918341 0.0449194 0.0641669 0.0873379 0.0493293 0.0451319 0.082908 0.0565212
0.115876 0.11015 0.199795 0.165991 0.198256 0.223725 0.219323 0.0917996 0.199351 0.102317 0.144934 0.190531 0.112202 0.102851 0.18113 0.128177
0.0354996 0.0340874 0.0624348 0.0520312 0.0613877 0.0705702 0.0685025 0.02807 0.0623052 0.0317564 0.0448498 0.0593712 0.0338183 0.0307609 0.0564903 0.0397868
0.0448962 0.0432021 0.0753403 0.0620809 0.0737971 0.0855788 0.0817724 0.0353455 0.0751933 0.0395352 0.0542031 0.0716544 0.0431303 0.0394876 0.0685866 0.0483447
0.0430566 0.0400245 0.0727734 0.0607616 0.0730964 0.08371 0.0813075 0.0330769 0.0742293 0.0373654 0.0525036 0.0707821 0.0411156 0.0375003 0.0674737 0.0466266
0.0509952 0.0484087 0.0904642 0.0741251 0.0894165 0.10354 0.101355 0.0402364 0.0918341 0.0449194 0.0641669 0.0873379 0.0493293 0.0451319 0.082908 0.0565212
0.0449676 0.0421835 0.07803 0.0653751 0.0768237 0.0898527 0.0860066 0.0346701 0.0794084 0.0397813 0.0563131 0.0746738 0.0432021 0.0399162 0.0716175 0.0495304
0.0449676 0.0421835 0.07803 0.0653751 0.0768237 0.0898527 0.0860066 0.0346701 0.0794084 0.0397813 0.0563131 0.0746738 0.0432021 0.0399162 0.0716175 0.0495304
0.0448962 0.0432021 0.0753403 0.0620809 0.0737971 0.0855788 0.0817724 0.0353455 0.0751933 0.0395352 0.0542031 0.0716544 0.0431303 0.0394876 0.0685866 0.0483447
0.115876 0.110155 0.199795 0.165991 0.198269 0.223725 0.219323 0.0918036 0.199351 0.102317 0.144918 0.190543 0.112208 0.102856 0.181142 0.128177
0.0509952 0.0484087 0.0904642 0.0741251 0.0894165 0.10354 0.101355 0.0402364 0.0918341 0.0449194 0.0641669 0.0873379 0.0493293 0.0451319 0.082908 0.0565212
0.0448962 0.0432021 0.0753403 0.0620809 0.0737971 0.0855788 0.0817724 0.0353455 0.0751933 0.0395352 0.0542031 0.0716544 0.0431303 0.0394876 0.0685866 0.0483447
loop 18
0.0409799 0.039424 0.0719339 0.0590502 0.0707229 0.0823577 0.0800676 0.0328737 0.0717925 0.0369199 0.0512389 0.0685336 0.0404581 0.0370477 0.0653981 0.0456666
0.0461172 0.043512 0.0813254 0.0665684 0.0802833 0.0927121 0.0905527 0.0364658 0.0826672 0.041236 0.057992 0.0782138 0.0444364 0.0402102 0.0738164 0.0503573
0.0419468 0.0402821 0.0732206 0.0596265 0.0719361 0.082544 0.0801459 0.033298 0.0730715 0.03761 0.0513829 0.0696263 0.0400141 0.036415 0.0663183 0.0455202
0.0419468 0.0402821 0.0732206 0.0596265 0.0719361 0.082544 0.0801459 0.033298 0.0730715 0.03761 0.0513829 0.0696263 0.0400141 0.036415 0.0663183 0.0455202
0.0461172 0.043512 0.0813254 0.0665684 0.0802833 0.0927121 0.0905527 0.0364658 0.0826672 0.041236 0.057992 0.0782138 0.0444364 0.0402102 0.0738164 0.0503573
0.115859 0.110133 0.199781 0.16598 0.198256 0.223709 0.219323 0.0917873 0.199337 0.102302 0.144909 0.190531 0.112185 0.102831 0.181119 0.128156
0.0354996 0.0340874 0.0624348 0.0520312 0.0613877 0.0705702 0.0684749 0.02807 0.0623052 0.0317564 0.0448498 0.0593788 0.0338183 0.0307609 0.0564903 0.0397911
0.0440528 0.042349 0.0746327 0.062747 0.0745847 0.0849058 0.0826544 0.0356954 0.074479 0.03994 0.0547835 0.0709275 0.0435792 0.0398805 0.0678474 0.0488509
0.0419468 0.0402821 0.0732206 0.0596265 0.0719361 0.082544 0.0801459 0.033298 0.0730715 0.03761 0.0513829 0.0696263 0.0400141 0.036415 0.0663183 0.0455202
0.0461172 0.043512 0.0813254 0.0665684 0.0802833 0.0927121 0.0905527 0.0364658 0.0826672 0.041236 0.057992 0.0782138 0.0444364 0.0402102 0.0738164 0.0503573
0.0439742 0.0424797 0.0769869 0.0643423 0.0773032 0.0887851 0.0849606 0.0349203 0.0783629 0.0400631 0.055296 0.0736339 0.0434984 0.038932 0.0705755 0.0485259
0.0439742 0.0424797 0.0769869 0.0643423 0.0773032 0.0887851 0.0849606 0.0349203 0.0783629 0.0400631 0.055296 0.0736339 0.0434984 0.038932 0.0705755 0.0485259
0.0440528 0.042349 0.0746327 0.062747 0.0745847 0.0849058 0.0826544 0.0356954 0.074479 0.03994 0.0547835 0.0709275 0.0435792 0.0398805 0.0678474 0.0488509
0.11587 0.110144 0.199781 0.16597 0.19823 0.223709 0.219308 0.0917955 0.199337 0.102312 0.144926 0.190518 0.112202 0.102846 0.181107 0.128177
0.0461172 0.043512 0.0813254 0.0665684 0.0802833 0.0927121 0.0905527 0.0364658 0.0826672 0.041236 0.057992 0.0782138 0.0444364 0.0402102 0.0738164 0.0503573
0.0440528 0.042349 0.0746327 0.062747 0.0745847 0.0849058 0.0826544 0.0356954 0.074479 0.03994 0.0547835 0.0709275 0.0435792 0.0398805 0.0678474 0.0488509
loop 19
0.0411268 0.039558 0.0707229 0.059299 0.0710169 0.0811096 0.07883 0.0329749 0.0721018 0.0370444 0.0514415 0.0688151 0.0393049 0.0358982 0.0656769 0.0458377
0.0512677 0.0487511 0.0913306 0.0752475 0.0902736 0.104161 0.102025 0.0395885 0.0926678 0.0453413 0.0641316 0.0882503 0.0496472 0.0443373 0.0824239 0.0566691
0.0421366 0.0391099 0.0719037 0.0598824 0.0706395 0.0812018 0.078806 0.0321625 0.0717579 0.0364482 0.0516047 0.0683329 0.0401951 0.0365874 0.0650352 0.0457229
0.0421366 0.0391099 0.0719037 0.0598824 0.0706395 0.0812018 0.078806 0.0321625 0.0717579 0.0364482 0.0516047 0.0683329 0.0401951 0.0365874 0.0650352 0.0457229
0.0512677 0.0487511 0.0913306 0.0752475 0.0902736 0.104161 0.102025 0.0395885 0.0926678 0.0453413 0.0641316 0.0882503 0.0496472 0.0443373 0.0824239 0.0566691
0.115859 0.110133 0.199768 0.16596 0.198216 0.223693 0.219293 0.0917832 0.199324 0.102302 0.144909 0.190506 0.112191 0.102831 0.181095 0.128163
0.0354924 0.0340773 0.0624186 0.0520187 0.0613719 0.070551 0.0684564 0.028065 0.062289 0.0317504 0.0448347 0.0593637 0.0349875 0.0319047 0.0564762 0.0397784
0.0458591 0.0428789 0.07631 0.0630516 0.0747718 0.086565 0.0843104 0.0362964 0.07616 0.0404931 0.0551744 0.0726281 0.0440945 0.0404439 0.0695658 0.0493059
0.0421366 0.0391099 0.0719037 0.0598824 0.0706395 0.0812018 0.078806 0.0321625 0.0717579 0.0364482 0.0516047 0.0683329 0.0401951 0.0365874 0.0650352 0.0457229
0.0512677 0.0487511 0.0913306 0.0752475 0.0902736 0.104161 0.102025 0.0395885 0.0926678 0.0453413 0.0641316 0.0882503 0.0496472 0.0443373 0.0824239 0.0566691
0.043238 0.0417388 0.07635 0.0622172 0.0751345 0.0866006 0.0827756 0.0341542 0.0762 0.0380547 0.0532107 0.0729762 0.0414726 0.0381812 0.0684309 0.0478068
0.043238 0.0417388 0.07635 0.0622172 0.0751345 0.0866006 0.0827756 0.0341542 0.0762 0.0380547 0.0532107 0.0729762 0.0414726 0.0381812 0.0684309 0.0478068
0.0458591 0.0428789 0.07631 0.0630516 0.0747718 0.086565 0.0843104 0.0362964 0.07616 0.0404931 0.0551744 0.0726281 0.0440945 0.0404439 0.0695658 0.0493059
0.115859 0.110133 0.199795 0.16596 0.19823 0.223725 0.219323 0.0917832 0.199351 0.102297 0.144901 0.190518 0.112185 0.102831 0.181107 0.128156
0.0512677 0.0487511 0.0913306 0.0752475 0.0902736 0.104161 0.102025 0.0395885 0.0926678 0.0453413 0.0641316 0.0882503 0.0496472 0.0443373 0.0824239 0.0566691
0.0458591 0.0428789 0.07631 0.0630516 0.0747718 0.086565 0.0843104 0.0362964 0.07616 0.0404931 0.0551744 0.0726281 0.0440945 0.0404439 0.0695658 0.0493059
loop 20
0.0413609 0.0384948 0.0710256 0.0581305 0.0698026 0.0798738 0.0775945 0.0319478 0.0708872 0.0359892 0.0503111 0.0676107 0.0395282 0.0361191 0.0644803 0.0447464
0.050272 0.047764 0.0902016 0.0741762 0.0891577 0.103 0.0993198 0.0386334 0.0900288 0.0443639 0.0630802 0.0856474 0.0486477 0.0445718 0.0813228 0.0556401
0.0420324 0.0403692 0.0717417 0.0597389 0.0720738 0.082691 0.0802776 0.033376 0.0731958 0.0376916 0.0514837 0.069758 0.0400976 0.0364936 0.0664411 0.0456089
0.0420324 0.0403692 0.0717417 0.0597389 0.0720738 0.082691 0.0802776 0.033376 0.0731958 0.0376916 0.0514837 0.069758 0.0400976 0.0364936 0.0664411 0.0456089
0.050272 0.047764 0.0902016 0.0741762 0.0891577 0.103 0.0993198 0.0386334 0.0900288 0.0443639 0.0630802 0.0856474 0.0486477 0.0445718 0.0813228 0.0556401
0.115847 0.110122 0.199781 0.16596 0.19823 0.223725 0.219323 0.091775 0.199337 0.102288 0.144893 0.190506 0.112179 0.102822 0.181095 0.128149
0.035496 0.034084 0.0624267 0.0520312 0.0613877 0.0705702 0.0684749 0.02807 0.0623052 0.0317564 0.0448447 0.0593712 0.0338183 0.0307609 0.0564903 0.0397868
0.0440344 0.041105 0.0740949 0.0610022 0.0726281 0.084299 0.0805035 0.0345791 0.0739508 0.0387091 0.0531985 0.0704852 0.0422706 0.0386975 0.0674327 0.047444
0.0420324 0.0403692 0.0717417 0.0597389 0.0720738 0.082691 0.0802776 0.033376 0.0731958 0.0376916 0.0514837 0.069758 0.0400976 0.0364936 0.0664411 0.0456089
0.050272 0.047764 0.0902016 0.0741762 0.0891577 0.103 0.0993198 0.0386334 0.0900288 0.0443639 0.0630802 0.0856474 0.0486477 0.0445718 0.0813228 0.0556401
0.0433278 0.0418275 0.07642 0.0623004 0.0752227 0.0866838 0.0844364 0.0342483 0.07627 0.0381365 0.0532898 0.0730703 0.0415571 0.0382742 0.0685087 0.047895
0.0433278 0.0418275 0.07642 0.0623004 0.0752227 0.0866838 0.0844364 0.0342483 0.07627 0.0381365 0.0532898 0.0730703 0.0415571 0.0382742 0.0685087 0.047895
0.0440344 0.041105 0.0740949 0.0610022 0.0726281 0.084299 0.0805035 0.0345791 0.0739508 0.0387091 0.0531985 0.0704852 0.0422706 0.0386975 0.0674327 0.047444
0.115859 0.110133 0.199781 0.16597 0.19823 0.223709 0.219308 0.0917832 0.199337 0.102297 0.144909 0.190518 0.112185 0.102831 0.181107 0.128163
0.050272 0.047764 0.0902016 0.0741762 0.0891577 0.103 0.0993198 0.0386334 0.0900288 0.0443639 0.0630802 0.0856474 0.0486477 0.0445718 0.0813228 0.0556401
0.0440344 0.041105 0.0740949 0.0610022 0.0726281 0.084299 0.0805035 0.0345791 0.0739508 0.0387091 0.0531985 0.0704852 0.0422706 0.0386975 0.0674327 0.047444
loop 21
0.0414403 0.0385704 0.071164 0.058242 0.069938 0.0800166 0.0777317 0.0320072 0.0710169 0.0360607 0.050407 0.0677403 0.0396063 0.0361906 0.0646014 0.0448272
0.054202 0.0517143 0.0984842 0.0794212 0.0974353 0.113014 0.109254 0.0426166 0.098304 0.0483313 0.06831 0.0938859 0.0525975 0.0473193 0.0880389 0.0608816
0.0419617 0.0402961 0.0732703 0.059664 0.0719847 0.0826028 0.0802023 0.0333058 0.0731212 0.0376226 0.0514081 0.0696728 0.040028 0.036421 0.0663616 0.0455328
0.0419617 0.0402961 0.0732703 0.059664 0.0719847 0.0826028 0.0802023 0.0333058 0.0731212 0.0376226 0.0514081 0.0696728 0.040028 0.036421 0.0663616 0.0455328
0.054202 0.0517143 0.0984842 0.0794212 0.0974353 0.113014 0.109254 0.0426166 0.098304 0.0483313 0.06831 0.0938859 0.0525975 0.0473193 0.0880389 0.0608816
0.115882 0.110161 0.199822 0.165991 0.198269 0.223756 0.219354 0.0918077 0.199378 0.102327 0.144934 0.190543 0.112213 0.102856 0.18113 0.128191
0.0355176 0.0341042 0.0624672 0.0520624 0.0614194 0.0706086 0.0685117 0.0280875 0.0623376 0.0317746 0.0448699 0.0594091 0.0338385 0.0307813 0.0565186 0.0398122
0.0439557 0.042275 0.0742389 0.0610614 0.0727316 0.0844707 0.0806657 0.0356685 0.0740949 0.0398686 0.0532046 0.0705936 0.0421922 0.0398289 0.0675343 0.0487177
0.0419617 0.0402961 0.0732703 0.059664 0.0719847 0.0826028 0.0802023 0.0333058 0.0731212 0.0376226 0.0514081 0.0696728 0.040028 0.036421 0.0663616 0.0455328
0.054202 0.0517143 0.0984842 0.0794212 0.0974353 0.113014 0.109254 0.0426166 0.098304 0.0483313 0.06831 0.0938859 0.0525975 0.0473193 0.0880389 0.0608816
0.04522 0.0424187 0.0784878 0.0642948 0.0772624 0.0887482 0.0865056 0.0348618 0.0783317 0.0400075 0.0552448 0.0751051 0.0434445 0.0388744 0.0705304 0.0484779
0.04522 0.0424187 0.0784878 0.0642948 0.0772624 0.0887482 0.0865056 0.0348618 0.0783317 0.0400075 0.0552448 0.0751051 0.0434445 0.0388744 0.0705304 0.0484779
0.0439557 0.042275 0.0742389 0.0610614 0.0727316 0.0844707 0.0806657 0.0356685 0.0740949 0.0398686 0.0532046 0.0705936 0.0421922 0.0398289 0.0675343 0.0487177
0.115847 0.110122 0.199781 0.16597 0.198243 0.223709 0.219308 0.0917791 0.199337 0.102292 0.144901 0.190518 0.112179 0.102827 0.181107 0.128149
0.054202 0.0517143 0.0984842 0.0794212 0.0974353 0.113014 0.109254 0.0426166 0.098304 0.0483313 0.06831 0.0938859 0.0525975 0.0473193 0.0880389 0.0608816
0.0439557 0.042275 0.0742389 0.0610614 0.0727316 0.0844707 0.0806657 0.0356685 0.0740949 0.0398686 0.0532046 0.0705936 0.0421922 0.0398289 0.0675343 0.0487177
loop 22
0.0403774 0.0388008 0.0700481 0.057152 0.0688234 0.07889 0.0766111 0.0322019 0.0699042 0.0362783 0.0493309 0.0666394 0.0385524 0.0351357 0.0635021 0.0437604
0.0507904 0.048268 0.09108 0.0749149 0.0900356 0.103996 0.101843 0.0402439 0.0924286 0.0448382 0.0637252 0.0879929 0.0491587 0.0450407 0.0821256 0.056217
0.0419282 0.0402682 0.0731709 0.0595891 0.0719037 0.0824852 0.0800894 0.0332954 0.0730136 0.0375975 0.0513476 0.0695876 0.0399967 0.0364059 0.0662821 0.0454948
0.0419282 0.0402682 0.0731709 0.0595891 0.0719037 0.0824852 0.0800894 0.0332954 0.0730136 0.0375975 0.0513476 0.0695876 0.0399967 0.0364059 0.0662821 0.0454948
0.0507904 0.048268 0.09108 0.0749149 0.0900356 0.103996 0.101843 0.0402439 0.0924286 0.0448382 0.0637252 0.0879929 0.0491587 0.0450407 0.0821256 0.056217
0.115876 0.110155 0.199795 0.166001 0.198269 0.223725 0.219323 0.0918036 0.199351 0.102317 0.144934 0.190543 0.112208 0.102856 0.181142 0.128184
0.035478 0.0340672 0.0624024 0.0520063 0.061364 0.0705414 0.0684472 0.028055 0.0622809 0.0317383 0.0448246 0.0593485 0.0349771 0.0318926 0.0564621 0.0397657
0.0459669 0.0442563 0.07667 0.0632995 0.0750855 0.086957 0.0831239 0.0363347 0.07652 0.0405709 0.0553664 0.0729386 0.0441962 0.0405012 0.0698663 0.0494428
0.0419282 0.0402682 0.0731709 0.0595891 0.0719037 0.0824852 0.0800894 0.0332954 0.0730136 0.0375975 0.0513476 0.0695876 0.0399967 0.0364059 0.0662821 0.0454948
0.0507904 0.048268 0.09108 0.0749149 0.0900356 0.103996 0.101843 0.0402439 0.0924286 0.0448382 0.0637252 0.0879929 0.0491587 0.0450407 0.0821256 0.056217
0.043467 0.0406733 0.0751737 0.0625199 0.07397 0.0854038 0.0831576 0.0343423 0.07655 0.0382519 0.0534723 0.0718203 0.0416881 0.0383858 0.0687596 0.0480505
0.043467 0.0406733 0.0751737 0.0625199 0.07397 0.0854038 0.0831576 0.0343423 0.07655 0.0382519 0.0534723 0.0718203 0.0416881 0.0383858 0.0687596 0.0480505
0.0459669 0.0442563 0.07667 0.0632995 0.0750855 0.086957 0.0831239 0.0363347 0.07652 0.0405709 0.0553664 0.0729386 0.0441962 0.0405012 0.0698663 0.0494428
0.115882 0.110155 0.199808 0.166001 0.198269 0.22374 0.219339 0.0918077 0.199364 0.102322 0.144934 0.190556 0.112208 0.102856 0.181142 0.128184
0.0507904 0.048268 0.09108 0.0749149 0.0900356 0.103996 0.101843 0.0402439 0.0924286 0.0448382 0.0637252 0.0879929 0.0491587 0.0450407 0.0821256 0.056217
0.0459669 0.0442563 0.07667 0.0632995 0.0750855 0.086957 0.0831239 0.0363347 0.07652 0.0405709 0.0553664 0.0729386 0.0441962 0.0405012 0.0698663 0.0494428
loop 23
0.0414562 0.0398817 0.0711986 0.0597158 0.0699804 0.081661 0.07936 0.0320154 0.0725966 0.0360704 0.0504283 0.0692954 0.0396212 0.0362004 0.0646393 0.0448451
0.0545159 0.0507931 0.0969441 0.0795415 0.095903 0.111269 0.107584 0.0418403 0.0982984 0.0474674 0.0685405 0.0923944 0.0516813 0.0476925 0.0880848 0.0598405
0.0421329 0.0391031 0.0718875 0.0598637 0.0706236 0.0811826 0.0787876 0.0321525 0.0733365 0.0364422 0.0515946 0.0683178 0.0401916 0.0365783 0.065021 0.0457145
0.0421329 0.0391031 0.0718875 0.0598637 0.0706236 0.0811826 0.0787876 0.0321525 0.0733365 0.0364422 0.0515946 0.0683178 0.0401916 0.0365783 0.065021 0.0457145
0.0545159 0.0507931 0.0969441 0.0795415 0.095903 0.111269 0.107584 0.0418403 0.0982984 0.0474674 0.0685405 0.0923944 0.0516813 0.0476925 0.0880848 0.0598405
0.115876 0.11015 0.199795 0.165991 0.198269 0.223725 0.219339 0.0918036 0.199351 0.102317 0.144934 0.190543 0.112208 0.102856 0.18113 0.128177
0.0354744 0.034084 0.0623862 0.0519938 0.0613481 0.0705222 0.0684288 0.02805 0.0622647 0.0317322 0.0448145 0.0593334 0.0349701 0.0318865 0.0564551 0.0397615
0.0459032 0.0442054 0.0765 0.0631756 0.07646 0.0867669 0.0845165 0.0363033 0.07635 0.0405217 0.055264 0.072788 0.0441361 0.0404644 0.069716 0.0493661
0.0421329 0.0391031 0.0718875 0.0598637 0.0706236 0.0811826 0.0787876 0.0321525 0.0733365 0.0364422 0.0515946 0.0683178 0.0401916 0.0365783 0.065021 0.0457145
0.0545159 0.0507931 0.0969441 0.0795415 0.095903 0.111269 0.107584 0.0418403 0.0982984 0.0474674 0.0685405 0.0923944 0.0516813 0.0476925 0.0880848 0.0598405
0.04415 0.0413712 0.0772318 0.0631213 0.07603 0.0874709 0.0852288 0.0350762 0.0770788 0.0389628 0.0541157 0.073874 0.0423839 0.0391012 0.0693273 0.0487177
0.04415 0.0413712 0.0772318 0.0631213 0.07603 0.0874709 0.0852288 0.0350762 0.0770788 0.0389628 0.0541157 0.073874 0.0423839 0.0391012 0.0693273 0.0487177
0.0459032 0.0442054 0.0765 0.0631756 0.07646 0.0867669 0.0845165 0.0363033 0.07635 0.0405217 0.055264 0.072788 0.0441361 0.0404644 0.069716 0.0493661
0.115876 0.11015 0.199781 0.165991 0.198256 0.223709 0.219308 0.0918036 0.199337 0.102317 0.144934 0.190531 0.112208 0.102851 0.181119 0.128184
0.0545159 0.0507931 0.0969441 0.0795415 0.095903 0.111269 0.107584 0.0418403 0.0982984 0.0474674 0.0685405 0.0923944 0.0516813 0.0476925 0.0880848 0.0598405
0.0459032 0.0442054 0.0765 0.0631756 0.07646 0.0867669 0.0845165 0.0363033 0.07635 0.0405217 0.055264 0.072788 0.0441361 0.0404644 0.069716 0.0493661
loop 24
0.040239 0.0386712 0.071337 0.0583995 0.0701242 0.0802105 0.0779278 0.0320884 0.0711899 0.0361549 0.0505456 0.0679185 0.0397105 0.0362783 0.0647755 0.0449439
0.0520484 0.0495177 0.092619 0.0749149 0.0915552 0.105607 0.10186 0.0402349 0.0924433 0.0460641 0.0650883 0.0879929 0.0504086 0.0450354 0.0835986 0.057532
0.0420361 0.0403726 0.0717336 0.0597264 0.0720576 0.0826714 0.0802682 0.0333838 0.0731792 0.0376947 0.0514787 0.0697425 0.0400976 0.0365027 0.0664339 0.0456131
0.0420361 0.0403726 0.0717336 0.0597264 0.0720576 0.0826714 0.0802682 0.0333838 0.0731792 0.0376947 0.0514787 0.0697425 0.0400976 0.0365027 0.0664339 0.0456131
0.0520484 0.0495177 0.092619 0.0749149 0.0915552 0.105607 0.10186 0.0402349 0.0924433 0.0460641 0.0650883 0.0879929 0.0504086 0.0450354 0.0835986 0.057532
0.115853 0.110128 0.199768 0.16596 0.198216 0.223693 0.219293 0.0917832 0.199324 0.102297 0.144901 0.190493 0.112185 0.102831 0.181095 0.128156
0.0355176 0.0341042 0.0624591 0.0520562 0.0614194 0.0706086 0.0685025 0.0280875 0.0623376 0.0317746 0.0448699 0.0594015 0.0338385 0.0307813 0.0565186 0.0398122
0.047558 0.0458689 0.0795251 0.0661818 0.0779572 0.0898025 0.0875556 0.0379914 0.0793765 0.0421922 0.0568716 0.07581 0.0458003 0.0421356 0.072741 0.0509963
0.0420361 0.0403726 0.0717336 0.0597264 0.0720576 0.0826714 0.0802682 0.0333838 0.0731792 0.0376947 0.0514787 0.0697425 0.0400976 0.0365027 0.0664339 0.0456131
0.0520484 0.0495177 0.092619 0.0749149 0.0915552 0.105607 0.10186 0.0402349 0.0924433 0.0460641 0.0650883 0.0879929 0.0504086 0.0450354 0.0835986 0.057532
0.0467754 0.0439835 0.0813865 0.0671957 0.0801574 0.0916608 0.0894136 0.036467 0.0812322 0.0415909 0.0581363 0.0780092 0.0450105 0.0404521 0.0734322 0.0513429
0.0467754 0.0439835 0.0813865 0.0671957 0.0801574 0.0916608 0.0894136 0.036467 0.0812322 0.0415909 0.0581363 0.0780092 0.0450105 0.0404521 0.0734322 0.0513429
0.047558 0.0458689 0.0795251 0.0661818 0.0779572 0.0898025 0.0875556 0.0379914 0.0793765 0.0421922 0.0568716 0.07581 0.0458003 0.0421356 0.072741 0.0509963
0.115876 0.11015 0.199795 0.16597 0.198243 0.22374 0.219339 0.0918036 0.199364 0.102317 0.144926 0.190531 0.112202 0.102851 0.181119 0.128177
0.0520484 0.0495177 0.092619 0.0749149 0.0915552 0.105607 0.10186 0.0402349 0.0924433 0.0460641 0.0650883 0.0879929 0.0504086 0.0450354 0.0835986 0.057532
0.047558 0.0458689 0.0795251 0.0661818 0.0779572 0.0898025 0.0875556 0.0379914 0.0793765 0.0421922 0.0568716 0.07581 0.0458003 0.0421356 0.072741 0.0509963
loop 25
0.0403658 0.0387936 0.0700057 0.0585635 0.0687903 0.07884 0.0765631 0.0321965 0.0698619 0.0362718 0.0493154 0.0665998 0.0385416 0.0351357 0.0634651 0.0437473
0.0537901 0.050067 0.0962901 0.07744 0.0937344 0.109046 0.105377 0.0410914 0.0961127 0.0467324 0.0664704 0.0917271 0.0509477 0.0469518 0.0859529 0.0591181
0.0417422 0.0400907 0.0728645 0.0608512 0.0715959 0.08382 0.0814035 0.0331367 0.0743139 0.0374282 0.0525865 0.0692933 0.0411804 0.0375661 0.0660004 0.046705
0.0417422 0.0400907 0.0728645 0.0608512 0.0715959 0.08382 0.0814035 0.0331367 0.0743139 0.0374282 0.0525865 0.0692933 0.0411804 0.0375661 0.0660004 0.046705
0.0537901 0.050067 0.0962901 0.07744 0.0937344 0.109046 0.105377 0.0410914 0.0961127 0.0467324 0.0664704 0.0917271 0.0509477 0.0469518 0.0859529 0.0591181
0.115853 0.110128 0.199781 0.16596 0.19823 0.223725 0.219323 0.0917832 0.199337 0.102297 0.144901 0.190518 0.112185 0.102831 0.181107 0.128156
0.0354996 0.0340874 0.0624348 0.0520375 0.0613957 0.0705798 0.0684841 0.0280725 0.0623133 0.0317595 0.0448498 0.0593788 0.0338217 0.0307638 0.0564974 0.0397911
0.0422009 0.0405504 0.0707109 0.0591504 0.070756 0.0808604 0.0786334 0.0339848 0.0705755 0.0381365 0.0513486 0.0686212 0.0404398 0.0368856 0.0641126 0.0456092
0.0417422 0.0400907 0.0728645 0.0608512 0.0715959 0.08382 0.0814035 0.0331367 0.0743139 0.0374282 0.0525865 0.0692933 0.0411804 0.0375661 0.0660004 0.046705
0.0537901 0.050067 0.0962901 0.07744 0.0937344 0.109046 0.105377 0.0410914 0.0961127 0.0467324 0.0664704 0.0917271 0.0509477 0.0469518 0.0859529 0.0591181
0.0450724 0.042288 0.0781757 0.0640492 0.0769665 0.0884155 0.0861729 0.0347578 0.0780196 0.0398805 0.05504 0.074811 0.0433054 0.0400115 0.0717466 0.0496399
0.0450724 0.042288 0.0781757 0.0640492 0.0769665 0.0884155 0.0861729 0.0347578 0.0780196 0.0398805 0.05504 0.074811 0.0433054 0.0400115 0.0717466 0.0496399
0.0422009 0.0405504 0.0707109 0.0591504 0.070756 0.0808604 0.0786334 0.0339848 0.0705755 0.0381365 0.0513486 0.0686212 0.0404398 0.0368856 0.0641126 0.0456092
0.115853 0.110128 0.199768 0.16597 0.19823 0.223709 0.219308 0.0917832 0.199324 0.102297 0.144901 0.190506 0.112185 0.102831 0.181107 0.128156
0.0537901 0.050067 0.0962901 0.07744 0.0937344 0.109046 0.105377 0.0410914 0.0961127 0.0467324 0.0664704 0.0917271 0.0509477 0.0469518 0.0859529 0.0591181
0.0422009 0.0405504 0.0707109 0.0591504 0.070756 0.0808604 0.0786334 0.0339848 0.0705755 0.0381365 0.0513486 0.0686212 0.0404398 0.0368856 0.0641126 0.0456092
loop 26
0.040289 0.038718 0.0698788 0.0584519 0.0686661 0.0802921 0.0779964 0.0321316 0.0697349 0.0362004 0.0505935 0.066481 0.038466 0.0350636 0.0633541 0.0449932
0.050627 0.0480679 0.0898516 0.0735946 0.0888005 0.102841 0.099098 0.0387432 0.0896845 0.044598 0.0623458 0.0852278 0.047704 0.0435744 0.0808401 0.0547969
0.0420287 0.0403622 0.0717498 0.0597389 0.0720738 0.082691 0.080287 0.0333656 0.073204 0.0376822 0.0514837 0.069758 0.0400907 0.0364876 0.0664411 0.0456089
0.0420287 0.0403622 0.0717498 0.0597389 0.0720738 0.082691 0.080287 0.0333656 0.073204 0.0376822 0.0514837 0.069758 0.0400907 0.0364876 0.0664411 0.0456089
0.050627 0.0480679 0.0898516 0.0735946 0.0888005 0.102841 0.099098 0.0387432 0.0896845 0.044598 0.0623458 0.0852278 0.047704 0.0435744 0.0808401 0.0547969
0.115859 0.110133 0.199768 0.16597 0.19823 0.223709 0.219308 0.0917832 0.199324 0.102297 0.144909 0.190518 0.112185 0.102831 0.181107 0.128156
0.0354744 0.0340605 0.0623943 0.052 0.0613481 0.0705222 0.0684288 0.0280475 0.0622647 0.0317322 0.0448145 0.0593334 0.0349701 0.0318865 0.0564551 0.0397615
0.0460698 0.043054 0.0753697 0.0634776 0.0753011 0.0856254 0.0833711 0.0364043 0.07675 0.0406569 0.0555136 0.0731456 0.0442979 0.0405832 0.0700695 0.0495578
0.0420287 0.0403622 0.0717498 0.0597389 0.0720738 0.082691 0.080287 0.0333656 0.073204 0.0376822 0.0514837 0.069758 0.0400907 0.0364876 0.0664411 0.0456089
0.050627 0.0480679 0.0898516 0.0735946 0.0888005 0.102841 0.099098 0.0387432 0.0896845 0.044598 0.0623458 0.0852278 0.047704 0.0435744 0.0808401 0.0547969
0.0432111 0.0417092 0.07629 0.0621642 0.0750757 0.0865293 0.0842761 0.0341385 0.07613 0.0392857 0.0545401 0.0729292 0.0414473 0.0381589 0.0698574 0.0477706
0.0432111 0.0417092 0.07629 0.0621642 0.0750757 0.0865293 0.0842761 0.0341385 0.07613 0.0392857 0.0545401 0.0729292 0.0414473 0.0381589 0.0698574 0.0477706
0.0460698 0.043054 0.0753697 0.0634776 0.0753011 0.0856254 0.0833711 0.0364043 0.07675 0.0406569 0.0555136 0.0731456 0.0442979 0.0405832 0.0700695 0.0495578
0.115847 0.110122 0.199768 0.16596 0.19823 0.223709 0.219308 0.091775 0.199324 0.102288 0.144893 0.190518 0.112174 0.102822 0.181107 0.128149
0.050627 0.0480679 0.0898516 0.0735946 0.0888005 0.102841 0.099098 0.0387432 0.0896845 0.044598 0.0623458 0.0852278 0.047704 0.0435744 0.0808401 0.0547969
0.0460698 0.043054 0.0753697 0.0634776 0.0753011 0.0856254 0.0833711 0.0364043 0.07675 0.0406569 0.0555136 0.0731456 0.0442979 0.0405832 0.0700695 0.0495578
loop 27
0.0413292 0.0384624 0.0710429 0.0581305 0.0698111 0.079884 0.0776141 0.0319045 0.0709045 0.0359567 0.0503058 0.0676188 0.0395021 0.0360801 0.0644879 0.0447149
0.0502704 0.0477959 0.08972 0.0738879 0.0886896 0.102349 0.100251 0.0387894 0.0910454 0.0444487 0.0629313 0.085214 0.0486798 0.043458 0.0809555 0.0555943
0.0409104 0.0392512 0.0721467 0.0600821 0.0708692 0.0814707 0.0790733 0.0322775 0.0719928 0.0365813 0.0517862 0.06856 0.0403413 0.0367174 0.0652539 0.0458835
0.0409104 0.0392512 0.0721467 0.0600821 0.0708692 0.0814707 0.0790733 0.0322775 0.0719928 0.0365813 0.0517862 0.06856 0.0403413 0.0367174 0.0652539 0.0458835
0.0502704 0.0477959 0.08972 0.0738879 0.0886896 0.102349 0.100251 0.0387894 0.0910454 0.0444487 0.0629313 0.085214 0.0486798 0.043458 0.0809555 0.0555943
0.115882 0.110155 0.199795 0.166001 0.198269 0.22374 0.219339 0.0918036 0.199351 0.102322 0.144934 0.190543 0.112208 0.102856 0.181142 0.128184
0.035514 0.0341009 0.0624591 0.0520499 0.0614115 0.070599 0.0685025 0.0280825 0.0623295 0.0317686 0.0448649 0.0594015 0.0338317 0.0307755 0.0565115 0.0398037
0.0468914 0.0438818 0.0775888 0.0642155 0.0775276 0.0878702 0.0856138 0.0372528 0.0774358 0.0414895 0.0562868 0.0738548 0.04512 0.0414219 0.0707831 0.0503606
0.0409104 0.0392512 0.0721467 0.0600821 0.0708692 0.0814707 0.0790733 0.0322775 0.0719928 0.0365813 0.0517862 0.06856 0.0403413 0.0367174 0.0652539 0.0458835
0.0502704 0.0477959 0.08972 0.0738879 0.0886896 0.102349 0.100251 0.0387894 0.0910454 0.0444487 0.0629313 0.085214 0.0486798 0.043458 0.0809555 0.0555943
0.0441638 0.042654 0.077395 0.0632143 0.07617 0.0876524 0.0854038 0.0350502 0.077242 0.0389628 0.0541844 0.0740084 0.0423969 0.0390858 0.069451 0.0487497
0.0441638 0.042654 0.077395 0.0632143 0.07617 0.0876524 0.0854038 0.0350502 0.077242 0.0389628 0.0541844 0.0740084 0.0423969 0.0390858 0.069451 0.0487497
0.0468914 0.0438818 0.0775888 0.0642155 0.0775276 0.0878702 0.0856138 0.0372528 0.0774358 0.0414895 0.0562868 0.0738548 0.04512 0.0414219 0.0707831 0.0503606
0.115859 0.110133 0.199768 0.16596 0.198216 0.223693 0.219293 0.0917873 0.199324 0.102302 0.144909 0.190506 0.112191 0.102836 0.181095 0.128163
0.0502704 0.0477959 0.08972 0.0738879 0.0886896 0.102349 0.100251 0.0387894 0.0910454 0.0444487 0.0629313 0.085214 0.0486798 0.043458 0.0809555 0.0555943
0.0468914 0.0438818 0.0775888 0.0642155 0.0775276 0.0878702 0.0856138 0.0372528 0.0774358 0.0414895 0.0562868 0.0738548 0.04512 0.0414219 0.0707831 0.0503606
loop 28
0.039331 0.0377584 0.0689228 0.0574848 0.0677079 0.07933 0.075479 0.0311782 0.068782 0.0352424 0.0496316 0.065522 0.0387972 0.0353678 0.0623879 0.0440304
0.0484837 0.045904 0.0865404 0.0702242 0.0854757 0.0979912 0.0958232 0.0377055 0.0863714 0.042411 0.0603105 0.0819049 0.0468143 0.0426062 0.0775059 0.0540139
0.0418538 0.0401916 0.0730881 0.0610304 0.0718146 0.082397 0.0800047 0.0332174 0.072939 0.0375254 0.0527368 0.0695024 0.0412884 0.0376602 0.0662027 0.0468314
0.0418538 0.0401916 0.0730881 0.0610304 0.0718146 0.082397 0.0800047 0.0332174 0.072939 0.0375254 0.0527368 0.0695024 0.0412884 0.0376602 0.0662027 0.0468314
0.0484837 0.045904 0.0865404 0.0702242 0.0854757 0.0979912 0.0958232 0.0377055 0.0863714 0.042411 0.0603105 0.0819049 0.0468143 0.0426062 0.0775059 0.0540139
0.115882 0.110155 0.199795 0.166001 0.198269 0.22374 0.219339 0.0918077 0.199364 0.102322 0.144934 0.190556 0.112208 0.102856 0.181142 0.128184
0.0355068 0.0340941 0.062451 0.0520437 0.0614036 0.0705894 0.0684933 0.0280775 0.0623214 0.0317655 0.0448548 0.0593864 0.0338284 0.0307696 0.0565044 0.0397995
0.0476306 0.0459277 0.0781965 0.0663308 0.0781444 0.0900408 0.0877855 0.0380249 0.0795781 0.0422445 0.0569926 0.07599 0.045864 0.0421791 0.0729198 0.0510829
0.0418538 0.0401916 0.0730881 0.0610304 0.0718146 0.082397 0.0800047 0.0332174 0.072939 0.0375254 0.0527368 0.0695024 0.0412884 0.0376602 0.0662027 0.0468314
0.0484837 0.045904 0.0865404 0.0702242 0.0854757 0.0979912 0.0958232 0.0377055 0.0863714 0.042411 0.0603105 0.0819049 0.0468143 0.0426062 0.0775059 0.0540139
0.0452962 0.0424928 0.0770176 0.064366 0.0773338 0.0888344 0.0865768 0.0349332 0.0783941 0.040075 0.0553152 0.0736627 0.0435164 0.0389436 0.0706026 0.0485472
0.0452962 0.0424928 0.0770176 0.064366 0.0773338 0.0888344 0.0865768 0.0349332 0.0783941 0.040075 0.0553152 0.0736627 0.0435164 0.0389436 0.0706026 0.0485472
0.0476306 0.0459277 0.0781965 0.0663308 0.0781444 0.0900408 0.0877855 0.0380249 0.0795781 0.0422445 0.0569926 0.07599 0.045864 0.0421791 0.0729198 0.0510829
0.115882 0.110155 0.199795 0.166001 0.198269 0.223725 0.219339 0.0918077 0.199351 0.102322 0.144934 0.190543 0.112213 0.102856 0.18113 0.128191
0.0484837 0.045904 0.0865404 0.0702242 0.0854757 0.0979912 0.0958232 0.0377055 0.0863714 0.042411 0.0603105 0.0819049 0.0468143 0.0426062 0.0775059 0.0540139
0.0476306 0.0459277 0.0781965 0.0663308 0.0781444 0.0900408 0.0877855 0.0380249 0.0795781 0.0422445 0.0569926 0.07599 0.045864 0.0421791 0.0729198 0.0510829
loop 29
0.0403812 0.0388116 0.0700481 0.057152 0.0688234 0.07889 0.0766111 0.0322073 0.0699042 0.0362848 0.0493361 0.0666315 0.038556 0.0351483 0.0635021 0.0437647
0.0461981 0.0436856 0.083356 0.0674201 0.0823012 0.0945411 0.0909072 0.0357069 0.0832028 0.0414826 0.0577393 0.0788304 0.0445664 0.0404785 0.074529 0.0515957
0.0421515 0.03912 0.0719199 0.0598886 0.0706474 0.081221 0.0788244 0.0321675 0.0717741 0.0364603 0.0516148 0.0683405 0.040209 0.0365934 0.0650422 0.0457272
0.0421515 0.03912 0.0719199 0.0598886 0.0706474 0.081221 0.0788244 0.0321675 0.0717741 0.0364603 0.0516148 0.0683405 0.040209 0.0365934 0.0650422 0.0457272
0.0461981 0.0436856 0.083356 0.0674201 0.0823012 0.0945411 0.0909072 0.0357069 0.0832028 0.0414826 0.0577393 0.0788304 0.0445664 0.0404785 0.074529 0.0515957
0.115876 0.11015 0.199781 0.16598 0.198256 0.223709 0.219323 0.0917996 0.199337 0.102317 0.144934 0.190531 0.112208 0.102851 0.181119 0.128184
0.0354744 0.0340639 0.0623943 0.052 0.0613481 0.0705318 0.068438 0.02805 0.0622647 0.0317353 0.0448195 0.059341 0.0349736 0.0318896 0.0564551 0.0397615
0.0421617 0.0405012 0.0707109 0.0591222 0.070747 0.0808496 0.078623 0.0339347 0.0720599 0.0380919 0.0513198 0.0686039 0.0404029 0.038077 0.0655452 0.0468813
0.0421515 0.03912 0.0719199 0.0598886 0.0706474 0.081221 0.0788244 0.0321675 0.0717741 0.0364603 0.0516148 0.0683405 0.040209 0.0365934 0.0650422 0.0457272
0.0461981 0.0436856 0.083356 0.0674201 0.0823012 0.0945411 0.0909072 0.0357069 0.0832028 0.0414826 0.0577393 0.0788304 0.0445664 0.0404785 0.074529 0.0515957
0.045101 0.0423055 0.0783005 0.0641363 0.0770686 0.088551 0.0863036 0.0347643 0.0781444 0.0399004 0.0551104 0.0749188 0.0433323 0.0400274 0.0703589 0.0496837
0.045101 0.0423055 0.0783005 0.0641363 0.0770686 0.088551 0.0863036 0.0347643 0.0781444 0.0399004 0.0551104 0.0749188 0.0433323 0.0400274 0.0703589 0.0496837
0.0421617 0.0405012 0.0707109 0.0591222 0.070747 0.0808496 0.078623 0.0339347 0.0720599 0.0380919 0.0513198 0.0686039 0.0404029 0.038077 0.0655452 0.0468813
0.115876 0.110155 0.199808 0.165991 0.198256 0.22374 0.219354 0.0918077 0.199364 0.102322 0.144934 0.190543 0.112208 0.102856 0.18113 0.128184
0.0461981 0.0436856 0.083356 0.0674201 0.0823012 0.0945411 0.0909072 0.0357069 0.0832028 0.0414826 0.0577393 0.0788304 0.0445664 0.0404785 0.074529 0.0515957
0.0421617 0.0405012 0.0707109 0.0591222 0.070747 0.0808496 0.078623 0.0339347 0.0720599 0.0380919 0.0513198 0.0686039 0.0404029 0.038077 0.0655452 0.0468813
loop 30
0.0401775 0.03861 0.069718 0.0583142 0.0700142 0.0801085 0.0778297 0.0320343 0.0711034 0.0360996 0.0504656 0.0678213 0.0396473 0.0362199 0.0646771 0.0448765
0.0428728 0.0402712 0.0753239 0.0620217 0.0742638 0.0866377 0.0829697 0.0331918 0.0766422 0.0379754 0.0534656 0.07221 0.0411821 0.038158 0.0692785 0.0471429
0.0419878 0.0403274 0.073262 0.0596702 0.0719847 0.082593 0.0801835 0.0333422 0.0731047 0.037654 0.0514232 0.0696728 0.0400559 0.0364603 0.0663616 0.0455624
0.0419878 0.0403274 0.073262 0.0596702 0.0719847 0.082593 0.0801835 0.0333422 0.0731047 0.037654 0.0514232 0.0696728 0.0400559 0.0364603 0.0663616 0.0455624
0.0428728 0.0402712 0.0753239 0.0620217 0.0742638 0.0866377 0.0829697 0.0331918 0.0766422 0.0379754 0.0534656 0.07221 0.0411821 0.038158 0.0692785 0.0471429
0.11587 0.110144 0.199808 0.16597 0.198256 0.22374 0.219339 0.0917996 0.199364 0.102312 0.144918 0.190531 0.112202 0.102851 0.181119 0.128177
0.0355068 0.0340941 0.0624429 0.0520437 0.0613957 0.0705798 0.0684841 0.0280775 0.0623133 0.0317625 0.0448548 0.0593864 0.033825 0.0307696 0.0564974 0.0397953
0.045913 0.0441916 0.07673 0.0647542 0.07665 0.0870283 0.0847684 0.0374976 0.07658 0.0405094 0.05536 0.0729762 0.0441453 0.041705 0.0699016 0.0507431
0.0419878 0.0403274 0.073262 0.0596702 0.0719847 0.082593 0.0801835 0.0333422 0.0731047 0.037654 0.0514232 0.0696728 0.0400559 0.0364603 0.0663616 0.0455624
0.0428728 0.0402712 0.0753239 0.0620217 0.0742638 0.0866377 0.0829697 0.0331918 0.0766422 0.0379754 0.0534656 0.07221 0.0411821 0.038158 0.0692785 0.0471429
0.044284 0.0414979 0.0774256 0.063284 0.07622 0.0876766 0.0854271 0.033966 0.0772726 0.0390858 0.0542655 0.0740564 0.0425102 0.0392242 0.0694951 0.0488616
0.044284 0.0414979 0.0774256 0.063284 0.07622 0.0876766 0.0854271 0.033966 0.0772726 0.0390858 0.0542655 0.0740564 0.0425102 0.0392242 0.0694951 0.0488616
0.045913 0.0441916 0.07673 0.0647542 0.07665 0.0870283 0.0847684 0.0374976 0.07658 0.0405094 0.05536 0.0729762 0.0441453 0.041705 0.0699016 0.0507431
0.115876 0.11015 0.199781 0.166001 0.198256 0.223725 0.219323 0.0918036 0.199351 0.102317 0.144934 0.190543 0.112208 0.102851 0.18113 0.128184
0.0428728 0.0402712 0.0753239 0.0620217 0.0742638 0.0866377 0.0829697 0.0331918 0.0766422 0.0379754 0.0534656 0.07221 0.0411821 0.038158 0.0692785 0.0471429
0.045913 0.0441916 0.07673 0.0647542 0.07665 0.0870283 0.0847684 0.0374976 0.07658 0.0405094 0.05536 0.0729762 0.0441453 0.041705 0.0699016 0.0507431
loop 31
0.0413609 0.0384984 0.0710342 0.058137 0.0698195 0.0798738 0.0776043 0.0319451 0.0708959 0.0359924 0.0503164 0.0676269 0.0395319 0.0361224 0.0644879 0.0447419
0.0463419 0.0436552 0.0813936 0.0676006 0.0803171 0.0931559 0.09092 0.0363277 0.0827763 0.0412783 0.0586989 0.0781883 0.0445915 0.0402145 0.07515 0.0507653
0.0419245 0.0402612 0.0731626 0.0595891 0.0718875 0.0824852 0.08008 0.033285 0.0730136 0.0375912 0.0513527 0.0695798 0.0399932 0.0363968 0.0662749 0.0454906
0.0419245 0.0402612 0.0731626 0.0595891 0.0718875 0.0824852 0.08008 0.033285 0.0730136 0.0375912 0.0513527 0.0695798 0.0399932 0.0363968 0.0662749 0.0454906
0.0463419 0.0436552 0.0813936 0.0676006 0.0803171 0.0931559 0.09092 0.0363277 0.0827763 0.0412783 0.0586989 0.0781883 0.0445915 0.0402145 0.07515 0.0507653
0.115853 0.110128 0.199781 0.16597 0.19823 0.223709 0.219308 0.0917791 0.199337 0.102297 0.144901 0.190506 0.112185 0.102831 0.181107 0.128156
0.0355284 0.0341143 0.0624753 0.0520687 0.0614274 0.0706182 0.068521 0.028095 0.0623457 0.0317837 0.04488 0.0594166 0.0338452 0.0307871 0.0565327 0.0398206
0.0478639 0.0448391 0.078675 0.0652536 0.0786022 0.0889699 0.0867194 0.0381923 0.078519 0.0424492 0.0573087 0.0749188 0.0447867 0.0423752 0.0718479 0.0513486
0.0419245 0.0402612 0.0731626 0.0595891 0.0718875 0.0824852 0.08008 0.033285 0.0730136 0.0375912 0.0513527 0.0695798 0.0399932 0.0363968 0.0662749 0.0454906
0.0463419 0.0436552 0.0813936 0.0676006 0.0803171 0.0931559 0.09092 0.0363277 0.0827763 0.0412783 0.0586989 0.0781883 0.0445915 0.0402145 0.07515 0.0507653
0.0448867 0.0433907 0.0794826 0.065286 0.0782485 0.0897523 0.0875072 0.0358199 0.0793235 0.0397059 0.0562343 0.0761 0.0431258 0.0398369 0.0715254 0.0494483
0.0448867 0.0433907 0.0794826 0.065286 0.0782485 0.0897523 0.0875072 0.0358199 0.0793235 0.0397059 0.0562343 0.0761 0.0431258 0.0398369 0.0715254 0.0494483
0.0478639 0.0448391 0.078675 0.0652536 0.0786022 0.0889699 0.0867194 0.0381923 0.078519 0.0424492 0.0573087 0.0749188 0.0447867 0.0423752 0.0718479 0.0513486
0.115859 0.110133 0.199781 0.16597 0.198243 0.223709 0.219323 0.0917873 0.199337 0.102297 0.144909 0.190531 0.112185 0.102831 0.181119 0.128156
0.0463419 0.0436552 0.0813936 0.0676006 0.0803171 0.0931559 0.09092 0.0363277 0.0827763 0.0412783 0.0586989 0.0781883 0.0445915 0.0402145 0.07515 0.0507653
0.0478639 0.0448391 0.078675 0.0652536 0.0786022 0.0889699 0.0867194 0.0381923 0.078519 0.0424492 0.0573087 0.0749188 0.0447867 0.0423752 0.0718479 0.0513486

work load: mesa.mips crafty.mips twolf.mips twolf.mips crafty.mips bzip2.mips wupwise.mips ammp.mips twolf.mips crafty.mips vpr.mips vpr.mips ammp.mips gzip.mips crafty.mips ammp.mips
