loop 0
	0.0303325	0.0450629	0.0362198	0.0435687	0.625094	0.0377176	0.0402933	0.0305045
	0.0325017	0.0452631	0.0358308	0.0443963	0.615019	0.038286	0.0394813	0.031522
	0	0	0	0	0	0	0	0
	0.0408069	0.06296	0.0476197	0.061397	0.562639	0.0458075	0.049525	0.0402877
	0.03797	0.0526205	0.0441112	0.051089	0.713035	0.0472502	0.0491084	0.0377235
	0.10537	0.141005	0.119375	0.141478	0.836709	0.141361	0.114194	0.104131
	0.0265144	0.0379574	0.0311091	0.041542	0.455792	0.0295628	0.0340268	0.0257841
	0.0276536	0.0398087	0.0328558	0.0385101	0.639742	0.0327951	0.0376351	0.0281475
loop 1
	0.030305	0.0450581	0.036178	0.04356	0.624875	0.0376039	0.0402377	0.0304941
	0.0330723	0.0458628	0.037552	0.0462159	0.61809	0.0401467	0.0413515	0.0332667
	0	0	0	0	0	0	0	0
	0.0409833	0.0620991	0.0466368	0.0615813	0.562639	0.0448102	0.0497661	0.0404591
	0.0349353	0.050901	0.0410408	0.0480384	0.70728	0.047294	0.0471711	0.035905
	0.110257	0.146471	0.124273	0.146881	0.857438	0.144654	0.119087	0.109021
	0.026496	0.0379321	0.0310879	0.0415235	0.455792	0.0295412	0.0340059	0.0257656
	0.0276425	0.0398052	0.0328558	0.0385038	0.639959	0.0327721	0.0376351	0.0281353
loop 2
	0.0302975	0.0450057	0.0361571	0.0435556	0.625314	0.0377436	0.0401544	0.0304525
	0.0315395	0.0442274	0.0348448	0.0432806	0.611085	0.0371945	0.0385231	0.0306181
	0	0	0	0	0	0	0	0
	0.0415983	0.0628734	0.0473472	0.0611715	0.565563	0.0454744	0.049213	0.0409732
	0.0374925	0.0549979	0.0450468	0.0520847	0.713488	0.0511704	0.0501228	0.0384327
	0.0800897	0.106706	0.0904434	0.107189	0.766928	0.117425	0.08728	0.078879
	0.0264707	0.0379025	0.0310607	0.0414865	0.455792	0.0295142	0.0339815	0.0257426
	0.027637	0.0397948	0.0328376	0.0384944	0.639742	0.0327767	0.0376226	0.0281374
loop 3
	0.0303125	0.0450105	0.0362268	0.0435687	0.625314	0.0377566	0.0401822	0.0304551
	0.0331449	0.0459924	0.0376674	0.046347	0.61765	0.0389031	0.0402558	0.0322193
	0	0	0	0	0	0	0	0
	0.0407615	0.06327	0.0475673	0.0613048	0.562639	0.0457541	0.0497592	0.0402473
	0.0375825	0.0535672	0.0437214	0.0505492	0.709816	0.0480682	0.0503972	0.0372719
	0.086751	0.114019	0.0973594	0.114732	0.783941	0.125013	0.0942831	0.0853123
	0.0264822	0.0379194	0.0310728	0.041505	0.455633	0.0295277	0.0339954	0.0257541
	0.0276352	0.0397948	0.0328402	0.0384975	0.639742	0.0328159	0.0376257	0.0281374
loop 4
	0.0304625	0.0451867	0.0351303	0.0437386	0.625094	0.0379256	0.040333	0.0306138
	0.0332871	0.046148	0.0378326	0.0465436	0.61875	0.0390891	0.0404121	0.032313
	0	0	0	0	0	0	0	0
	0.0411648	0.0616001	0.0468416	0.0605668	0.560803	0.0450066	0.0489776	0.0406355
	0.045848	0.0639172	0.0546468	0.0620775	0.737164	0.0584737	0.0569576	0.0455616
	0.0888461	0.116185	0.0994015	0.116791	0.7895	0.125395	0.0965959	0.08755
	0.026496	0.0379321	0.0310879	0.0415189	0.455792	0.0295412	0.0340059	0.0257679
	0.0276352	0.0398018	0.0328532	0.0385007	0.639959	0.0327859	0.037632	0.0281353
loop 5
	0.0305975	0.0440667	0.0353355	0.0426007	0.624875	0.0368794	0.0403608	0.0295375
	0.0331449	0.0472629	0.0376866	0.0463671	0.61875	0.0403774	0.0415432	0.0333827
	0	0	0	0	0	0	0	0
	0.0410186	0.061456	0.0466816	0.061655	0.560595	0.0448506	0.0489037	0.0404944
	0.0529012	0.0727615	0.0630431	0.0704258	0.747545	0.0672862	0.0635649	0.052638
	0.089473	0.119403	0.101028	0.120422	0.795933	0.115316	0.0972661	0.0882675
	0.026473	0.0379067	0.0310637	0.0414912	0.455792	0.0295169	0.033985	0.0257449
	0.0284127	0.0418761	0.0335837	0.0392154	0.64249	0.0335516	0.0385039	0.0289024
loop 6
	0.0305225	0.04522	0.0363695	0.0439085	0.629968	0.0378833	0.0414065	0.0306892
	0.0339441	0.0467247	0.0384398	0.0471381	0.61765	0.0398238	0.0411598	0.032997
	0	0	0	0	0	0	0	0
	0.0410841	0.0615424	0.046752	0.0604585	0.560595	0.04492	0.0489507	0.0405599
	0.0606836	0.0843776	0.0725357	0.0819744	0.771921	0.0757008	0.0708654	0.0600152
	0.078007	0.104605	0.0885172	0.105255	0.765053	0.119223	0.0869251	0.0783859
	0.0264937	0.0379278	0.0310849	0.0415143	0.455792	0.0295385	0.0340024	0.0257633
	0.027637	0.0397878	0.0328402	0.0384975	0.639742	0.032779	0.0376132	0.0281394
loop 7
	0.03027	0.0450057	0.0361258	0.0435034	0.625533	0.0377956	0.0412959	0.0304031
	0.0339786	0.0468526	0.0384318	0.0471588	0.61787	0.0410236	0.041186	0.0330001
	0	0	0	0	0	0	0	0
	0.0404985	0.0610362	0.0474048	0.0611624	0.562675	0.0443588	0.0482824	0.0399203
	0.0611038	0.0829895	0.0713432	0.080913	0.76952	0.0809995	0.0746921	0.0607562
	0.0807298	0.107487	0.0894869	0.108167	0.768643	0.118232	0.08805	0.0794887
	0.0265121	0.0379532	0.0311061	0.041542	0.455792	0.0295574	0.0340233	0.0257818
	0.0276222	0.0397843	0.0328324	0.0384819	0.639742	0.0327928	0.0376163	0.0281232
loop 8
	0.03058	0.0442609	0.0354296	0.0438649	0.625971	0.0367633	0.0405195	0.0307204
	0.0314973	0.0442127	0.0360144	0.0432853	0.611085	0.0371283	0.0385191	0.0305872
	0	0	0	0	0	0	0	0
	0.040621	0.0602173	0.0463581	0.0611354	0.559589	0.0444881	0.0473984	0.0400477
	0.0348381	0.049807	0.0419511	0.04779	0.702957	0.0542088	0.046732	0.03462
	0.0835083	0.110473	0.0941015	0.111251	0.777584	0.125537	0.0909518	0.0821699
	0.0264799	0.0379152	0.0310698	0.041505	0.455792	0.029525	0.033992	0.0257518
	0.027637	0.0397878	0.0328402	0.038485	0.639742	0.0328067	0.0376163	0.0281293
loop 9
	0.0305	0.0440482	0.0351773	0.0437734	0.625094	0.0367696	0.0404084	0.0306268
	0.0329634	0.0470391	0.0375174	0.0462008	0.61831	0.0399968	0.0413515	0.0332291
	0	0	0	0	0	0	0	0
	0.0393973	0.0599501	0.0462645	0.0598286	0.561219	0.0444094	0.0482824	0.0388831
	0.0399868	0.0552198	0.0471582	0.0530491	0.714847	0.0585564	0.0526161	0.0397772
	0.0862535	0.115217	0.0967113	0.115635	0.782112	0.120582	0.0956296	0.0850335
	0.0264753	0.0379067	0.0310637	0.0414912	0.455792	0.0295169	0.033985	0.0257449
	0.0276721	0.0398366	0.0328844	0.0385352	0.639959	0.0328343	0.037654	0.0281657
loop 10
	0.03051	0.044002	0.0351706	0.0437168	0.625094	0.0367665	0.0403647	0.0306164
	0.0339378	0.0480902	0.0384795	0.0472055	0.621833	0.0411506	0.0424525	0.0341795
	0	0	0	0	0	0	0	0
	0.0393449	0.0599593	0.0462021	0.0597049	0.55876	0.0443531	0.0483349	0.0399693
	0.0862737	0.112843	0.0973486	0.113392	0.795515	0.100333	0.0917892	0.0808694
	0.0826122	0.110045	0.0939185	0.111093	0.780456	0.108054	0.0903144	0.0815196
	0.0264937	0.0379321	0.0310849	0.0415189	0.455792	0.0295412	0.0340094	0.0257656
	0.0276536	0.0398226	0.0328636	0.0385164	0.639742	0.0327997	0.0376445	0.0281515
loop 11
	0.0303575	0.0451343	0.0362616	0.0435905	0.625971	0.0377989	0.0402417	0.0304785
	0.0336963	0.0478329	0.0381619	0.0481422	0.620729	0.0408093	0.0421697	0.033978
	0	0	0	0	0	0	0	0
	0.0388299	0.0581299	0.044712	0.0572994	0.562487	0.0427524	0.0471695	0.0382059
	0.0403457	0.0566636	0.0479495	0.0549229	0.717171	0.049554	0.0521936	0.0404654
	0.0817595	0.108376	0.0904218	0.10898	0.768153	0.11724	0.0892179	0.0805481
	0.0264845	0.0379194	0.0310758	0.041505	0.455792	0.0295277	0.0339954	0.0257541
	0.0276555	0.0398226	0.0328636	0.0385226	0.639742	0.0327905	0.0376414	0.0281556
loop 12
	0.03062	0.0441083	0.0352682	0.0426134	0.625314	0.03814	0.0404719	0.0295225
	0.0313007	0.045243	0.0357768	0.0442773	0.611522	0.0383328	0.0395756	0.0315744
	0	0	0	0	0	0	0	0
	0.0383226	0.0574553	0.0441229	0.0565623	0.559796	0.0422029	0.0466078	0.0377974
	0.034699	0.0510362	0.0422792	0.0478224	0.706157	0.042017	0.047279	0.034973
	0.0859512	0.114668	0.0963563	0.115502	0.781461	0.121988	0.0935692	0.0846977
	0.0264776	0.0379109	0.0310667	0.0414958	0.455792	0.0295223	0.0339885	0.0257495
	0.0276462	0.0398087	0.0328662	0.0385195	0.639959	0.0328159	0.0376414	0.0281475
loop 13
	0.0305625	0.0441315	0.0353657	0.0437691	0.622426	0.0378963	0.0405156	0.029495
	0.0337528	0.0478876	0.0382691	0.0469774	0.620729	0.0408847	0.042219	0.0340203
	0	0	0	0	0	0	0	0
	0.038767	0.0581126	0.0446427	0.0571941	0.562487	0.0426851	0.0471882	0.038143
	0.0322421	0.0455384	0.0384355	0.0439573	0.70139	0.0380342	0.044425	0.0311749
	0.096079	0.128781	0.107925	0.129274	0.81757	0.131025	0.104233	0.0949008
	0.0264845	0.0379194	0.0310758	0.041505	0.455633	0.0295277	0.0339954	0.0257541
	0.0276555	0.0398157	0.0328662	0.0385258	0.639742	0.0327928	0.0376383	0.0281576
loop 14
	0.03038	0.04512	0.0350394	0.0436645	0.625094	0.0377501	0.0403409	0.0305331
	0.034104	0.0470231	0.0386938	0.0474751	0.621833	0.0412697	0.041382	0.0331632
	0	0	0	0	0	0	0	0
	0.0354571	0.0568988	0.0403221	0.0529764	0.564764	0.0394448	0.047675	0.034819
	0.0348293	0.0495649	0.0424384	0.04797	0.706157	0.0405438	0.0474353	0.0351146
	0.0989807	0.131725	0.110678	0.132402	0.821559	0.138884	0.107228	0.0977687
	0.026496	0.0379363	0.0310879	0.0415235	0.455792	0.0295412	0.0340059	0.0257679
	0.0276481	0.0398052	0.0328532	0.0385132	0.639742	0.0328366	0.037632	0.0281495
loop 15
	0.0306875	0.0440945	0.0353926	0.0427063	0.625094	0.0367445	0.0393549	0.02963
	0.0338908	0.0468313	0.038412	0.0471744	0.62095	0.0410077	0.0423941	0.0329562
	0	0	0	0	0	0	0	0
	0.0340092	0.0562869	0.0400876	0.0516	0.565592	0.0380166	0.0468346	0.0333972
	0.0438005	0.0601111	0.0511307	0.0583247	0.728525	0.0529584	0.0545493	0.0421883
	0.0977974	0.128763	0.109847	0.131081	0.806257	0.128906	0.104476	0.0964496
	0.0264799	0.0379109	0.0310698	0.0415004	0.455792	0.0295223	0.0339885	0.0257495
	0.0276444	0.0398157	0.0328688	0.0385132	0.639959	0.0328504	0.0376477	0.0281455
loop 16
	0.0295611	0.044358	0.0354969	0.0427823	0.622426	0.0370205	0.0394279	0.02972
	0.0313232	0.0453085	0.0358128	0.0443344	0.611958	0.038322	0.0395264	0.031589
	0	0	0	0	0	0	0	0
	0.0346156	0.0575379	0.0399489	0.0509413	0.579463	0.0377519	0.0479466	0.0335223
	0.0513925	0.0711014	0.0598444	0.0688448	0.740717	0.0653123	0.0617344	0.0498381
	0.0814237	0.108157	0.0918382	0.108482	0.767663	0.115171	0.0889731	0.0801871
	0.0264868	0.0379236	0.0310788	0.0415096	0.455633	0.0295331	0.0339954	0.0257587
	0.0283992	0.0418575	0.0335648	0.0391829	0.64249	0.0335276	0.0384877	0.0288771
loop 17
	0.030485	0.0440898	0.0353119	0.0436602	0.622426	0.0380165	0.0404759	0.029435
	0.0337747	0.0479807	0.0383088	0.0470085	0.62095	0.0409323	0.0422415	0.034069
	0	0	0	0	0	0	0	0
	0.0374912	0.0625703	0.0436026	0.0560371	0.583586	0.0416299	0.0488363	0.0366101
	0.0349088	0.0497038	0.0409938	0.0480528	0.705932	0.0406114	0.0475209	0.0351867
	0.097721	0.129822	0.110891	0.130403	0.816316	0.130516	0.105972	0.0966519
	0.0264983	0.0379405	0.031091	0.0415235	0.455792	0.0295466	0.0340094	0.0257702
	0.0276666	0.0398296	0.0328818	0.0385289	0.639959	0.0328251	0.0376508	0.0281576
loop 18
	0.0311652	0.0459571	0.0357882	0.0444456	0.625094	0.0386053	0.0412344	0.0313231
	0.0340225	0.0482709	0.0386144	0.0473766	0.622275	0.0412974	0.0425647	0.0342705
	0	0	0	0	0	0	0	0
	0.0349005	0.059292	0.0391212	0.0499679	0.572178	0.038027	0.0442403	0.033804
	0.0360415	0.0508109	0.0421785	0.0476172	0.705483	0.0418035	0.0471413	0.0348337
	0.115917	0.150647	0.128051	0.153239	0.87201	0.149207	0.123054	0.11277
	0.0264868	0.0379194	0.0310758	0.0415096	0.455792	0.0295304	0.0339954	0.0257564
	0.0276869	0.0398609	0.0329026	0.0385634	0.639959	0.0328481	0.0376759	0.0269472
loop 19
	0.0312614	0.04606	0.0358961	0.0445219	0.625094	0.0386894	0.0412344	0.0301846
	0.0346343	0.0487744	0.0391414	0.047913	0.623595	0.0417587	0.0419766	0.0336986
	0	0	0	0	0	0	0	0
	0.0380968	0.0620052	0.0440763	0.0559198	0.57537	0.0421106	0.0465189	0.0373913
	0.0346703	0.0509542	0.042328	0.0477576	0.705258	0.040414	0.0472716	0.0349874
	0.118627	0.155801	0.132827	0.15614	0.879795	0.152104	0.126055	0.117421
	0.0264753	0.0379067	0.0310637	0.0414912	0.455633	0.0295196	0.033985	0.0257472
	0.027698	0.0398679	0.0329105	0.0385728	0.639742	0.0328228	0.0376822	0.0269588
loop 20
	0.0302425	0.0448962	0.0361293	0.0434467	0.625094	0.0376429	0.0401107	0.0303667
	0.0321081	0.0461169	0.0365663	0.0451486	0.614581	0.0390556	0.0403868	0.0323342
	0	0	0	0	0	0	0	0
	0.0371425	0.0624475	0.0433514	0.0551668	0.567249	0.0411588	0.0458037	0.0362332
	0.032368	0.0456707	0.038576	0.0425527	0.698428	0.0367142	0.0445326	0.0313126
	0.105228	0.136045	0.118655	0.138158	0.844385	0.132393	0.112278	0.10416
	0.0265144	0.0379532	0.0311091	0.0415466	0.455792	0.0295601	0.0340233	0.0257841
	0.0276869	0.0398574	0.0328974	0.0385603	0.639742	0.0328044	0.0376728	0.0269472
loop 21
	0.0303	0.04502	0.0361746	0.0435426	0.625094	0.0376429	0.0401742	0.0304291
	0.03369	0.0478493	0.0382135	0.0469411	0.623373	0.0407338	0.0421517	0.0339488
	0	0	0	0	0	0	0	0
	0.039956	0.0640201	0.0469502	0.0601283	0.576822	0.0451222	0.0488896	0.0392948
	0.0360783	0.0508805	0.0421948	0.0476424	0.705707	0.0418681	0.0472232	0.0348577
	0.105688	0.135915	0.117012	0.138198	0.835702	0.12672	0.112779	0.10262
	0.026496	0.0379321	0.0310879	0.0415235	0.455792	0.0295412	0.0340059	0.0257679
	0.0276814	0.0398574	0.0329026	0.038554	0.639959	0.0328527	0.0376759	0.0281819
loop 22
	0.030485	0.0452914	0.0353254	0.0436863	0.625314	0.0366379	0.0403568	0.030606
	0.0346831	0.0489094	0.0392397	0.0493661	0.625148	0.0419553	0.0433084	0.0349217
	0	0	0	0	0	0	0	0
	0.0375439	0.0622541	0.0437777	0.0557141	0.56994	0.041654	0.0464159	0.0377335
	0.0322344	0.0454827	0.0384664	0.0438915	0.697759	0.0365507	0.044425	0.031187
	0.0998467	0.132056	0.112622	0.134391	0.811581	0.119816	0.1068	0.0987708
	0.026466	0.037894	0.0310546	0.0414819	0.455792	0.0295088	0.0339746	0.025738
	0.0276721	0.0398366	0.0328792	0.0385414	0.639742	0.0327882	0.0376571	0.0269356
loop 23
	0.0315319	0.0463001	0.0361432	0.0436036	0.629308	0.0376722	0.0412017	0.0304655
	0.0346538	0.0488362	0.0391864	0.047961	0.624482	0.0418611	0.0432344	0.0348847
	0	0	0	0	0	0	0	0
	0.0403876	0.06433	0.0461289	0.0603181	0.570735	0.0443118	0.048288	0.0398258
	0.0346835	0.0509665	0.0423085	0.0477972	0.705483	0.0419777	0.0472344	0.034949
	0.098349	0.12676	0.109903	0.128974	0.826833	0.120929	0.104999	0.0973694
	0.0264914	0.0379278	0.0310819	0.0415143	0.455792	0.0295358	0.0340024	0.025761
	0.0276814	0.0398505	0.0328974	0.0385508	0.639959	0.0328643	0.037679	0.0269414
loop 24
	0.0303775	0.0451295	0.0362268	0.0436253	0.625752	0.0378898	0.041345	0.0305175
	0.0354465	0.0496563	0.0398756	0.0486707	0.623595	0.0426429	0.0427905	0.0344776
	0	0	0	0	0	0	0	0
	0.0387179	0.0626964	0.0437511	0.0557363	0.57328	0.042875	0.0464968	0.0377123
	0.0340845	0.0487919	0.0403112	0.0456596	0.700719	0.0397979	0.0449606	0.0329737
	0.0997458	0.130405	0.111337	0.130578	0.83241	0.122692	0.10838	0.0987284
	0.0265029	0.0379405	0.031097	0.0415281	0.455792	0.0295493	0.0340129	0.0257725
	0.0276684	0.03984	0.0328896	0.0385352	0.639959	0.0328113	0.0376634	0.0281617
loop 25
	0.03048	0.044002	0.0351605	0.043743	0.625314	0.0368888	0.0402893	0.0305904
	0.0332175	0.0460547	0.0365291	0.0451241	0.617431	0.0389663	0.0403699	0.0322798
	0	0	0	0	0	0	0	0
	0.0396369	0.0635007	0.0454102	0.0582237	0.570735	0.0435646	0.0473754	0.0390913
	0.0366825	0.0530648	0.0443166	0.0497913	0.710719	0.0441136	0.0496085	0.0367625
	0.0987132	0.127406	0.11035	0.129574	0.826069	0.119654	0.10744	0.0977089
	0.0264799	0.0379152	0.0310698	0.0415004	0.455792	0.0295223	0.0339885	0.0257518
	0.0274835	0.0408672	0.0327128	0.0382341	0.639742	0.0338109	0.0374313	0.0279814
loop 26
	0.0304175	0.0452247	0.0350832	0.043621	0.625094	0.0367069	0.0402139	0.0305357
	0.0347708	0.0490556	0.0393503	0.0481901	0.624704	0.0419799	0.0434009	0.0350327
	0	0	0	0	0	0	0	0
	0.0372173	0.0621462	0.0435197	0.0542395	0.574111	0.041394	0.0459	0.036229
	0.0322015	0.0454236	0.0384355	0.043857	0.697759	0.0364539	0.0443644	0.0311445
	0.0996609	0.130278	0.111285	0.132453	0.82911	0.122571	0.108416	0.0986095
	0.0264845	0.0379194	0.0310758	0.041505	0.455633	0.0295304	0.0339954	0.0257564
	0.027478	0.0408636	0.0327102	0.0382341	0.639742	0.0338493	0.0374282	0.0279814
loop 27
	0.0302025	0.0450391	0.0362059	0.0432812	0.625094	0.0376916	0.0400869	0.0303251
	0.035618	0.0498584	0.0401629	0.0489992	0.62736	0.0427823	0.0430263	0.0346559
	0	0	0	0	0	0	0	0
	0.0373236	0.0608625	0.0432221	0.0559272	0.565772	0.0412678	0.0459794	0.0367828
	0.0348337	0.0495411	0.040953	0.047952	0.705483	0.0405438	0.0473981	0.0351026
	0.100075	0.12875	0.111675	0.130969	0.828098	0.121035	0.106822	0.097189
	0.0265006	0.0379405	0.031094	0.0415281	0.455792	0.0295466	0.0340129	0.0257702
	0.0282656	0.0416194	0.0334728	0.0403512	0.642708	0.03462	0.0383317	0.0287543
loop 28
	0.0294699	0.0443025	0.0343094	0.0425415	0.622426	0.0369421	0.04046	0.0295725
	0.0353153	0.0496043	0.041003	0.0498937	0.626914	0.0425204	0.0439393	0.0355828
	0	0	0	0	0	0	0	0
	0.036157	0.0597897	0.0412969	0.0534155	0.576191	0.0403671	0.0447156	0.0352007
	0.037785	0.0542406	0.0454896	0.0509104	0.714394	0.0467824	0.0492632	0.0378208
	0.0981617	0.128578	0.109724	0.128774	0.82658	0.12089	0.106691	0.0971678
	0.026473	0.0379067	0.0310637	0.0414958	0.455792	0.0295169	0.033985	0.0257449
	0.0274613	0.040842	0.032692	0.0382153	0.639742	0.0338109	0.0374156	0.0279673
loop 29
	0.0304925	0.0439881	0.035174	0.0437125	0.625314	0.0368166	0.0402893	0.030593
	0.0321489	0.0462309	0.0366667	0.0452515	0.617431	0.0392119	0.0404797	0.032434
	0	0	0	0	0	0	0	0
	0.0342036	0.0574205	0.040478	0.0508412	0.565592	0.0382616	0.0425451	0.0334548
	0.0361221	0.050946	0.0422532	0.0477324	0.709139	0.0419019	0.0472418	0.0348817
	0.101238	0.129913	0.112809	0.132041	0.828604	0.122369	0.108089	0.100206
	0.0264822	0.0379152	0.0310728	0.0415004	0.455792	0.0295277	0.033992	0.0257541
	0.0274484	0.0408276	0.032679	0.0382059	0.639742	0.0338493	0.0374031	0.0279572
loop 30
	0.030325	0.045101	0.0362268	0.0435426	0.625094	0.0377436	0.0401266	0.0304369
	0.0346733	0.0489881	0.0392602	0.0480782	0.624926	0.0419226	0.0432806	0.0349318
	0	0	0	0	0	0	0	0
	0.0316234	0.0548561	0.0369157	0.0475762	0.574943	0.03582	0.0425271	0.0308248
	0.038025	0.0528731	0.0440695	0.0495914	0.713035	0.0439835	0.0493664	0.0365805
	0.0973583	0.128005	0.109045	0.128264	0.828857	0.1202	0.105874	0.0964243
	0.0265144	0.0379532	0.0311091	0.041542	0.455792	0.0295601	0.0340233	0.0257841
	0.0274466	0.0408312	0.0326842	0.038209	0.639742	0.0337773	0.0373999	0.0279572
loop 31
	0.0302425	0.04492	0.0361432	0.0435208	0.624656	0.0376137	0.0401425	0.0304057
	0.0365783	0.0495581	0.0411163	0.0500175	0.62736	0.0425542	0.0440583	0.0355863
	0	0	0	0	0	0	0	0
	0.0346961	0.0578499	0.0402009	0.0502512	0.588251	0.0392165	0.0448699	0.0334744
	0.036865	0.0515619	0.0429246	0.0499989	0.709365	0.042699	0.0480692	0.0356225
	0.103133	0.134662	0.11433	0.135082	0.825771	0.125784	0.109724	0.100167
	0.026496	0.0379321	0.0310879	0.0415235	0.455792	0.0295412	0.0340059	0.0257656
	0.0274484	0.0408276	0.032679	0.0381996	0.639742	0.0338061	0.0373968	0.0279551

work load: mesa ammp applu crafty vortex gcc wupwise mcf
