loop 0
	0.45	0.45	0.49	0.48	0.48
	0.95	0.94	0.96	0.95	0.96
	0.99	0.99	1.00	1.00	1.00
	0.98	0.98	0.99	0.99	0.99
loop 1
	0.44	0.44	0.48	0.47	0.47
	0.96	0.96	0.97	0.97	0.97
	1.00	1.00	1.01	1.01	1.01
	0.98	0.98	0.99	0.99	0.99
loop 2
	0.54	0.54	0.59	0.57	0.58
	0.95	0.95	0.97	0.96	0.96
	1.01	1.01	1.02	1.01	1.02
	0.98	0.98	0.99	0.98	0.99
loop 3
	0.53	0.52	0.57	0.55	0.56
	0.95	0.95	0.96	0.96	0.96
	1.00	1.00	1.01	1.01	1.01
	0.98	0.98	0.99	0.99	0.99
loop 4
	0.52	0.51	0.56	0.54	0.55
	0.95	0.95	0.96	0.96	0.96
	1.01	1.01	1.02	1.01	1.01
	0.99	0.98	1.00	0.99	0.99
loop 5
	0.50	0.49	0.54	0.52	0.53
	0.95	0.95	0.96	0.96	0.96
	1.01	1.00	1.01	1.01	1.01
	0.99	0.99	1.00	1.00	1.00
loop 6
	0.55	0.55	0.60	0.58	0.59
	0.95	0.94	0.96	0.95	0.95
	1.00	1.00	1.01	1.01	1.01
	0.98	0.98	0.99	0.98	0.99
loop 7
	0.55	0.54	0.59	0.57	0.58
	0.94	0.94	0.95	0.95	0.95
	0.99	0.99	1.00	1.00	1.00
	0.98	0.97	0.99	0.98	0.98
loop 8
	0.53	0.53	0.58	0.56	0.57
	0.94	0.94	0.95	0.95	0.95
	1.01	1.01	1.02	1.02	1.02
	0.99	0.98	1.00	0.99	1.00
loop 9
	0.52	0.51	0.56	0.54	0.55
	0.96	0.96	0.97	0.97	0.97
	1.00	1.00	1.01	1.00	1.00
	0.99	0.98	1.00	0.99	0.99
loop 10
	0.53	0.52	0.56	0.55	0.56
	0.95	0.95	0.96	0.96	0.96
	1.00	1.00	1.01	1.01	1.01
	0.99	0.98	1.00	0.99	1.00
loop 11
	0.54	0.54	0.58	0.57	0.57
	0.96	0.96	0.97	0.97	0.97
	1.00	1.00	1.01	1.01	1.01
	0.98	0.98	0.99	0.99	0.99
loop 12
	0.52	0.52	0.56	0.55	0.56
	0.95	0.95	0.96	0.96	0.96
	1.00	1.00	1.01	1.01	1.01
	0.99	0.99	1.00	1.00	1.00
loop 13
	0.48	0.47	0.52	0.50	0.51
	0.95	0.95	0.96	0.96	0.96
	1.01	1.00	1.01	1.01	1.01
	0.99	0.99	1.00	1.00	1.00
loop 14
	0.47	0.46	0.51	0.49	0.50
	0.96	0.96	0.97	0.97	0.97
	0.99	0.99	1.00	0.99	0.99
	0.98	0.98	0.99	0.99	0.99
loop 15
	0.47	0.47	0.51	0.50	0.51
	0.96	0.96	0.97	0.97	0.97
	1.00	1.00	1.01	1.01	1.01
	0.99	0.99	1.00	1.00	1.00
loop 16
	0.54	0.53	0.58	0.57	0.57
	0.95	0.95	0.96	0.96	0.96
	1.01	1.01	1.02	1.01	1.01
	1.00	1.00	1.01	1.00	1.01
loop 17
	0.47	0.46	0.50	0.49	0.50
	0.95	0.95	0.96	0.96	0.96
	1.00	1.00	1.01	1.00	1.00
	0.99	0.98	1.00	0.99	0.99
loop 18
	0.43	0.43	0.47	0.46	0.47
	0.96	0.96	0.97	0.97	0.97
	1.00	1.00	1.01	1.01	1.01
	0.96	0.96	0.97	0.97	0.97
loop 19
	0.43	0.42	0.47	0.45	0.46
	0.95	0.94	0.96	0.95	0.96
	1.00	1.00	1.01	1.01	1.01
	0.97	0.97	0.98	0.98	0.98
loop 20
	0.48	0.47	0.53	0.51	0.52
	0.95	0.95	0.96	0.96	0.96
	1.01	1.01	1.02	1.01	1.02
	0.98	0.97	0.99	0.98	0.98
loop 21
	0.47	0.47	0.52	0.50	0.51
	0.95	0.95	0.97	0.96	0.96
	1.00	1.00	1.01	1.01	1.01
	0.98	0.98	0.99	0.98	0.99
loop 22
	0.47	0.47	0.52	0.50	0.51
	0.96	0.95	0.97	0.96	0.96
	1.00	1.00	1.01	1.01	1.01
	0.99	0.98	1.00	0.99	0.99
loop 23
	0.50	0.50	0.55	0.54	0.54
	0.96	0.95	0.97	0.96	0.97
	1.00	1.00	1.01	1.01	1.01
	0.97	0.97	0.98	0.98	0.98
loop 24
	0.50	0.49	0.55	0.53	0.54
	0.96	0.96	0.97	0.97	0.97
	1.00	1.00	1.01	1.01	1.01
	0.98	0.98	0.99	0.99	0.99
loop 25
	0.50	0.49	0.55	0.54	0.54
	0.97	0.96	0.98	0.97	0.97
	0.99	0.99	1.00	1.00	1.00
	0.99	0.98	1.00	0.99	0.99
loop 26
	0.50	0.49	0.55	0.53	0.54
	0.97	0.96	0.98	0.97	0.98
	1.01	1.01	1.02	1.02	1.02
	0.98	0.98	0.99	0.99	0.99
loop 27
	0.50	0.49	0.55	0.53	0.54
	0.95	0.95	0.96	0.96	0.96
	1.01	1.01	1.02	1.02	1.02
	0.98	0.97	0.99	0.98	0.98
loop 28
	0.50	0.49	0.55	0.53	0.54
	0.95	0.95	0.96	0.96	0.96
	1.00	1.00	1.01	1.01	1.01
	0.99	0.99	1.00	1.00	1.00
loop 29
	0.49	0.49	0.54	0.53	0.53
	0.95	0.94	0.96	0.95	0.96
	1.01	1.00	1.01	1.01	1.01
	0.99	0.98	1.00	0.99	0.99
loop 30
	0.51	0.50	0.56	0.54	0.55
	0.96	0.96	0.97	0.97	0.97
	1.01	1.00	1.01	1.01	1.01
	0.98	0.98	0.99	0.99	0.99
loop 31
	0.48	0.47	0.53	0.51	0.52
	0.95	0.95	0.97	0.96	0.96
	1.00	1.00	1.01	1.01	1.01
	0.98	0.98	0.99	0.98	0.99

work load: gcc.mips equake.mips twolf.mips mesa.mips
