loop 0
	0.221699	0.234404	0.188405	0.235578	1.4208	0.199764	0.171669	0.163489
	0.221699	0.234404	0.188405	0.235578	1.4208	0.199764	0.171669	0.163489
	0.221699	0.234404	0.188405	0.235578	1.4208	0.199764	0.171669	0.163489
	1.60247	2.33963	1.86063	1.1584	4.66377	1.00892	0.871791	1.60779
	1.60247	2.33963	1.86063	1.1584	4.66377	1.00892	0.871791	1.60779
	1.60247	2.33963	1.86063	1.1584	4.66377	1.00892	0.871791	1.60779
	0.106738	0.124161	0.115549	0.148235	1.13533	0.115535	0.0984024	0.0957564
	0.106738	0.124161	0.115549	0.148235	1.13533	0.115535	0.0984024	0.0957564
loop 1
	0.236225	0.246657	0.200496	0.252086	1.44075	0.21247	0.1808	0.168594
	0.236225	0.246657	0.200496	0.252086	1.44075	0.21247	0.1808	0.168594
	0.236225	0.246657	0.200496	0.252086	1.44075	0.21247	0.1808	0.168594
	1.60257	2.33944	1.86022	1.15856	4.66377	1.009	0.871857	1.60815
	1.60257	2.33944	1.86022	1.15856	4.66377	1.009	0.871857	1.60815
	1.60257	2.33944	1.86022	1.15856	4.66377	1.009	0.871857	1.60815
	0.0995652	0.097218	0.0921354	0.119384	1.11294	0.0921173	0.0768845	0.0747786
	0.0995652	0.097218	0.0921354	0.119384	1.11294	0.0921173	0.0768845	0.0747786
loop 2
	0.225684	0.239173	0.193074	0.244458	1.43051	0.204663	0.176758	0.164705
	0.225684	0.239173	0.193074	0.244458	1.43051	0.204663	0.176758	0.164705
	0.225684	0.239173	0.193074	0.244458	1.43051	0.204663	0.176758	0.164705
	1.61182	2.33889	1.85953	1.15777	4.66315	1.00828	0.880861	1.60767
	1.61182	2.33889	1.85953	1.15777	4.66315	1.00828	0.880861	1.60767
	1.61182	2.33889	1.85953	1.15777	4.66315	1.00828	0.880861	1.60767
	0.142492	0.150755	0.133829	0.168977	1.29751	0.134698	0.115537	0.111034
	0.142492	0.150755	0.133829	0.168977	1.29751	0.134698	0.115537	0.111034
loop 3
	0.223414	0.236067	0.193819	0.241293	1.42577	0.20552	0.173351	0.165386
	0.223414	0.236067	0.193819	0.241293	1.42577	0.20552	0.173351	0.165386
	0.223414	0.236067	0.193819	0.241293	1.42577	0.20552	0.173351	0.165386
	1.61192	2.33889	1.85967	1.15793	4.66315	1.00845	0.880962	1.60767
	1.61192	2.33889	1.85967	1.15793	4.66315	1.00845	0.880962	1.60767
	1.61192	2.33889	1.85967	1.15793	4.66315	1.00845	0.880962	1.60767
	0.18077	0.212564	0.17165	0.21722	1.42146	0.179161	0.153272	0.147081
	0.18077	0.212564	0.17165	0.21722	1.42146	0.179161	0.153272	0.147081
loop 4
	0.228326	0.241332	0.19521	0.24665	1.43101	0.207008	0.179176	0.166962
	0.228326	0.241332	0.19521	0.24665	1.43101	0.207008	0.179176	0.166962
	0.228326	0.241332	0.19521	0.24665	1.43101	0.207008	0.179176	0.166962
	1.61202	2.33889	1.85981	1.15788	4.66254	1.00841	0.880928	1.60779
	1.61202	2.33889	1.85981	1.15788	4.66254	1.00841	0.880928	1.60779
	1.61202	2.33889	1.85981	1.15788	4.66254	1.00841	0.880928	1.60779
	0.14305	0.17665	0.14181	0.180103	1.33514	0.147623	0.125616	0.12231
	0.14305	0.17665	0.14181	0.180103	1.33514	0.147623	0.125616	0.12231
loop 5
	0.231042	0.243691	0.197741	0.249262	1.4375	0.209666	0.177967	0.169373
	0.231042	0.243691	0.197741	0.249262	1.4375	0.209666	0.177967	0.169373
	0.231042	0.243691	0.197741	0.249262	1.4375	0.209666	0.177967	0.169373
	1.60257	2.33908	1.86063	1.15846	4.66377	1.00892	0.871791	1.60779
	1.60257	2.33908	1.86063	1.15846	4.66377	1.00892	0.871791	1.60779
	1.60257	2.33908	1.86063	1.15846	4.66377	1.00892	0.871791	1.60779
	0.178359	0.237378	0.201773	0.247022	1.20068	0.206496	0.173216	0.170615
	0.178359	0.237378	0.201773	0.247022	1.20068	0.206496	0.173216	0.170615
loop 6
	0.231681	0.241332	0.195408	0.246859	1.437	0.207175	0.179325	0.166978
	0.231681	0.241332	0.195408	0.246859	1.437	0.207175	0.179325	0.166978
	0.231681	0.241332	0.195408	0.246859	1.437	0.207175	0.179325	0.166978
	1.60267	2.33963	1.86022	1.15856	4.66315	1.009	0.871857	1.60815
	1.60267	2.33963	1.86022	1.15856	4.66315	1.009	0.871857	1.60815
	1.60267	2.33963	1.86022	1.15856	4.66315	1.009	0.871857	1.60815
	0.222698	0.258137	0.211426	0.262815	1.42611	0.220923	0.187973	0.17965
	0.222698	0.258137	0.211426	0.262815	1.42611	0.220923	0.187973	0.17965
loop 7
	0.235656	0.246833	0.200745	0.248157	1.43949	0.208626	0.180986	0.168789
	0.235656	0.246833	0.200745	0.248157	1.43949	0.208626	0.180986	0.168789
	0.235656	0.246833	0.200745	0.248157	1.43949	0.208626	0.180986	0.168789
	1.60247	2.33944	1.86049	1.1584	4.66377	1.00887	0.871757	1.60767
	1.60247	2.33944	1.86049	1.1584	4.66377	1.00887	0.871757	1.60767
	1.60247	2.33944	1.86049	1.1584	4.66377	1.00887	0.871757	1.60767
	0.185036	0.245896	0.179512	0.221382	1.36526	0.18779	0.158534	0.14926
	0.185036	0.245896	0.179512	0.221382	1.36526	0.18779	0.158534	0.14926
loop 8
	0.236053	0.246218	0.200247	0.247662	1.43874	0.212372	0.180656	0.168467
	0.236053	0.246218	0.200247	0.247662	1.43874	0.212372	0.180656	0.168467
	0.236053	0.246218	0.200247	0.247662	1.43874	0.212372	0.180656	0.168467
	1.61202	2.33889	1.85967	1.15793	4.66315	1.00845	0.880995	1.60767
	1.61202	2.33889	1.85967	1.15793	4.66315	1.00845	0.880995	1.60767
	1.61202	2.33889	1.85967	1.15793	4.66315	1.00845	0.880995	1.60767
	0.152594	0.215773	0.1579	0.199534	1.23616	0.164854	0.141483	0.136008
	0.152594	0.215773	0.1579	0.199534	1.23616	0.164854	0.141483	0.136008
loop 9
	0.239059	0.246759	0.200475	0.247917	1.43899	0.212491	0.180791	0.168493
	0.239059	0.246759	0.200475	0.247917	1.43899	0.212491	0.180791	0.168493
	0.239059	0.246759	0.200475	0.247917	1.43899	0.212491	0.180791	0.168493
	1.61182	2.33889	1.85953	1.15772	4.66315	1.00828	0.880828	1.60767
	1.61182	2.33889	1.85953	1.15772	4.66315	1.00828	0.880828	1.60767
	1.61182	2.33889	1.85953	1.15772	4.66315	1.00828	0.880828	1.60767
	0.15445	0.218684	0.1649	0.205583	1.24697	0.172003	0.144835	0.138906
	0.15445	0.218684	0.1649	0.205583	1.24697	0.172003	0.144835	0.138906
loop 10
	0.238777	0.246335	0.200161	0.251798	1.43924	0.212167	0.180512	0.171994
	0.238777	0.246335	0.200161	0.251798	1.43924	0.212167	0.180512	0.171994
	0.238777	0.246335	0.200161	0.251798	1.43924	0.212167	0.180512	0.171994
	1.61192	2.33889	1.85967	1.15793	4.66315	1.00841	0.880962	1.60731
	1.61192	2.33889	1.85967	1.15793	4.66315	1.00841	0.880962	1.60731
	1.61192	2.33889	1.85967	1.15793	4.66315	1.00841	0.880962	1.60731
	0.132135	0.202855	0.136909	0.174458	1.25411	0.143112	0.121778	0.116283
	0.132135	0.202855	0.136909	0.174458	1.25411	0.143112	0.121778	0.116283
loop 11
	0.238602	0.246335	0.200193	0.251741	1.43849	0.212145	0.180495	0.171882
	0.238602	0.246335	0.200193	0.251741	1.43849	0.212145	0.180495	0.171882
	0.238602	0.246335	0.200193	0.251741	1.43849	0.212145	0.180495	0.171882
	1.60267	2.33963	1.86036	1.15856	4.66315	1.009	0.87189	1.60827
	1.60267	2.33963	1.86036	1.15856	4.66315	1.009	0.87189	1.60827
	1.60267	2.33963	1.86036	1.15856	4.66315	1.009	0.87189	1.60827
	0.152601	0.215721	0.161343	0.199311	1.23659	0.168448	0.141337	0.135862
	0.152601	0.215721	0.161343	0.199311	1.23659	0.168448	0.141337	0.135862
loop 12
	0.240215	0.251973	0.20168	0.253187	1.44398	0.213731	0.18226	0.173795
	0.240215	0.251973	0.20168	0.253187	1.44398	0.213731	0.18226	0.173795
	0.240215	0.251973	0.20168	0.253187	1.44398	0.213731	0.18226	0.173795
	1.60247	2.33963	1.86063	1.15846	4.66377	1.00892	0.871791	1.60779
	1.60247	2.33963	1.86063	1.15846	4.66377	1.00892	0.871791	1.60779
	1.60247	2.33963	1.86063	1.15846	4.66377	1.00892	0.871791	1.60779
	0.151028	0.219035	0.165078	0.205715	1.24719	0.172198	0.144997	0.139056
	0.151028	0.219035	0.165078	0.205715	1.24719	0.172198	0.144997	0.139056
loop 13
	0.255877	0.260806	0.214654	0.266606	1.45925	0.223422	0.192282	0.179411
	0.255877	0.260806	0.214654	0.266606	1.45925	0.223422	0.192282	0.179411
	0.255877	0.260806	0.214654	0.266606	1.45925	0.223422	0.192282	0.179411
	1.60257	2.33963	1.86022	1.15856	4.66315	1.009	0.871857	1.60815
	1.60257	2.33963	1.86022	1.15856	4.66315	1.009	0.871857	1.60815
	1.60257	2.33963	1.86022	1.15856	4.66315	1.009	0.871857	1.60815
	0.135059	0.205578	0.139284	0.176932	1.2595	0.145593	0.124307	0.118721
	0.135059	0.205578	0.139284	0.176932	1.2595	0.145593	0.124307	0.118721
loop 14
	0.245169	0.257078	0.206929	0.258691	1.45025	0.219477	0.188009	0.175238
	0.245169	0.257078	0.206929	0.258691	1.45025	0.219477	0.188009	0.175238
	0.245169	0.257078	0.206929	0.258691	1.45025	0.219477	0.188009	0.175238
	1.61182	2.33889	1.85994	1.15777	4.66315	1.00832	0.880861	1.60767
	1.61182	2.33889	1.85994	1.15777	4.66315	1.00832	0.880861	1.60767
	1.61182	2.33889	1.85994	1.15777	4.66315	1.00832	0.880861	1.60767
	0.152877	0.215955	0.157846	0.199439	1.23681	0.164808	0.141447	0.135959
	0.152877	0.215955	0.157846	0.199439	1.23681	0.164808	0.141447	0.135959
loop 15
	0.244801	0.254457	0.204417	0.25596	1.44873	0.216608	0.185176	0.17633
	0.244801	0.254457	0.204417	0.25596	1.44873	0.216608	0.185176	0.17633
	0.244801	0.254457	0.204417	0.25596	1.44873	0.216608	0.185176	0.17633
	1.61202	2.33889	1.85967	1.15793	4.66315	1.00845	0.880995	1.60767
	1.61202	2.33889	1.85967	1.15793	4.66315	1.00845	0.880995	1.60767
	1.61202	2.33889	1.85967	1.15793	4.66315	1.00845	0.880995	1.60767
	0.149363	0.216805	0.163141	0.203806	1.24269	0.170206	0.142895	0.137006
	0.149363	0.216805	0.163141	0.203806	1.24269	0.170206	0.142895	0.137006
loop 16
	0.24732	0.256406	0.206437	0.25798	1.45323	0.218802	0.187476	0.178495
	0.24732	0.256406	0.206437	0.25798	1.45323	0.218802	0.187476	0.178495
	0.24732	0.256406	0.206437	0.25798	1.45323	0.218802	0.187476	0.178495
	1.61182	2.33889	1.85953	1.15772	4.66315	1.00828	0.880828	1.60755
	1.61182	2.33889	1.85953	1.15772	4.66315	1.00828	0.880828	1.60755
	1.61182	2.33889	1.85953	1.15772	4.66315	1.00828	0.880828	1.60755
	0.134737	0.205017	0.13878	0.176336	1.25411	0.145047	0.12384	0.118291
	0.134737	0.205017	0.13878	0.176336	1.25411	0.145047	0.12384	0.118291
loop 17
	0.246874	0.256078	0.206185	0.257692	1.4462	0.218493	0.187197	0.174607
	0.246874	0.256078	0.206185	0.257692	1.4462	0.218493	0.187197	0.174607
	0.246874	0.256078	0.206185	0.257692	1.4462	0.218493	0.187197	0.174607
	1.60257	2.33908	1.86022	1.15851	4.66377	1.00896	0.871824	1.60779
	1.60257	2.33908	1.86022	1.15851	4.66377	1.00896	0.871824	1.60779
	1.60257	2.33908	1.86022	1.15851	4.66377	1.00896	0.871824	1.60779
	0.149919	0.216253	0.15814	0.195928	1.23702	0.165118	0.141715	0.136221
	0.149919	0.216253	0.15814	0.195928	1.23702	0.165118	0.141715	0.136221
loop 18
	0.244688	0.251035	0.204911	0.256556	1.44772	0.21708	0.185591	0.173053
	0.244688	0.251035	0.204911	0.256556	1.44772	0.21708	0.185591	0.173053
	0.244688	0.251035	0.204911	0.256556	1.44772	0.21708	0.185591	0.173053
	1.60267	2.33963	1.86022	1.15856	4.66315	1.009	0.871857	1.60815
	1.60267	2.33963	1.86022	1.15856	4.66315	1.009	0.871857	1.60815
	1.60267	2.33963	1.86022	1.15856	4.66315	1.009	0.871857	1.60815
	0.149613	0.217124	0.159766	0.204044	1.2429	0.166682	0.143138	0.137231
	0.149613	0.217124	0.159766	0.204044	1.2429	0.166682	0.143138	0.137231
loop 19
	0.250039	0.252828	0.206746	0.258297	1.45246	0.219031	0.187675	0.175148
	0.250039	0.252828	0.206746	0.258297	1.45246	0.219031	0.187675	0.175148
	0.250039	0.252828	0.206746	0.258297	1.45246	0.219031	0.187675	0.175148
	1.60247	2.33963	1.86063	1.1584	4.66377	1.00892	0.871791	1.60779
	1.60247	2.33963	1.86063	1.1584	4.66377	1.00892	0.871791	1.60779
	1.60247	2.33963	1.86063	1.1584	4.66377	1.00892	0.871791	1.60779
	0.131605	0.204926	0.138703	0.176311	1.25411	0.14497	0.123775	0.118231
	0.131605	0.204926	0.138703	0.176311	1.25411	0.14497	0.123775	0.118231
loop 20
	0.252209	0.258684	0.208459	0.260054	1.45119	0.220881	0.189656	0.177104
	0.252209	0.258684	0.208459	0.260054	1.45119	0.220881	0.189656	0.177104
	0.252209	0.258684	0.208459	0.260054	1.45119	0.220881	0.189656	0.177104
	1.60257	2.33944	1.86022	1.15856	4.66377	1.009	0.871857	1.60815
	1.60257	2.33944	1.86022	1.15856	4.66377	1.009	0.871857	1.60815
	1.60257	2.33944	1.86022	1.15856	4.66377	1.009	0.871857	1.60815
	0.149984	0.216214	0.161287	0.199216	1.23192	0.1684	0.141307	0.135831
	0.149984	0.216214	0.161287	0.199216	1.23192	0.1684	0.141307	0.135831
loop 21
	0.257579	0.263209	0.217022	0.269096	1.459	0.226004	0.194904	0.181698
	0.257579	0.263209	0.217022	0.269096	1.459	0.226004	0.194904	0.181698
	0.257579	0.263209	0.217022	0.269096	1.459	0.226004	0.194904	0.181698
	1.61182	2.33889	1.85953	1.15777	4.66315	1.00828	0.880861	1.60767
	1.61182	2.33889	1.85953	1.15777	4.66315	1.00828	0.880861	1.60767
	1.61182	2.33889	1.85953	1.15777	4.66315	1.00828	0.880861	1.60767
	0.150496	0.214176	0.160703	0.201189	1.24333	0.167673	0.140334	0.138034
	0.150496	0.214176	0.160703	0.201189	1.24333	0.167673	0.140334	0.138034
loop 22
	0.252596	0.259382	0.209415	0.261023	1.45272	0.221896	0.19055	0.177712
	0.252596	0.259382	0.209415	0.261023	1.45272	0.221896	0.19055	0.177712
	0.252596	0.259382	0.209415	0.261023	1.45272	0.221896	0.19055	0.177712
	1.61192	2.33889	1.85967	1.15793	4.66315	1.00845	0.880962	1.60767
	1.61192	2.33889	1.85967	1.15793	4.66315	1.00845	0.880962	1.60767
	1.61192	2.33889	1.85967	1.15793	4.66315	1.00845	0.880962	1.60767
	0.134732	0.208016	0.141496	0.179259	1.25432	0.147884	0.126681	0.121029
	0.134732	0.208016	0.141496	0.179259	1.25432	0.147884	0.126681	0.121029
loop 23
	0.258348	0.261677	0.211755	0.263531	1.45696	0.22442	0.189177	0.180107
	0.258348	0.261677	0.211755	0.263531	1.45696	0.22442	0.189177	0.180107
	0.258348	0.261677	0.211755	0.263531	1.45696	0.22442	0.189177	0.180107
	1.61202	2.33889	1.85981	1.15788	4.66254	1.00841	0.880928	1.60779
	1.61202	2.33889	1.85981	1.15788	4.66254	1.00841	0.880928	1.60779
	1.61202	2.33889	1.85981	1.15788	4.66254	1.00841	0.880928	1.60779
	0.149965	0.216214	0.161097	0.198961	1.23192	0.168195	0.141131	0.135673
	0.149965	0.216214	0.161097	0.198961	1.23192	0.168195	0.141131	0.135673
loop 24
	0.257256	0.26108	0.211185	0.262797	1.45492	0.223695	0.188578	0.179646
	0.257256	0.26108	0.211185	0.262797	1.45492	0.223695	0.188578	0.179646
	0.257256	0.26108	0.211185	0.262797	1.45492	0.223695	0.188578	0.179646
	1.60257	2.33908	1.86063	1.15846	4.66377	1.00892	0.871791	1.60779
	1.60257	2.33908	1.86063	1.15846	4.66377	1.00892	0.871791	1.60779
	1.60257	2.33908	1.86063	1.15846	4.66377	1.00892	0.871791	1.60779
	0.148367	0.211552	0.158268	0.198633	1.24398	0.165156	0.141436	0.135543
	0.148367	0.211552	0.158268	0.198633	1.24398	0.165156	0.141436	0.135543
loop 25
	0.257317	0.257652	0.211577	0.263219	1.46171	0.224064	0.188882	0.179909
	0.257317	0.257652	0.211577	0.263219	1.46171	0.224064	0.188882	0.179909
	0.257317	0.257652	0.211577	0.263219	1.46171	0.224064	0.188882	0.179909
	1.60267	2.33963	1.86022	1.15856	4.66315	1.009	0.871857	1.60815
	1.60267	2.33963	1.86022	1.15856	4.66315	1.009	0.871857	1.60815
	1.60267	2.33963	1.86022	1.15856	4.66315	1.009	0.871857	1.60815
	0.134748	0.207479	0.141331	0.179149	1.25411	0.147713	0.126538	0.120887
	0.134748	0.207479	0.141331	0.179149	1.25411	0.147713	0.126538	0.120887
loop 26
	0.269385	0.268304	0.21819	0.274194	1.47122	0.231023	0.196138	0.18668
	0.269385	0.268304	0.21819	0.274194	1.47122	0.231023	0.196138	0.18668
	0.269385	0.268304	0.21819	0.274194	1.47122	0.231023	0.196138	0.18668
	1.60247	2.33944	1.86049	1.1584	4.66377	1.00887	0.871757	1.60767
	1.60247	2.33944	1.86049	1.1584	4.66377	1.00887	0.871757	1.60767
	1.60247	2.33944	1.86049	1.1584	4.66377	1.00887	0.871757	1.60767
	0.149427	0.215799	0.160511	0.19825	1.23171	0.167585	0.140601	0.135174
	0.149427	0.215799	0.160511	0.19825	1.23171	0.167585	0.140601	0.135174
loop 27
	0.264854	0.265507	0.215445	0.27127	1.46569	0.228173	0.197226	0.18419
	0.264854	0.265507	0.215445	0.27127	1.46569	0.228173	0.197226	0.18419
	0.264854	0.265507	0.215445	0.27127	1.46569	0.228173	0.197226	0.18419
	1.61202	2.33889	1.85967	1.15793	4.66315	1.00845	0.880995	1.60767
	1.61202	2.33889	1.85967	1.15793	4.66315	1.00845	0.880995	1.60767
	1.61202	2.33889	1.85967	1.15793	4.66315	1.00845	0.880995	1.60767
	0.145663	0.212365	0.158851	0.199247	1.23905	0.165776	0.141976	0.136053
	0.145663	0.212365	0.158851	0.199247	1.23905	0.165776	0.141976	0.136053
loop 28
	0.267403	0.270869	0.220904	0.27694	1.46749	0.234017	0.1991	0.189555
	0.267403	0.270869	0.220904	0.27694	1.46749	0.234017	0.1991	0.189555
	0.267403	0.270869	0.220904	0.27694	1.46749	0.234017	0.1991	0.189555
	1.61182	2.33889	1.85953	1.15772	4.66315	1.00828	0.880828	1.60767
	1.61182	2.33889	1.85953	1.15772	4.66315	1.00828	0.880828	1.60767
	1.61182	2.33889	1.85953	1.15772	4.66315	1.00828	0.880828	1.60767
	0.132442	0.204365	0.138579	0.176269	1.24893	0.14481	0.123637	0.118152
	0.132442	0.204365	0.138579	0.176269	1.24893	0.14481	0.123637	0.118152
loop 29
	0.265516	0.262668	0.216739	0.268467	1.46698	0.225411	0.194414	0.181477
	0.265516	0.262668	0.216739	0.268467	1.46698	0.225411	0.194414	0.181477
	0.265516	0.262668	0.216739	0.268467	1.46698	0.225411	0.194414	0.181477
	1.61192	2.33889	1.85967	1.15793	4.66315	1.00841	0.880962	1.60731
	1.61192	2.33889	1.85967	1.15793	4.66315	1.00841	0.880962	1.60731
	1.61192	2.33889	1.85967	1.15793	4.66315	1.00841	0.880962	1.60731
	0.150536	0.216357	0.161184	0.199046	1.23214	0.16829	0.14121	0.135746
	0.150536	0.216357	0.161184	0.199046	1.23214	0.16829	0.14121	0.135746
loop 30
	0.270816	0.268152	0.218353	0.274277	1.47071	0.231249	0.196314	0.18689
	0.270816	0.268152	0.218353	0.274277	1.47071	0.231249	0.196314	0.18689
	0.270816	0.268152	0.218353	0.274277	1.47071	0.231249	0.196314	0.18689
	1.60267	2.33963	1.86036	1.15856	4.66315	1.009	0.87189	1.60827
	1.60267	2.33963	1.86036	1.15856	4.66315	1.009	0.87189	1.60827
	1.60267	2.33963	1.86036	1.15856	4.66315	1.009	0.87189	1.60827
	0.143209	0.209669	0.156588	0.196941	1.2397	0.163429	0.13956	0.133714
	0.143209	0.209669	0.156588	0.196941	1.2397	0.163429	0.13956	0.133714
loop 31
	0.264193	0.266156	0.216221	0.267854	1.46415	0.228949	0.193914	0.181055
	0.264193	0.266156	0.216221	0.267854	1.46415	0.228949	0.193914	0.181055
	0.264193	0.266156	0.216221	0.267854	1.46415	0.228949	0.193914	0.181055
	1.60247	2.33963	1.86063	1.15846	4.66377	1.00892	0.871791	1.60779
	1.60247	2.33963	1.86063	1.15846	4.66377	1.00892	0.871791	1.60779
	1.60247	2.33963	1.86063	1.15846	4.66377	1.00892	0.871791	1.60779
	0.125884	0.198185	0.132861	0.167923	1.27984	0.139937	0.11747	0.111295
	0.125884	0.198185	0.132861	0.167923	1.27984	0.139937	0.11747	0.111295
loop 32
	0.267256	0.26609	0.216061	0.267725	1.47096	0.228727	0.193741	0.184474
	0.267256	0.26609	0.216061	0.267725	1.47096	0.228727	0.193741	0.184474
	0.267256	0.26609	0.216061	0.267725	1.47096	0.228727	0.193741	0.184474
	1.60257	2.33963	1.86022	1.15856	4.66315	1.009	0.871857	1.60815
	1.60257	2.33963	1.86022	1.15856	4.66315	1.009	0.871857	1.60815
	1.60257	2.33963	1.86022	1.15856	4.66315	1.009	0.871857	1.60815
	0.124532	0.200705	0.133877	0.17331	1.28747	0.140927	0.122147	0.11554
	0.124532	0.200705	0.133877	0.17331	1.28747	0.140927	0.122147	0.11554
loop 33
	0.27236	0.267426	0.221261	0.273129	1.46942	0.23012	0.1993	0.18615
	0.27236	0.267426	0.221261	0.273129	1.46942	0.23012	0.1993	0.18615
	0.27236	0.267426	0.221261	0.273129	1.46942	0.23012	0.1993	0.18615
	1.61182	2.33889	1.85994	1.15777	4.66315	1.00832	0.880861	1.60767
	1.61182	2.33889	1.85994	1.15777	4.66315	1.00832	0.880861	1.60767
	1.61182	2.33889	1.85994	1.15777	4.66315	1.00832	0.880861	1.60767
	0.135366	0.203211	0.140415	0.179504	1.28057	0.147762	0.125822	0.119425
	0.135366	0.203211	0.140415	0.179504	1.28057	0.147762	0.125822	0.119425
loop 34
	0.27473	0.272895	0.222842	0.278849	1.47469	0.236007	0.201235	0.188004
	0.27473	0.272895	0.222842	0.278849	1.47469	0.236007	0.201235	0.188004
	0.27473	0.272895	0.222842	0.278849	1.47469	0.236007	0.201235	0.188004
	1.61202	2.33889	1.85967	1.15793	4.66315	1.00845	0.880995	1.60767
	1.61202	2.33889	1.85967	1.15793	4.66315	1.00845	0.880995	1.60767
	1.61202	2.33889	1.85967	1.15793	4.66315	1.00845	0.880995	1.60767
	0.138581	0.204338	0.140286	0.178571	1.26515	0.147561	0.125986	0.120136
	0.138581	0.204338	0.140286	0.178571	1.26515	0.147561	0.125986	0.120136
loop 35
	0.278192	0.275948	0.226002	0.282286	1.47676	0.239412	0.204584	0.190955
	0.278192	0.275948	0.226002	0.282286	1.47676	0.239412	0.204584	0.190955
	0.278192	0.275948	0.226002	0.282286	1.47676	0.239412	0.204584	0.190955
	1.61182	2.33889	1.85953	1.15772	4.66315	1.00828	0.880828	1.60755
	1.61182	2.33889	1.85953	1.15772	4.66315	1.00828	0.880828	1.60755
	1.61182	2.33889	1.85953	1.15772	4.66315	1.00828	0.880828	1.60755
	0.135653	0.20415	0.142094	0.18094	1.27119	0.149292	0.127548	0.12144
	0.135653	0.20415	0.142094	0.18094	1.27119	0.149292	0.127548	0.12144
loop 36
	0.277808	0.270423	0.220559	0.276416	1.47365	0.233494	0.19868	0.18554
	0.277808	0.270423	0.220559	0.276416	1.47365	0.233494	0.19868	0.18554
	0.277808	0.270423	0.220559	0.276416	1.47365	0.233494	0.19868	0.18554
	1.60257	2.33908	1.86022	1.15851	4.66377	1.00896	0.871824	1.60779
	1.60257	2.33908	1.86022	1.15851	4.66377	1.00896	0.871824	1.60779
	1.60257	2.33908	1.86022	1.15851	4.66377	1.00896	0.871824	1.60779
	0.139879	0.210057	0.141246	0.179589	1.27015	0.148559	0.127242	0.121372
	0.139879	0.210057	0.141246	0.179589	1.27015	0.148559	0.127242	0.121372
loop 37
	0.28243	0.278228	0.224428	0.280265	1.47841	0.237587	0.203024	0.19337
	0.28243	0.278228	0.224428	0.280265	1.47841	0.237587	0.203024	0.19337
	0.28243	0.278228	0.224428	0.280265	1.47841	0.237587	0.203024	0.19337
	1.60267	2.33963	1.86022	1.15856	4.66315	1.009	0.871857	1.60815
	1.60267	2.33963	1.86022	1.15856	4.66315	1.009	0.871857	1.60815
	1.60267	2.33963	1.86022	1.15856	4.66315	1.009	0.871857	1.60815
	0.140136	0.209252	0.145498	0.184301	1.26038	0.153075	0.131953	0.125894
	0.140136	0.209252	0.145498	0.184301	1.26038	0.153075	0.131953	0.125894
loop 38
	0.29015	0.284136	0.230057	0.286147	1.48898	0.243377	0.208889	0.195067
	0.29015	0.284136	0.230057	0.286147	1.48898	0.243377	0.208889	0.195067
	0.29015	0.284136	0.230057	0.286147	1.48898	0.243377	0.208889	0.195067
	1.60247	2.33963	1.86063	1.1584	4.66377	1.00892	0.871791	1.60779
	1.60247	2.33963	1.86063	1.1584	4.66377	1.00892	0.871791	1.60779
	1.60247	2.33963	1.86063	1.1584	4.66377	1.00892	0.871791	1.60779
	0.13663	0.208738	0.144779	0.183757	1.27162	0.152043	0.130732	0.124612
	0.13663	0.208738	0.144779	0.183757	1.27162	0.152043	0.130732	0.124612
loop 39
	0.277861	0.270406	0.220393	0.276264	1.47971	0.233226	0.19845	0.189004
	0.277861	0.270406	0.220393	0.276264	1.47971	0.233226	0.19845	0.189004
	0.277861	0.270406	0.220393	0.276264	1.47971	0.233226	0.19845	0.189004
	1.60257	2.33944	1.86022	1.15856	4.66377	1.009	0.871857	1.60815
	1.60257	2.33944	1.86022	1.15856	4.66377	1.009	0.871857	1.60815
	1.60257	2.33944	1.86022	1.15856	4.66377	1.009	0.871857	1.60815
	0.143996	0.211244	0.147714	0.186836	1.26971	0.155522	0.130753	0.128185
	0.143996	0.211244	0.147714	0.186836	1.26971	0.155522	0.130753	0.128185
loop 40
	0.276414	0.273173	0.223115	0.274963	1.47867	0.23615	0.201378	0.188035
	0.276414	0.273173	0.223115	0.274963	1.47867	0.23615	0.201378	0.188035
	0.276414	0.273173	0.223115	0.274963	1.47867	0.23615	0.201378	0.188035
	1.61182	2.33889	1.85953	1.15777	4.66315	1.00828	0.880861	1.60767
	1.61182	2.33889	1.85953	1.15777	4.66315	1.00828	0.880861	1.60767
	1.61182	2.33889	1.85953	1.15777	4.66315	1.00828	0.880861	1.60767
	0.141407	0.211945	0.147623	0.18689	1.26559	0.155364	0.130627	0.128138
	0.141407	0.211945	0.147623	0.18689	1.26559	0.155364	0.130627	0.128138
loop 41
	0.288334	0.283821	0.229811	0.285931	1.4916	0.243281	0.208781	0.198648
	0.288334	0.283821	0.229811	0.285931	1.4916	0.243281	0.208781	0.198648
	0.288334	0.283821	0.229811	0.285931	1.4916	0.243281	0.208781	0.198648
	1.61192	2.33889	1.85967	1.15793	4.66315	1.00845	0.880962	1.60767
	1.61192	2.33889	1.85967	1.15793	4.66315	1.00845	0.880962	1.60767
	1.61192	2.33889	1.85967	1.15793	4.66315	1.00845	0.880962	1.60767
	0.140027	0.209555	0.145222	0.184619	1.26146	0.152941	0.131842	0.125682
	0.140027	0.209555	0.145222	0.184619	1.26146	0.152941	0.131842	0.125682
loop 42
	0.284893	0.281631	0.227622	0.28359	1.48526	0.24093	0.206303	0.192787
	0.284893	0.281631	0.227622	0.28359	1.48526	0.24093	0.206303	0.192787
	0.284893	0.281631	0.227622	0.28359	1.48526	0.24093	0.206303	0.192787
	1.61202	2.33889	1.85981	1.15788	4.66254	1.00841	0.880928	1.60779
	1.61202	2.33889	1.85981	1.15788	4.66254	1.00841	0.880928	1.60779
	1.61202	2.33889	1.85981	1.15788	4.66254	1.00841	0.880928	1.60779
	0.136744	0.209631	0.144991	0.184518	1.26723	0.152362	0.131006	0.124803
	0.136744	0.209631	0.144991	0.184518	1.26723	0.152362	0.131006	0.124803
loop 43
	0.286817	0.280246	0.230358	0.286596	1.48793	0.239786	0.205316	0.195586
	0.286817	0.280246	0.230358	0.286596	1.48793	0.239786	0.205316	0.195586
	0.286817	0.280246	0.230358	0.286596	1.48793	0.239786	0.205316	0.195586
	1.60257	2.33908	1.86063	1.15846	4.66377	1.00892	0.871791	1.60779
	1.60257	2.33908	1.86063	1.15846	4.66377	1.00892	0.871791	1.60779
	1.60257	2.33908	1.86063	1.15846	4.66377	1.00892	0.871791	1.60779
	0.145563	0.214593	0.149286	0.188845	1.26971	0.157207	0.13631	0.129958
	0.145563	0.214593	0.149286	0.188845	1.26971	0.157207	0.13631	0.129958
loop 44
	0.290281	0.280282	0.230372	0.286488	1.48714	0.239611	0.205199	0.195521
	0.290281	0.280282	0.230372	0.286488	1.48714	0.239611	0.205199	0.195521
	0.290281	0.280282	0.230372	0.286488	1.48714	0.239611	0.205199	0.195521
	1.60267	2.33963	1.86022	1.15856	4.66315	1.009	0.871857	1.60815
	1.60267	2.33963	1.86022	1.15856	4.66315	1.009	0.871857	1.60815
	1.60267	2.33963	1.86022	1.15856	4.66315	1.009	0.871857	1.60815
	0.144764	0.212207	0.147898	0.187639	1.26602	0.155817	0.131011	0.128371
	0.144764	0.212207	0.147898	0.187639	1.26602	0.155817	0.131011	0.128371
loop 45
	0.286947	0.281358	0.227312	0.283272	1.48819	0.240459	0.205953	0.196105
	0.286947	0.281358	0.227312	0.283272	1.48819	0.240459	0.205953	0.196105
	0.286947	0.281358	0.227312	0.283272	1.48819	0.240459	0.205953	0.196105
	1.60247	2.33944	1.86049	1.1584	4.66377	1.00887	0.871757	1.60767
	1.60247	2.33944	1.86049	1.1584	4.66377	1.00887	0.871757	1.60767
	1.60247	2.33944	1.86049	1.1584	4.66377	1.00887	0.871757	1.60767
	0.142279	0.208774	0.148121	0.183966	1.26124	0.155981	0.131152	0.125032
	0.142279	0.208774	0.148121	0.183966	1.26124	0.155981	0.131152	0.125032
loop 46
	0.292954	0.283747	0.229551	0.28559	1.49296	0.242843	0.208414	0.194785
	0.292954	0.283747	0.229551	0.28559	1.49296	0.242843	0.208414	0.194785
	0.292954	0.283747	0.229551	0.28559	1.49296	0.242843	0.208414	0.194785
	1.61202	2.33889	1.85967	1.15793	4.66315	1.00845	0.880995	1.60767
	1.61202	2.33889	1.85967	1.15793	4.66315	1.00845	0.880995	1.60767
	1.61202	2.33889	1.85967	1.15793	4.66315	1.00845	0.880995	1.60767
	0.137057	0.209952	0.145626	0.185229	1.26189	0.15328	0.13214	0.12604
	0.137057	0.209952	0.145626	0.185229	1.26189	0.15328	0.13214	0.12604
loop 47
	0.30078	0.293784	0.239849	0.296268	1.50515	0.253963	0.215619	0.205263
	0.30078	0.293784	0.239849	0.296268	1.50515	0.253963	0.215619	0.205263
	0.30078	0.293784	0.239849	0.296268	1.50515	0.253963	0.215619	0.205263
	1.61182	2.33889	1.85953	1.15772	4.66315	1.00828	0.880828	1.60767
	1.61182	2.33889	1.85953	1.15772	4.66315	1.00828	0.880828	1.60767
	1.61182	2.33889	1.85953	1.15772	4.66315	1.00828	0.880828	1.60767
	0.138394	0.210733	0.147341	0.183013	1.26293	0.15497	0.129899	0.123784
	0.138394	0.210733	0.147341	0.183013	1.26293	0.15497	0.129899	0.123784
loop 48
	0.29	0.281139	0.227353	0.283325	1.48793	0.240661	0.20609	0.192638
	0.29	0.281139	0.227353	0.283325	1.48793	0.240661	0.20609	0.192638
	0.29	0.281139	0.227353	0.283325	1.48793	0.240661	0.20609	0.192638
	1.61192	2.33889	1.85967	1.15793	4.66315	1.00841	0.880962	1.60731
	1.61192	2.33889	1.85967	1.15793	4.66315	1.00841	0.880962	1.60731
	1.61192	2.33889	1.85967	1.15793	4.66315	1.00841	0.880962	1.60731
	0.141111	0.210232	0.147123	0.182598	1.2647	0.151051	0.12983	0.123603
	0.141111	0.210232	0.147123	0.182598	1.2647	0.151051	0.12983	0.123603
loop 49
	0.29792	0.285232	0.231403	0.291682	1.49112	0.244867	0.210555	0.196851
	0.29792	0.285232	0.231403	0.291682	1.49112	0.244867	0.210555	0.196851
	0.29792	0.285232	0.231403	0.291682	1.49112	0.244867	0.210555	0.196851
	1.60267	2.33963	1.86036	1.15856	4.66315	1.009	0.87189	1.60827
	1.60267	2.33963	1.86036	1.15856	4.66315	1.009	0.87189	1.60827
	1.60267	2.33963	1.86036	1.15856	4.66315	1.009	0.87189	1.60827
	0.142689	0.2121	0.145786	0.185167	1.26645	0.153555	0.132372	0.126131
	0.142689	0.2121	0.145786	0.185167	1.26645	0.153555	0.132372	0.126131
loop 50
	0.308013	0.293647	0.239673	0.295906	1.50648	0.253363	0.215161	0.20496
	0.308013	0.293647	0.239673	0.295906	1.50648	0.253363	0.215161	0.20496
	0.308013	0.293647	0.239673	0.295906	1.50648	0.253363	0.215161	0.20496
	1.60247	2.33963	1.86063	1.15846	4.66377	1.00892	0.871791	1.60779
	1.60247	2.33963	1.86063	1.15846	4.66377	1.00892	0.871791	1.60779
	1.60247	2.33963	1.86063	1.15846	4.66377	1.00892	0.871791	1.60779
	0.138309	0.209987	0.143637	0.182701	1.26232	0.151263	0.129997	0.123911
	0.138309	0.209987	0.143637	0.182701	1.26232	0.151263	0.129997	0.123911
loop 51
	0.300243	0.291283	0.237312	0.293641	1.5033	0.251122	0.212765	0.202544
	0.300243	0.291283	0.237312	0.293641	1.5033	0.251122	0.212765	0.202544
	0.300243	0.291283	0.237312	0.293641	1.5033	0.251122	0.212765	0.202544
	1.60257	2.33963	1.86022	1.15856	4.66315	1.009	0.871857	1.60815
	1.60257	2.33963	1.86022	1.15856	4.66315	1.009	0.871857	1.60815
	1.60257	2.33963	1.86022	1.15856	4.66315	1.009	0.871857	1.60815
	0.131232	0.207731	0.137036	0.176654	1.26895	0.144039	0.122221	0.116318
	0.131232	0.207731	0.137036	0.176654	1.26895	0.144039	0.122221	0.116318
loop 52
	0.300064	0.291631	0.237773	0.294035	1.50436	0.251525	0.213124	0.202819
	0.300064	0.291631	0.237773	0.294035	1.50436	0.251525	0.213124	0.202819
	0.300064	0.291631	0.237773	0.294035	1.50436	0.251525	0.213124	0.202819
	1.61182	2.33889	1.85994	1.15777	4.66315	1.00832	0.880861	1.60767
	1.61182	2.33889	1.85994	1.15777	4.66315	1.00832	0.880861	1.60767
	1.61182	2.33889	1.85994	1.15777	4.66315	1.00832	0.880861	1.60767
	0.133531	0.207147	0.140642	0.176329	1.26776	0.148106	0.126476	0.120464
	0.133531	0.207147	0.140642	0.176329	1.26776	0.148106	0.126476	0.120464
loop 53
	0.302823	0.290626	0.236866	0.293003	1.49958	0.250603	0.21236	0.202327
	0.302823	0.290626	0.236866	0.293003	1.49958	0.250603	0.21236	0.202327
	0.302823	0.290626	0.236866	0.293003	1.49958	0.250603	0.21236	0.202327
	1.6514	2.35519	1.88709	1.19443	4.68491	1.03731	0.902721	1.6269
	1.6514	2.35519	1.88709	1.19443	4.68491	1.03731	0.902721	1.6269
	1.6514	2.35519	1.88709	1.19443	4.68491	1.03731	0.902721	1.6269
	0.128617	0.204448	0.137419	0.173086	1.26917	0.144416	0.122552	0.116654
	0.128617	0.204448	0.137419	0.173086	1.26917	0.144416	0.122552	0.116654
loop 54
	0.299766	0.284913	0.235044	0.29122	1.50117	0.248554	0.210159	0.200349
	0.299766	0.284913	0.235044	0.29122	1.50117	0.248554	0.210159	0.200349
	0.299766	0.284913	0.235044	0.29122	1.50117	0.248554	0.210159	0.200349
	1.61202	2.33853	1.85967	1.15793	4.66315	1.00845	0.880962	1.60743
	1.61202	2.33853	1.85967	1.15793	4.66315	1.00845	0.880962	1.60743
	1.61202	2.33853	1.85967	1.15793	4.66315	1.00845	0.880962	1.60743
	0.13177	0.214256	0.13632	0.173481	1.29158	0.143657	0.121481	0.115085
	0.13177	0.214256	0.13632	0.173481	1.29158	0.143657	0.121481	0.115085
loop 55
	0.304445	0.293216	0.239234	0.295582	1.50728	0.253201	0.214966	0.20475
	0.304445	0.293216	0.239234	0.295582	1.50728	0.253201	0.214966	0.20475
	0.304445	0.293216	0.239234	0.295582	1.50728	0.253201	0.214966	0.20475
	1.60267	2.33963	1.86036	1.15856	4.66315	1.009	0.87189	1.60815
	1.60267	2.33963	1.86036	1.15856	4.66315	1.009	0.87189	1.60815
	1.60267	2.33963	1.86036	1.15856	4.66315	1.009	0.87189	1.60815
	0.127613	0.209046	0.135298	0.168595	1.29334	0.138713	0.120152	0.11382
	0.127613	0.209046	0.135298	0.168595	1.29334	0.138713	0.120152	0.11382
loop 56
	0.308013	0.296267	0.242535	0.303192	1.50887	0.256556	0.21828	0.203957
	0.308013	0.296267	0.242535	0.303192	1.50887	0.256556	0.21828	0.203957
	0.308013	0.296267	0.242535	0.303192	1.50887	0.256556	0.21828	0.203957
	1.60247	2.33963	1.86063	1.15846	4.66377	1.00892	0.871791	1.60779
	1.60247	2.33963	1.86063	1.15846	4.66377	1.00892	0.871791	1.60779
	1.60247	2.33963	1.86063	1.15846	4.66377	1.00892	0.871791	1.60779
	0.133437	0.21245	0.136279	0.171099	1.35034	0.142943	0.1232	0.119382
	0.133437	0.21245	0.136279	0.171099	1.35034	0.142943	0.1232	0.119382
loop 57
	0.30625	0.291903	0.238458	0.298703	1.50938	0.252191	0.214131	0.203992
	0.30625	0.291903	0.238458	0.298703	1.50938	0.252191	0.214131	0.203992
	0.30625	0.291903	0.238458	0.298703	1.50938	0.252191	0.214131	0.203992
	1.60257	2.33963	1.86022	1.15851	4.66315	1.00896	0.871857	1.60815
	1.60257	2.33963	1.86022	1.15851	4.66315	1.00896	0.871857	1.60815
	1.60257	2.33963	1.86022	1.15851	4.66315	1.00896	0.871857	1.60815
	0.142188	0.208264	0.151213	0.187142	1.34218	0.156079	0.133153	0.127289
	0.142188	0.208264	0.151213	0.187142	1.34218	0.156079	0.133153	0.127289
loop 58
	0.304547	0.291167	0.237226	0.293359	1.50621	0.25079	0.212495	0.202476
	0.304547	0.291167	0.237226	0.293359	1.50621	0.25079	0.212495	0.202476
	0.304547	0.291167	0.237226	0.293359	1.50621	0.25079	0.212495	0.202476
	1.61182	2.33889	1.85967	1.15777	4.66315	1.00832	0.880861	1.60767
	1.61182	2.33889	1.85967	1.15777	4.66315	1.00832	0.880861	1.60767
	1.61182	2.33889	1.85967	1.15777	4.66315	1.00832	0.880861	1.60767
	0.130016	0.192115	0.128596	0.164634	1.31854	0.133929	0.114083	0.110322
	0.130016	0.192115	0.128596	0.164634	1.31854	0.133929	0.114083	0.110322
loop 59
	0.310161	0.292138	0.242118	0.298471	1.50488	0.251854	0.21786	0.203852
	0.310161	0.292138	0.242118	0.298471	1.50488	0.251854	0.21786	0.203852
	0.310161	0.292138	0.242118	0.298471	1.50488	0.251854	0.21786	0.203852
	1.61192	2.33889	1.85967	1.15793	4.66315	1.00845	0.880962	1.60767
	1.61192	2.33889	1.85967	1.15793	4.66315	1.00845	0.880962	1.60767
	1.61192	2.33889	1.85967	1.15793	4.66315	1.00845	0.880962	1.60767
	0.141876	0.207003	0.145913	0.18624	1.31537	0.154249	0.131895	0.123914
	0.141876	0.207003	0.145913	0.18624	1.31537	0.154249	0.131895	0.123914
loop 60
	0.318418	0.307259	0.249328	0.310048	1.51871	0.263766	0.225745	0.211071
	0.318418	0.307259	0.249328	0.310048	1.51871	0.263766	0.225745	0.211071
	0.318418	0.307259	0.249328	0.310048	1.51871	0.263766	0.225745	0.211071
	1.61182	2.33889	1.85953	1.15772	4.66254	1.00828	0.880828	1.60767
	1.61182	2.33889	1.85953	1.15772	4.66254	1.00828	0.880828	1.60767
	1.61182	2.33889	1.85953	1.15772	4.66254	1.00828	0.880828	1.60767
	0.130616	0.19887	0.138453	0.170178	1.28579	0.140575	0.121852	0.115335
	0.130616	0.19887	0.138453	0.170178	1.28579	0.140575	0.121852	0.115335
loop 61
	0.312194	0.298992	0.241121	0.301487	1.51072	0.254978	0.216939	0.20667
	0.312194	0.298992	0.241121	0.301487	1.51072	0.254978	0.216939	0.20667
	0.312194	0.298992	0.241121	0.301487	1.51072	0.254978	0.216939	0.20667
	1.60257	2.33908	1.86022	1.15846	4.66377	1.00896	0.871824	1.60779
	1.60257	2.33908	1.86022	1.15846	4.66377	1.00896	0.871824	1.60779
	1.60257	2.33908	1.86022	1.15846	4.66377	1.00896	0.871824	1.60779
	0.143196	0.213405	0.151469	0.192263	1.30911	0.16009	0.134319	0.130471
	0.143196	0.213405	0.151469	0.192263	1.30911	0.16009	0.134319	0.130471
loop 62
	0.322267	0.303223	0.245416	0.305666	1.51812	0.259316	0.221539	0.211219
	0.322267	0.303223	0.245416	0.305666	1.51812	0.259316	0.221539	0.211219
	0.322267	0.303223	0.245416	0.305666	1.51812	0.259316	0.221539	0.211219
	1.60257	2.33963	1.86022	1.15856	4.66315	1.009	0.871857	1.60815
	1.60257	2.33963	1.86022	1.15856	4.66315	1.009	0.871857	1.60815
	1.60257	2.33963	1.86022	1.15856	4.66315	1.009	0.871857	1.60815
	0.136784	0.203408	0.14162	0.177894	1.30665	0.148077	0.125364	0.121863
	0.136784	0.203408	0.14162	0.177894	1.30665	0.148077	0.125364	0.121863
loop 63
	0.31245	0.296227	0.24185	0.298278	1.51018	0.255841	0.217697	0.203467
	0.31245	0.296227	0.24185	0.298278	1.51018	0.255841	0.217697	0.203467
	0.31245	0.296227	0.24185	0.298278	1.51018	0.255841	0.217697	0.203467
	1.60247	2.33963	1.86049	1.1584	4.66377	1.00887	0.871791	1.60779
	1.60247	2.33963	1.86049	1.1584	4.66377	1.00887	0.871791	1.60779
	1.60247	2.33963	1.86049	1.1584	4.66377	1.00887	0.871791	1.60779
	0.156602	0.216531	0.157483	0.20192	1.30842	0.166642	0.141549	0.134069
	0.156602	0.216531	0.157483	0.20192	1.30842	0.166642	0.141549	0.134069
loop 64
	0.326031	0.311321	0.253354	0.318461	1.52749	0.267983	0.230251	0.215375
	0.326031	0.311321	0.253354	0.318461	1.52749	0.267983	0.230251	0.215375
	0.326031	0.311321	0.253354	0.318461	1.52749	0.267983	0.230251	0.215375
	1.61202	2.33889	1.85967	1.15793	4.66315	1.00845	0.880995	1.60767
	1.61202	2.33889	1.85967	1.15793	4.66315	1.00845	0.880995	1.60767
	1.61202	2.33889	1.85967	1.15793	4.66315	1.00845	0.880995	1.60767
	0.1389	0.206738	0.143567	0.184377	1.31488	0.150126	0.127565	0.123578
	0.1389	0.206738	0.143567	0.184377	1.31488	0.150126	0.127565	0.123578
loop 65
	0.314605	0.298145	0.244394	0.304895	1.51603	0.258434	0.220333	0.206171
	0.314605	0.298145	0.244394	0.304895	1.51603	0.258434	0.220333	0.206171
	0.314605	0.298145	0.244394	0.304895	1.51603	0.258434	0.220333	0.206171
	1.61182	2.33889	1.85953	1.15772	4.66315	1.00828	0.880828	1.60767
	1.61182	2.33889	1.85953	1.15772	4.66315	1.00828	0.880828	1.60767
	1.61182	2.33889	1.85953	1.15772	4.66315	1.00828	0.880828	1.60767
	0.153485	0.216424	0.158139	0.198678	1.30775	0.163207	0.141998	0.134677
	0.153485	0.216424	0.158139	0.198678	1.30775	0.163207	0.141998	0.134677
loop 66
	0.317126	0.297238	0.243456	0.303861	1.51362	0.257405	0.219454	0.205387
	0.317126	0.297238	0.243456	0.303861	1.51362	0.257405	0.219454	0.205387
	0.317126	0.297238	0.243456	0.303861	1.51362	0.257405	0.219454	0.205387
	1.61192	2.33889	1.85967	1.15793	4.66315	1.00841	0.880962	1.60767
	1.61192	2.33889	1.85967	1.15793	4.66315	1.00841	0.880962	1.60767
	1.61192	2.33889	1.85967	1.15793	4.66315	1.00841	0.880962	1.60767
	0.134494	0.205387	0.143006	0.175966	1.31705	0.1495	0.126602	0.119158
	0.134494	0.205387	0.143006	0.175966	1.31705	0.1495	0.126602	0.119158
loop 67
	0.32328	0.304114	0.245924	0.306372	1.52	0.259916	0.222047	0.211613
	0.32328	0.304114	0.245924	0.306372	1.52	0.259916	0.222047	0.211613
	0.32328	0.304114	0.245924	0.306372	1.52	0.259916	0.222047	0.211613
	1.60267	2.33963	1.86036	1.15856	4.66315	1.009	0.87189	1.60827
	1.60267	2.33963	1.86036	1.15856	4.66315	1.009	0.87189	1.60827
	1.60267	2.33963	1.86036	1.15856	4.66315	1.009	0.87189	1.60827
	0.149535	0.21128	0.151572	0.19151	1.29978	0.156038	0.134559	0.127734
	0.149535	0.21128	0.151572	0.19151	1.29978	0.156038	0.134559	0.127734
loop 68
	0.330087	0.312445	0.254322	0.315333	1.52722	0.26908	0.227147	0.216115
	0.330087	0.312445	0.254322	0.315333	1.52722	0.26908	0.227147	0.216115
	0.330087	0.312445	0.254322	0.315333	1.52722	0.26908	0.227147	0.216115
	1.60257	2.33908	1.86063	1.15846	4.66377	1.00892	0.871791	1.60779
	1.60257	2.33908	1.86063	1.15846	4.66377	1.00892	0.871791	1.60779
	1.60257	2.33908	1.86063	1.15846	4.66377	1.00892	0.871791	1.60779
	0.134136	0.2047	0.13905	0.17642	1.33143	0.14595	0.12662	0.118305
	0.134136	0.2047	0.13905	0.17642	1.33143	0.14595	0.12662	0.118305
loop 69
	0.323122	0.303845	0.246108	0.306513	1.52027	0.260131	0.222229	0.211552
	0.323122	0.303845	0.246108	0.306513	1.52027	0.260131	0.222229	0.211552
	0.323122	0.303845	0.246108	0.306513	1.52027	0.260131	0.222229	0.211552
	1.60257	2.33963	1.86022	1.15856	4.66315	1.009	0.871857	1.60815
	1.60257	2.33963	1.86022	1.15856	4.66315	1.009	0.871857	1.60815
	1.60257	2.33963	1.86022	1.15856	4.66315	1.009	0.871857	1.60815
	0.136088	0.200235	0.137168	0.172645	1.29698	0.143856	0.12125	0.114868
	0.136088	0.200235	0.137168	0.172645	1.29698	0.143856	0.12125	0.114868
loop 70
	0.325393	0.302289	0.248609	0.309128	1.52316	0.262719	0.224895	0.210492
	0.325393	0.302289	0.248609	0.309128	1.52316	0.262719	0.224895	0.210492
	0.325393	0.302289	0.248609	0.309128	1.52316	0.262719	0.224895	0.210492
	1.60247	2.33944	1.86049	1.1584	4.66377	1.00887	0.871724	1.60815
	1.60247	2.33944	1.86049	1.1584	4.66377	1.00887	0.871724	1.60815
	1.60247	2.33944	1.86049	1.1584	4.66377	1.00887	0.871724	1.60815
	0.12415	0.195757	0.132527	0.166105	1.32533	0.139583	0.115927	0.111448
	0.12415	0.195757	0.132527	0.166105	1.32533	0.139583	0.115927	0.111448
loop 71
	0.327892	0.305767	0.251698	0.31245	1.5237	0.265891	0.224008	0.213574
	0.327892	0.305767	0.251698	0.31245	1.5237	0.265891	0.224008	0.213574
	0.327892	0.305767	0.251698	0.31245	1.5237	0.265891	0.224008	0.213574
	1.61202	2.33889	1.85967	1.15793	4.66315	1.00845	0.880995	1.60767
	1.61202	2.33889	1.85967	1.15793	4.66315	1.00845	0.880995	1.60767
	1.61202	2.33889	1.85967	1.15793	4.66315	1.00845	0.880995	1.60767
	0.135644	0.204365	0.138974	0.174385	1.37657	0.145668	0.125212	0.123429
	0.135644	0.204365	0.138974	0.174385	1.37657	0.145668	0.125212	0.123429
loop 72
	0.337119	0.320242	0.258185	0.323281	1.53681	0.273029	0.235445	0.220302
	0.337119	0.320242	0.258185	0.323281	1.53681	0.273029	0.235445	0.220302
	0.337119	0.320242	0.258185	0.323281	1.53681	0.273029	0.235445	0.220302
	1.61182	2.33889	1.85953	1.15772	4.66315	1.00828	0.880828	1.60767
	1.61182	2.33889	1.85953	1.15772	4.66315	1.00828	0.880828	1.60767
	1.61182	2.33889	1.85953	1.15772	4.66315	1.00828	0.880828	1.60767
	0.129315	0.185463	0.127699	0.163514	1.31857	0.134212	0.114302	0.110822
	0.129315	0.185463	0.127699	0.163514	1.31857	0.134212	0.114302	0.110822
loop 73
	0.33366	0.311753	0.253838	0.314534	1.52876	0.268354	0.226494	0.215885
	0.33366	0.311753	0.253838	0.314534	1.52876	0.268354	0.226494	0.215885
	0.33366	0.311753	0.253838	0.314534	1.52876	0.268354	0.226494	0.215885
	1.61202	2.33853	1.85967	1.15793	4.66315	1.00845	0.880962	1.60743
	1.61202	2.33853	1.85967	1.15793	4.66315	1.00845	0.880962	1.60743
	1.61202	2.33853	1.85967	1.15793	4.66315	1.00845	0.880962	1.60743
	0.12417	0.187523	0.128877	0.16621	1.33268	0.131993	0.11555	0.11064
	0.12417	0.187523	0.128877	0.16621	1.33268	0.131993	0.11555	0.11064
loop 74
	0.341167	0.316764	0.258651	0.319381	1.53778	0.273212	0.231563	0.216903
	0.341167	0.316764	0.258651	0.319381	1.53778	0.273212	0.231563	0.216903
	0.341167	0.316764	0.258651	0.319381	1.53778	0.273212	0.231563	0.216903
	1.60267	2.33963	1.86036	1.15856	4.66315	1.009	0.87189	1.60815
	1.60267	2.33963	1.86036	1.15856	4.66315	1.009	0.87189	1.60815
	1.60267	2.33963	1.86036	1.15856	4.66315	1.009	0.87189	1.60815
	0.118235	0.18102	0.11862	0.15301	1.27853	0.124166	0.108149	0.102486
	0.118235	0.18102	0.11862	0.15301	1.27853	0.124166	0.108149	0.102486
loop 75
	0.33611	0.310997	0.252854	0.313483	1.53354	0.267225	0.229625	0.21489
	0.33611	0.310997	0.252854	0.313483	1.53354	0.267225	0.229625	0.21489
	0.33611	0.310997	0.252854	0.313483	1.53354	0.267225	0.229625	0.21489
	1.60247	2.33963	1.86063	1.15846	4.66377	1.00892	0.871791	1.60779
	1.60247	2.33963	1.86063	1.15846	4.66377	1.00892	0.871791	1.60779
	1.60247	2.33963	1.86063	1.15846	4.66377	1.00892	0.871791	1.60779
	0.130265	0.199518	0.134044	0.175758	1.32632	0.141723	0.122097	0.11457
	0.130265	0.199518	0.134044	0.175758	1.32632	0.141723	0.122097	0.11457
loop 76
	0.339633	0.32004	0.261967	0.322974	1.54298	0.276957	0.235167	0.223733
	0.339633	0.32004	0.261967	0.322974	1.54298	0.276957	0.235167	0.223733
	0.339633	0.32004	0.261967	0.322974	1.54298	0.276957	0.235167	0.223733
	1.60257	2.33963	1.86022	1.15851	4.66315	1.00896	0.871857	1.60815
	1.60257	2.33963	1.86022	1.15851	4.66315	1.00896	0.871857	1.60815
	1.60257	2.33963	1.86022	1.15851	4.66315	1.00896	0.871857	1.60815
	0.140808	0.199861	0.141645	0.178613	1.27348	0.1476	0.125705	0.120045
	0.140808	0.199861	0.141645	0.178613	1.27348	0.1476	0.125705	0.120045
loop 77
	0.338587	0.312986	0.255328	0.320159	1.53778	0.269779	0.232226	0.21741
	0.338587	0.312986	0.255328	0.320159	1.53778	0.269779	0.232226	0.21741
	0.338587	0.312986	0.255328	0.320159	1.53778	0.269779	0.232226	0.21741
	1.61182	2.33889	1.85967	1.15777	4.66315	1.00832	0.880861	1.60767
	1.61182	2.33889	1.85967	1.15777	4.66315	1.00832	0.880861	1.60767
	1.61182	2.33889	1.85967	1.15777	4.66315	1.00832	0.880861	1.60767
	0.122697	0.187311	0.128574	0.160256	1.29532	0.13041	0.11448	0.108036
	0.122697	0.187311	0.128574	0.160256	1.29532	0.13041	0.11448	0.108036
loop 78
	0.336014	0.311299	0.253354	0.313924	1.53354	0.267612	0.229982	0.215234
	0.336014	0.311299	0.253354	0.313924	1.53354	0.267612	0.229982	0.215234
	0.336014	0.311299	0.253354	0.313924	1.53354	0.267612	0.229982	0.215234
	1.61192	2.33889	1.85967	1.15793	4.66315	1.00845	0.880962	1.60767
	1.61192	2.33889	1.85967	1.15793	4.66315	1.00845	0.880962	1.60767
	1.61192	2.33889	1.85967	1.15793	4.66315	1.00845	0.880962	1.60767
	0.155345	0.212883	0.155464	0.199024	1.30019	0.164502	0.139316	0.132106
	0.155345	0.212883	0.155464	0.199024	1.30019	0.164502	0.139316	0.132106
loop 79
	0.340748	0.316231	0.258019	0.318733	1.53778	0.272596	0.231017	0.220209
	0.340748	0.316231	0.258019	0.318733	1.53778	0.272596	0.231017	0.220209
	0.340748	0.316231	0.258019	0.318733	1.53778	0.272596	0.231017	0.220209
	1.61182	2.33889	1.85953	1.15772	4.66254	1.00828	0.880828	1.60767
	1.61182	2.33889	1.85953	1.15772	4.66254	1.00828	0.880828	1.60767
	1.61182	2.33889	1.85953	1.15772	4.66254	1.00828	0.880828	1.60767
	0.124039	0.188799	0.12843	0.163085	1.29245	0.133292	0.113557	0.107281
	0.124039	0.188799	0.12843	0.163085	1.29245	0.133292	0.113557	0.107281
loop 80
	0.34822	0.325697	0.263541	0.32877	1.54696	0.278626	0.237027	0.225649
	0.34822	0.325697	0.263541	0.32877	1.54696	0.278626	0.237027	0.225649
	0.34822	0.325697	0.263541	0.32877	1.54696	0.278626	0.237027	0.225649
	1.60257	2.33908	1.86022	1.15846	4.66377	1.00896	0.871824	1.60779
	1.60257	2.33908	1.86022	1.15846	4.66377	1.00896	0.871824	1.60779
	1.60257	2.33908	1.86022	1.15846	4.66377	1.00896	0.871824	1.60779
	0.154138	0.214279	0.158986	0.203361	1.30921	0.168674	0.143356	0.135613
	0.154138	0.214279	0.158986	0.203361	1.30921	0.168674	0.143356	0.135613
loop 81
	0.343879	0.315321	0.257686	0.322624	1.5412	0.272297	0.230757	0.219919
	0.343879	0.315321	0.257686	0.322624	1.5412	0.272297	0.230757	0.219919
	0.343879	0.315321	0.257686	0.322624	1.5412	0.272297	0.230757	0.219919
	1.60257	2.33963	1.86022	1.15856	4.66315	1.009	0.871857	1.60815
	1.60257	2.33963	1.86022	1.15856	4.66315	1.009	0.871857	1.60815
	1.60257	2.33963	1.86022	1.15856	4.66315	1.009	0.871857	1.60815
	0.130594	0.194757	0.134766	0.172967	1.29155	0.140473	0.121392	0.114545
	0.130594	0.194757	0.134766	0.172967	1.29155	0.140473	0.121392	0.114545
loop 82
	0.346324	0.31923	0.261054	0.321879	1.54874	0.275707	0.234135	0.223141
	0.346324	0.31923	0.261054	0.321879	1.54874	0.275707	0.234135	0.223141
	0.346324	0.31923	0.261054	0.321879	1.54874	0.275707	0.234135	0.223141
	1.60247	2.33963	1.86049	1.1584	4.66377	1.00887	0.871791	1.60779
	1.60247	2.33963	1.86049	1.1584	4.66377	1.00887	0.871791	1.60779
	1.60247	2.33963	1.86049	1.1584	4.66377	1.00887	0.871791	1.60779
	0.152713	0.219248	0.164239	0.20862	1.31355	0.169245	0.143909	0.139933
	0.152713	0.219248	0.164239	0.20862	1.31355	0.169245	0.143909	0.139933
loop 83
	0.34944	0.325004	0.266814	0.327915	1.54874	0.277596	0.23618	0.225006
	0.34944	0.325004	0.266814	0.327915	1.54874	0.277596	0.23618	0.225006
	0.34944	0.325004	0.266814	0.327915	1.54874	0.277596	0.23618	0.225006
	1.61202	2.33889	1.85967	1.15793	4.66315	1.00845	0.880995	1.60767
	1.61202	2.33889	1.85967	1.15793	4.66315	1.00845	0.880995	1.60767
	1.61202	2.33889	1.85967	1.15793	4.66315	1.00845	0.880995	1.60767
	0.140417	0.196748	0.141423	0.183197	1.306	0.147671	0.124997	0.121672
	0.140417	0.196748	0.141423	0.183197	1.306	0.147671	0.124997	0.121672
loop 84
	0.346906	0.322566	0.264726	0.325666	1.54531	0.275386	0.237929	0.222562
	0.346906	0.322566	0.264726	0.325666	1.54531	0.275386	0.237929	0.222562
	0.346906	0.322566	0.264726	0.325666	1.54531	0.275386	0.237929	0.222562
	1.61182	2.33889	1.85953	1.15772	4.66315	1.00828	0.880828	1.60767
	1.61182	2.33889	1.85953	1.15772	4.66315	1.00828	0.880828	1.60767
	1.61182	2.33889	1.85953	1.15772	4.66315	1.00828	0.880828	1.60767
	0.13034	0.195547	0.134968	0.174036	1.29539	0.141763	0.122507	0.115903
	0.13034	0.195547	0.134968	0.174036	1.29539	0.141763	0.122507	0.115903
loop 85
	0.352344	0.324034	0.266134	0.327015	1.55188	0.276858	0.23964	0.224472
	0.352344	0.324034	0.266134	0.327015	1.55188	0.276858	0.23964	0.224472
	0.352344	0.324034	0.266134	0.327015	1.55188	0.276858	0.23964	0.224472
	1.61192	2.33889	1.85967	1.15793	4.66315	1.00841	0.880962	1.60767
	1.61192	2.33889	1.85967	1.15793	4.66315	1.00841	0.880962	1.60767
	1.61192	2.33889	1.85967	1.15793	4.66315	1.00841	0.880962	1.60767
	0.141806	0.193245	0.142627	0.179895	1.34767	0.146512	0.126726	0.123923
	0.141806	0.193245	0.142627	0.179895	1.34767	0.146512	0.126726	0.123923
loop 86
	0.35167	0.324727	0.266413	0.327285	1.55381	0.281223	0.239777	0.224773
	0.35167	0.324727	0.266413	0.327285	1.55381	0.281223	0.239777	0.224773
	0.35167	0.324727	0.266413	0.327285	1.55381	0.281223	0.239777	0.224773
	1.60267	2.33963	1.86036	1.15856	4.66315	1.009	0.87189	1.60827
	1.60267	2.33963	1.86036	1.15856	4.66315	1.009	0.87189	1.60827
	1.60267	2.33963	1.86036	1.15856	4.66315	1.009	0.87189	1.60827
	0.151844	0.201174	0.147507	0.193163	1.35191	0.157142	0.134033	0.128057
	0.151844	0.201174	0.147507	0.193163	1.35191	0.157142	0.134033	0.128057
loop 87
	0.371908	0.344327	0.281813	0.3476	1.57019	0.297639	0.252314	0.236417
	0.371908	0.344327	0.281813	0.3476	1.57019	0.297639	0.252314	0.236417
	0.371908	0.344327	0.281813	0.3476	1.57019	0.297639	0.252314	0.236417
	1.60257	2.33908	1.86063	1.15846	4.66377	1.00892	0.871791	1.60779
	1.60257	2.33908	1.86063	1.15846	4.66377	1.00892	0.871791	1.60779
	1.60257	2.33908	1.86063	1.15846	4.66377	1.00892	0.871791	1.60779
	0.199019	0.244197	0.206363	0.258412	1.2653	0.212394	0.178048	0.176764
	0.199019	0.244197	0.206363	0.258412	1.2653	0.212394	0.178048	0.176764
loop 88
	0.355921	0.324218	0.266378	0.331527	1.55464	0.281258	0.239763	0.224513
	0.355921	0.324218	0.266378	0.331527	1.55464	0.281258	0.239763	0.224513
	0.355921	0.324218	0.266378	0.331527	1.55464	0.281258	0.239763	0.224513
	1.60257	2.33963	1.86022	1.15856	4.66315	1.009	0.871857	1.60815
	1.60257	2.33963	1.86022	1.15856	4.66315	1.009	0.871857	1.60815
	1.60257	2.33963	1.86022	1.15856	4.66315	1.009	0.871857	1.60815
	0.173174	0.228442	0.191168	0.235831	1.22946	0.197036	0.166426	0.162512
	0.173174	0.228442	0.191168	0.235831	1.22946	0.197036	0.166426	0.162512
loop 89
	0.363508	0.328656	0.270669	0.335872	1.5575	0.285806	0.244546	0.229267
	0.363508	0.328656	0.270669	0.335872	1.5575	0.285806	0.244546	0.229267
	0.363508	0.328656	0.270669	0.335872	1.5575	0.285806	0.244546	0.229267
	1.60247	2.33944	1.86049	1.1584	4.66377	1.00887	0.871724	1.60815
	1.60247	2.33944	1.86049	1.1584	4.66377	1.00887	0.871724	1.60815
	1.60247	2.33944	1.86049	1.1584	4.66377	1.00887	0.871724	1.60815
	0.207725	0.268518	0.22658	0.279491	1.25969	0.233629	0.196978	0.192274
	0.207725	0.268518	0.22658	0.279491	1.25969	0.233629	0.196978	0.192274
loop 90
	0.359842	0.329937	0.271728	0.332698	1.55806	0.28244	0.241247	0.229918
	0.359842	0.329937	0.271728	0.332698	1.55806	0.28244	0.241247	0.229918
	0.359842	0.329937	0.271728	0.332698	1.55806	0.28244	0.241247	0.229918
	1.61202	2.33889	1.85967	1.15793	4.66315	1.00845	0.880995	1.60767
	1.61202	2.33889	1.85967	1.15793	4.66315	1.00845	0.880995	1.60767
	1.61202	2.33889	1.85967	1.15793	4.66315	1.00845	0.880995	1.60767
	0.214313	0.27742	0.239226	0.292121	1.25908	0.246602	0.206718	0.20194
	0.214313	0.27742	0.239226	0.292121	1.25908	0.246602	0.206718	0.20194
loop 91
	0.370031	0.341807	0.279527	0.345206	1.57187	0.290998	0.249819	0.237846
	0.370031	0.341807	0.279527	0.345206	1.57187	0.290998	0.249819	0.237846
	0.370031	0.341807	0.279527	0.345206	1.57187	0.290998	0.249819	0.237846
	1.61182	2.33889	1.85953	1.15772	4.66315	1.00828	0.880828	1.60767
	1.61182	2.33889	1.85953	1.15772	4.66315	1.00828	0.880828	1.60767
	1.61182	2.33889	1.85953	1.15772	4.66315	1.00828	0.880828	1.60767
	0.465474	0.535331	0.477439	0.541481	2.28758	0.469105	0.408031	0.372885
	0.465474	0.535331	0.477439	0.541481	2.28758	0.469105	0.408031	0.372885
loop 92
	0.365889	0.331545	0.273667	0.338973	1.56119	0.28471	0.243598	0.232258
	0.365889	0.331545	0.273667	0.338973	1.56119	0.28471	0.243598	0.232258
	0.365889	0.331545	0.273667	0.338973	1.56119	0.28471	0.243598	0.232258
	1.61202	2.33853	1.85967	1.15793	4.66315	1.00845	0.880962	1.60743
	1.61202	2.33853	1.85967	1.15793	4.66315	1.00845	0.880962	1.60743
	1.61202	2.33853	1.85967	1.15793	4.66315	1.00845	0.880962	1.60743
	0.422637	0.537405	0.479151	0.544009	2.40529	0.474731	0.411784	0.368542
	0.422637	0.537405	0.479151	0.544009	2.40529	0.474731	0.411784	0.368542
loop 93
	0.360111	0.32693	0.268767	0.334107	1.55806	0.283732	0.242347	0.227226
	0.360111	0.32693	0.268767	0.334107	1.55806	0.283732	0.242347	0.227226
	0.360111	0.32693	0.268767	0.334107	1.55806	0.283732	0.242347	0.227226
	1.60267	2.33963	1.86036	1.15856	4.66315	1.009	0.87189	1.60815
	1.60267	2.33963	1.86036	1.15856	4.66315	1.009	0.87189	1.60815
	1.60267	2.33963	1.86036	1.15856	4.66315	1.009	0.87189	1.60815
	0.53042	0.474105	0.399193	0.473473	2.09575	0.412103	0.359643	0.336008
	0.53042	0.474105	0.399193	0.473473	2.09575	0.412103	0.359643	0.336008
loop 94
	0.369083	0.337938	0.279377	0.345377	1.56991	0.290942	0.249863	0.237831
	0.369083	0.337938	0.279377	0.345377	1.56991	0.290942	0.249863	0.237831
	0.369083	0.337938	0.279377	0.345377	1.56991	0.290942	0.249863	0.237831
	1.60247	2.33963	1.86063	1.15846	4.66377	1.00892	0.871791	1.60779
	1.60247	2.33963	1.86063	1.15846	4.66377	1.00892	0.871791	1.60779
	1.60247	2.33963	1.86063	1.15846	4.66377	1.00892	0.871791	1.60779
	0.561189	0.416515	0.33932	0.415306	1.87589	0.365478	0.312946	0.302471
	0.561189	0.416515	0.33932	0.415306	1.87589	0.365478	0.312946	0.302471
loop 95
	0.366743	0.33265	0.274705	0.340159	1.56537	0.285716	0.244461	0.232747
	0.366743	0.33265	0.274705	0.340159	1.56537	0.285716	0.244461	0.232747
	0.366743	0.33265	0.274705	0.340159	1.56537	0.285716	0.244461	0.232747
	1.60257	2.33963	1.86022	1.15851	4.66315	1.00896	0.871857	1.60815
	1.60257	2.33963	1.86022	1.15851	4.66315	1.00896	0.871857	1.60815
	1.60257	2.33963	1.86022	1.15851	4.66315	1.00896	0.871857	1.60815
	0.636061	0.546033	0.451245	0.549769	1.89804	0.473227	0.407093	0.383298
	0.636061	0.546033	0.451245	0.549769	1.89804	0.473227	0.407093	0.383298
loop 96
	0.367828	0.337741	0.275683	0.340987	1.57276	0.290961	0.249878	0.234271
	0.367828	0.337741	0.275683	0.340987	1.57276	0.290961	0.249878	0.234271
	0.367828	0.337741	0.275683	0.340987	1.57276	0.290961	0.249878	0.234271
	1.61182	2.33889	1.85967	1.15777	4.66315	1.00832	0.880861	1.60767
	1.61182	2.33889	1.85967	1.15777	4.66315	1.00832	0.880861	1.60767
	1.61182	2.33889	1.85967	1.15777	4.66315	1.00832	0.880861	1.60767
	0.929004	0.722891	0.591544	0.714732	2.62541	0.612463	0.526699	0.512223
	0.929004	0.722891	0.591544	0.714732	2.62541	0.612463	0.526699	0.512223
loop 97
	0.371936	0.334766	0.276626	0.341996	1.5736	0.291719	0.246456	0.234944
	0.371936	0.334766	0.276626	0.341996	1.5736	0.291719	0.246456	0.234944
	0.371936	0.334766	0.276626	0.341996	1.5736	0.291719	0.246456	0.234944
	1.61192	2.33889	1.85967	1.15793	4.66315	1.00845	0.880962	1.60767
	1.61192	2.33889	1.85967	1.15793	4.66315	1.00845	0.880962	1.60767
	1.61192	2.33889	1.85967	1.15793	4.66315	1.00845	0.880962	1.60767
	1.3469	0.95557	0.730171	0.883947	3.97186	0.766442	0.662543	0.673692
	1.3469	0.95557	0.730171	0.883947	3.97186	0.766442	0.662543	0.673692
loop 98
	0.384119	0.348663	0.286415	0.356608	1.58096	0.302487	0.257333	0.245047
	0.384119	0.348663	0.286415	0.356608	1.58096	0.302487	0.257333	0.245047
	0.384119	0.348663	0.286415	0.356608	1.58096	0.302487	0.257333	0.245047
	1.61182	2.33889	1.85953	1.15772	4.66254	1.00828	0.880828	1.60767
	1.61182	2.33889	1.85953	1.15772	4.66254	1.00828	0.880828	1.60767
	1.61182	2.33889	1.85953	1.15772	4.66254	1.00828	0.880828	1.60767
	1.34238	0.952985	0.732232	0.879002	3.97321	0.76864	0.664457	0.668865
	1.34238	0.952985	0.732232	0.879002	3.97321	0.76864	0.664457	0.668865
loop 99
	0.388411	0.348741	0.28667	0.352265	1.58721	0.29822	0.257394	0.241495
	0.388411	0.348741	0.28667	0.352265	1.58721	0.29822	0.257394	0.241495
	0.388411	0.348741	0.28667	0.352265	1.58721	0.29822	0.257394	0.241495
	1.60257	2.33908	1.86022	1.15846	4.66377	1.00896	0.871824	1.60779
	1.60257	2.33908	1.86022	1.15846	4.66377	1.00896	0.871824	1.60779
	1.60257	2.33908	1.86022	1.15846	4.66377	1.00896	0.871824	1.60779
	1.34238	0.948585	0.732186	0.879002	3.97321	0.76864	0.664457	0.6686
	1.34238	0.948585	0.732186	0.879002	3.97321	0.76864	0.664457	0.6686

work load:ammp,ammp,ammp,bzip2,bzip2,bzip2,crafty,crafty
