loop 0
0.0401813	0.0386136	0.0712505	0.0583142
0.035496	0.034084	0.0624267	0.0520312
0.0558272	0.0521717	0.10042	0.0817721
0.115847	0.110122	0.199781	0.16598
loop 1
0.0401467	0.0385812	0.0696672	0.0582617
0.035514	0.0341009	0.0624591	0.0520499
0.056049	0.0523885	0.099282	0.0820816
0.115847	0.110122	0.199768	0.16597
loop 2
0.0414403	0.0385668	0.0711553	0.0582354
0.0354924	0.0340807	0.0624267	0.052025
0.0555864	0.0531471	0.100536	0.081757
0.115841	0.110111	0.199781	0.16597
loop 3
0.0414761	0.0385992	0.0712764	0.0583207
0.035478	0.0340672	0.0624024	0.0520063
0.0557638	0.0533473	0.101846	0.0816914
0.115882	0.110155	0.199822	0.165991
loop 4
0.0403428	0.038772	0.0699634	0.0585241
0.0355284	0.0341143	0.0624753	0.0520749
0.0550289	0.0526125	0.0996653	0.0809899
0.115876	0.11015	0.199795	0.166001
loop 5
0.0405196	0.037654	0.0687406	0.0573376
0.0355068	0.0340941	0.0624429	0.0520437
0.054843	0.0524318	0.0993516	0.0807386
0.115876	0.11015	0.199795	0.16598
loop 6
0.0417499	0.0388548	0.0717002	0.0586816
0.0354672	0.0340538	0.0623862	0.0519875
0.0549282	0.0525113	0.099491	0.0808444
0.115853	0.110128	0.199768	0.16596
loop 7
0.0414086	0.038538	0.0711121	0.0582026
0.0355068	0.0340908	0.0624429	0.0520375
0.0556716	0.0519816	0.0991734	0.0804582
0.115835	0.110106	0.199781	0.16596
loop 8
0.0405119	0.0389376	0.070302	0.057376
0.035514	0.0341009	0.0624591	0.0520499
0.0545649	0.0508959	0.0979017	0.0792572
0.115847	0.110122	0.199781	0.16597
loop 9
0.0403928	0.0388188	0.070065	0.0571648
0.0354816	0.0340706	0.0624105	0.0520125
0.0544741	0.0508133	0.0977834	0.0791423
0.115876	0.110144	0.199808	0.166011
loop 10
0.0404004	0.0388296	0.070065	0.0571776
0.0354924	0.0340807	0.0624267	0.052025
0.0543984	0.0507444	0.0976482	0.0790401
0.11587	0.110144	0.199795	0.166001
loop 11
0.0415475	0.038664	0.0714321	0.0584388
0.0355104	0.0340975	0.062451	0.0520437
0.0517226	0.0492608	0.0939062	0.0766087
0.115876	0.11015	0.199781	0.165991
loop 12
0.0405465	0.0376783	0.070302	0.0573696
0.035478	0.0340639	0.0624024	0.0520063
0.051075	0.04864	0.0928438	0.0757057
0.115859	0.110133	0.199795	0.16597
loop 13
0.0404735	0.038898	0.0701835	0.0572736
0.0354888	0.0340773	0.0624105	0.0520187
0.0516399	0.049184	0.09375	0.0764899
0.118591	0.112909	0.20515	0.171509
loop 14
0.0402428	0.0386712	0.069828	0.0583995
0.0355356	0.0341211	0.0624834	0.050771
0.0485686	0.044843	0.0854994	0.069683
0.115859	0.110133	0.199768	0.16596
loop 15
0.0406349	0.0377619	0.068931	0.0574976
0.0355068	0.0340908	0.0624429	0.0520437
0.045945	0.0434419	0.082858	0.068411
0.115882	0.110155	0.199781	0.165991
loop 16
0.03945	0.0378733	0.0691215	0.0576512
0.0354744	0.0340605	0.0623943	0.052
0.0459821	0.0446194	0.0816947	0.066703
0.115876	0.110155	0.199808	0.16598
loop 17
0.0403697	0.0387972	0.0700227	0.0571328
0.0354996	0.0340874	0.0624348	0.0520312
0.0509952	0.0484087	0.0904642	0.0741251
0.115876	0.11015	0.199795	0.165991
loop 18
0.0409799	0.039424	0.0719339	0.0590502
0.0354996	0.0340874	0.0624348	0.0520312
0.0461172	0.043512	0.0813254	0.0665684
0.115859	0.110133	0.199781	0.16598
loop 19
0.0411268	0.039558	0.0707229	0.059299
0.0354924	0.0340773	0.0624186	0.0520187
0.0512677	0.0487511	0.0913306	0.0752475
0.115859	0.110133	0.199768	0.16596
loop 20
0.0413609	0.0384948	0.0710256	0.0581305
0.035496	0.034084	0.0624267	0.0520312
0.050272	0.047764	0.0902016	0.0741762
0.115847	0.110122	0.199781	0.16596
loop 21
0.0414403	0.0385704	0.071164	0.058242
0.0355176	0.0341042	0.0624672	0.0520624
0.054202	0.0517143	0.0984842	0.0794212
0.115882	0.110161	0.199822	0.165991
loop 22
0.0403774	0.0388008	0.0700481	0.057152
0.035478	0.0340672	0.0624024	0.0520063
0.0507904	0.048268	0.09108	0.0749149
0.115876	0.110155	0.199795	0.166001
loop 23
0.0414562	0.0398817	0.0711986	0.0597158
0.0354744	0.0340605	0.0623862	0.0519938
0.0545159	0.0507931	0.0969441	0.0795415
0.115876	0.11015	0.199795	0.165991
loop 24
0.040239	0.0386712	0.071337	0.0583995
0.0355176	0.0341042	0.0624591	0.0520562
0.0520484	0.0495177	0.092619	0.0749149
0.115853	0.110128	0.199768	0.16596
loop 25
0.0403658	0.0387936	0.0700057	0.0585635
0.0354996	0.0340874	0.0624348	0.0520375
0.0537901	0.050067	0.0962901	0.07744
0.115853	0.110128	0.199781	0.16596
loop 26
0.040289	0.038718	0.0698788	0.0584519
0.0354744	0.0340605	0.0624024	0.052
0.050627	0.0480679	0.0898516	0.0735946
0.115859	0.110133	0.199768	0.16597
loop 27
0.0413292	0.0384624	0.0710429	0.0581305
0.035514	0.0341009	0.0624591	0.0520499
0.0502704	0.0477959	0.08972	0.0738879
0.115882	0.110155	0.199795	0.166001
loop 28
0.039331	0.0377584	0.0689228	0.0574848
0.0355068	0.0340941	0.062451	0.0520437
0.0484837	0.045904	0.0865404	0.0702242
0.115882	0.110155	0.199795	0.166001
loop 29
0.0403812	0.0388116	0.0700481	0.057152
0.0354744	0.0340639	0.0623943	0.052
0.0461981	0.0436856	0.083356	0.0674201
0.115876	0.11015	0.199781	0.16598
loop 30
0.0401775	0.03861	0.069718	0.0583142
0.0355068	0.0340941	0.0624429	0.0520437
0.0428728	0.0402712	0.0753239	0.0620217
0.11587	0.110144	0.199808	0.16597
loop 31
0.0413609	0.0384984	0.0710342	0.058137
0.0355284	0.0341143	0.0624753	0.0520687
0.0463419	0.0436552	0.0813936	0.0676006
0.115853	0.110128	0.199781	0.16597

work load: mesa.mips wupwise.mips crafty.mips bzip2.mips
