loop 0
	0.0571338	0.0372492	0.0404521	0.0467553	0.042532	0.0387783	0.0513948	0.043247
	0.0533433	0.0358026	0.0393689	0.0449208	0.0402578	0.0375097	0.0485612	0.0410616
	0.045557	0.0292735	0.0323259	0.03706	0.0331008	0.030758	0.0414155	0.0349388
	0.07285	0.0466339	0.0505239	0.0584439	0.0524318	0.0491288	0.0650884	0.054194
	0.149394	0.0968098	0.106168	0.122061	0.110763	0.102827	0.134592	0.111988
	0.0742128	0.0492372	0.0533012	0.0611473	0.054325	0.0512098	0.06699	0.056732
	0.0378942	0.0249412	0.0283393	0.0311522	0.0279969	0.0265943	0.0346272	0.0287585
	0.0512335	0.034609	0.0379847	0.0432386	0.038826	0.0362231	0.0466864	0.0395877
loop 1
	0.0553984	0.036735	0.0399718	0.0450105	0.0407798	0.0382816	0.0496509	0.0414979
	0.0536311	0.034694	0.0382375	0.0437662	0.0391267	0.0363968	0.0473994	0.0399306
	0.0455777	0.0292897	0.0323447	0.0370792	0.0331203	0.0307755	0.0414335	0.0349562
	0.0717756	0.0456355	0.0507306	0.0586809	0.0514171	0.0481216	0.0640395	0.0531698
	0.149394	0.0968098	0.106168	0.122067	0.110763	0.102827	0.134592	0.111988
	0.0741926	0.0492228	0.0532849	0.0611322	0.0543124	0.0511944	0.0669727	0.056714
	0.0381169	0.0251002	0.0273133	0.0313421	0.0281692	0.0267624	0.0335807	0.0289382
	0.0511951	0.0345848	0.0379533	0.0418898	0.0387936	0.0361971	0.0466626	0.0395542
loop 2
	0.0543778	0.0357526	0.0389858	0.04532	0.0397892	0.0372996	0.0486431	0.0417853
	0.0523636	0.0348232	0.0383869	0.0439289	0.0392781	0.0365329	0.0475789	0.0400837
	0.045557	0.0304074	0.0323259	0.0370562	0.0330976	0.0319077	0.041411	0.0349353
	0.0727531	0.0463055	0.0514677	0.0582154	0.052165	0.0488256	0.064923	0.053939
	0.149377	0.0968008	0.106158	0.122054	0.110758	0.102817	0.134585	0.111977
	0.0742128	0.0492372	0.0533012	0.0611473	0.054325	0.0512059	0.06699	0.056732
	0.03915	0.024919	0.0283105	0.0323588	0.0279704	0.02657	0.0345909	0.0299429
	0.05256	0.0345727	0.0379394	0.0431879	0.0387792	0.0361841	0.0466388	0.0395431
loop 3
	0.0551616	0.0365575	0.0397813	0.0461139	0.0405873	0.0380993	0.0507712	0.0425843
	0.0523688	0.0348372	0.0383967	0.0439408	0.0392848	0.036545	0.0475834	0.0400872
	0.0455363	0.0303962	0.0323102	0.0370408	0.0330846	0.0318926	0.0413976	0.0349214
	0.0727813	0.0465791	0.0516923	0.0583847	0.052374	0.0490697	0.0650198	0.0541335
	0.14942	0.0968367	0.106205	0.122099	0.110801	0.102856	0.134622	0.112022
	0.0742128	0.0492372	0.0532972	0.0611473	0.054325	0.0512059	0.06699	0.0567275
	0.038772	0.0257953	0.0279991	0.0320181	0.028853	0.0274509	0.0355027	0.0296211
	0.0512389	0.0345969	0.0379707	0.0432344	0.0388116	0.0362101	0.0466911	0.0395766
loop 4
	0.0581914	0.0382035	0.0414219	0.0477654	0.0422227	0.0397337	0.0524242	0.0442332
	0.0523947	0.0348541	0.0384162	0.0439606	0.0393083	0.0365662	0.0476058	0.0401116
	0.0455985	0.0293005	0.0323572	0.0370908	0.0331301	0.0307871	0.0414514	0.0349701
	0.0707143	0.0458312	0.0497307	0.0576523	0.0516358	0.0483264	0.0642988	0.0533991
	0.14942	0.0968322	0.106194	0.122093	0.110796	0.102851	0.134622	0.112016
	0.0741993	0.0492264	0.053289	0.0611372	0.0543166	0.0511982	0.0669785	0.0567185
	0.0379464	0.0249763	0.0283768	0.0311938	0.0280344	0.0266308	0.0346756	0.0288
	0.0514306	0.0335048	0.0368593	0.0420864	0.0376957	0.0351138	0.046872	0.0384552
loop 5
	0.056254	0.036359	0.040833	0.0458689	0.0416374	0.0391473	0.0505069	0.0423577
	0.0523688	0.0348428	0.0383999	0.0439448	0.0392915	0.0365541	0.0475879	0.0400942
	0.0455725	0.0292816	0.0323353	0.0370715	0.0331106	0.0307696	0.041429	0.0349458
	0.0718317	0.0456711	0.0507719	0.0587317	0.0514594	0.04816	0.0640875	0.0532142
	0.149411	0.0968322	0.106194	0.122086	0.110796	0.102851	0.134615	0.112016
	0.0742128	0.0492372	0.0532972	0.0611473	0.054325	0.0512059	0.06699	0.0567275
	0.0379116	0.024956	0.0283547	0.0311678	0.0280123	0.0266085	0.0346453	0.0287747
	0.0502685	0.0336536	0.0370208	0.0422707	0.0378628	0.0352675	0.0457267	0.0386244
loop 6
	0.0561622	0.0375156	0.0407429	0.0457807	0.0415486	0.039055	0.0504169	0.0422706
	0.0535724	0.0346574	0.0382017	0.0437185	0.0390863	0.0363605	0.048774	0.0412524
	0.0455207	0.0303821	0.0323008	0.0370293	0.0330716	0.0318805	0.0413841	0.0349075
	0.0719329	0.0457482	0.0508546	0.0575447	0.051537	0.0482368	0.0641835	0.0532956
	0.149386	0.0968143	0.106174	0.122067	0.110774	0.102831	0.134592	0.111994
	0.0742061	0.0492336	0.0532972	0.0611423	0.0543208	0.0512021	0.0669843	0.0568307
	0.0391068	0.0260605	0.0282796	0.0323182	0.029141	0.0265397	0.0345546	0.0299093
	0.051562	0.0348299	0.0382249	0.0435133	0.0390708	0.0364505	0.0469863	0.039837
loop 7
	0.0581225	0.0381923	0.041405	0.0477239	0.0422009	0.0397257	0.0523709	0.0442054
	0.0547052	0.0357297	0.0392882	0.0448266	0.0401777	0.0374376	0.0484688	0.0409788
	0.0455674	0.0292816	0.0323353	0.0370677	0.0331106	0.0307667	0.0414245	0.0349458
	0.0714971	0.0451856	0.0503157	0.0583148	0.0510062	0.0476875	0.0636989	0.0527714
	0.149377	0.0968008	0.106153	0.122054	0.110752	0.102817	0.134578	0.111977
	0.0742061	0.0492336	0.0532972	0.0611473	0.054325	0.0512059	0.06699	0.0567275
	0.0388692	0.0258688	0.0280742	0.0320992	0.028929	0.027527	0.0355936	0.0297004
	0.0525319	0.0345425	0.0379081	0.0431542	0.0387504	0.0361549	0.0466054	0.0395096
loop 8
	0.0560506	0.0374148	0.0406405	0.0469872	0.041443	0.0389513	0.0516605	0.0434535
	0.0538016	0.034826	0.0383804	0.043917	0.0392713	0.0365359	0.047561	0.0400698
	0.0455829	0.0292897	0.0323447	0.0370792	0.0331171	0.0307755	0.0414335	0.0349562
	0.0703256	0.0453185	0.0492403	0.0572022	0.0511508	0.0478248	0.0625674	0.0529231
	0.149386	0.0968143	0.106168	0.122067	0.110769	0.102831	0.134592	0.111988
	0.0742128	0.0492372	0.0533012	0.0611524	0.0543293	0.0512098	0.0669958	0.056732
	0.0390996	0.0260469	0.0282664	0.0323047	0.0291249	0.0265255	0.0345455	0.0298949
	0.0516715	0.0336419	0.0370175	0.0422707	0.0378559	0.0352549	0.0457406	0.0386208
loop 9
	0.0563721	0.0364565	0.0396702	0.0459767	0.0417472	0.0379951	0.050625	0.0424666
	0.0538069	0.0348176	0.0383739	0.043917	0.0392646	0.0365269	0.047561	0.0400663
	0.0455414	0.030399	0.0323165	0.0370446	0.0330878	0.0318956	0.041402	0.0349249
	0.0702175	0.0452376	0.049155	0.0571131	0.0510682	0.0465426	0.062466	0.0516005
	0.14942	0.0968322	0.106189	0.122093	0.11079	0.102851	0.134622	0.112011
	0.0742061	0.04923	0.0532931	0.0611372	0.0543166	0.0511982	0.0669843	0.056723
	0.0391644	0.0249245	0.0283194	0.0311314	0.0279792	0.0265761	0.034603	0.0287447
	0.0514963	0.0335486	0.0369064	0.0421356	0.0377445	0.0351577	0.0455834	0.0385056
loop 10
	0.0561425	0.0375192	0.040747	0.0457758	0.0415529	0.0390627	0.0504056	0.0422706
	0.053727	0.0347614	0.0383122	0.0438495	0.0392007	0.0364694	0.0474891	0.0400071
	0.045557	0.0292708	0.0323259	0.0370562	0.0330976	0.030758	0.041411	0.0349353
	0.0701309	0.0451799	0.0490894	0.0570321	0.0509993	0.0476812	0.0623923	0.0527642
	0.14942	0.0968322	0.106189	0.122086	0.110785	0.102851	0.134615	0.112011
	0.0742061	0.0492372	0.0532972	0.0611473	0.054325	0.0512059	0.06699	0.0567275
	0.0390888	0.0248764	0.0282642	0.032302	0.027924	0.0265255	0.0345394	0.0298949
	0.0515127	0.0335573	0.0369165	0.0421478	0.0377549	0.0351671	0.0455973	0.0385128
loop 11
	0.056523	0.0365505	0.0397694	0.0460992	0.0418529	0.0380919	0.0507544	0.0425755
	0.0537749	0.0347979	0.0383512	0.0438932	0.0392411	0.0365057	0.047534	0.0400454
	0.0455725	0.029287	0.0323416	0.0370754	0.0331138	0.0307725	0.041429	0.0349527
	0.0676	0.0435912	0.0475769	0.054368	0.0482804	0.0449269	0.0597812	0.0500604
	0.14942	0.0968322	0.106199	0.122093	0.110796	0.102851	0.134622	0.112016
	0.0742128	0.0492408	0.0533012	0.0611524	0.0543293	0.0512098	0.0669958	0.056732
	0.0387036	0.0257546	0.0279527	0.0319613	0.0288046	0.0274085	0.0354431	0.0295707
	0.051343	0.0346514	0.0380369	0.0433147	0.0388764	0.0362686	0.0467863	0.0396473
loop 12
