loop 0
	0.251181	0.281799	0.23042	0.282973	1.55463	0.243358	0.205589	0.196133
	0.221224	0.234054	0.1919	0.239373	1.42627	0.199411	0.171359	0.163196
	0	0	0	0	0	0	0	0
	0.106738	0.124161	0.115549	0.148235	1.13533	0.115535	0.0984024	0.0957564
	0.613099	0.521788	0.444506	0.527206	2.00863	0.45641	0.391737	0.381246
	0.615153	0.561124	0.460073	0.5684	1.95067	0.489881	0.414936	0.392828
	0.0700656	0.0855716	0.0779989	0.102626	0.998295	0.0812936	0.255156	0.068099
	0.244593	0.274834	0.223842	0.274281	1.58698	0.23511	0.199602	0.193279
loop 1
	0.2558	0.291367	0.234874	0.28775	1.55798	0.248461	0.210715	0.19703
	0.233239	0.243504	0.197487	0.24888	1.44075	0.209284	0.181561	0.169331
	0	0	0	0	0	0	0	0
	0.0995652	0.097218	0.0921354	0.119384	1.11294	0.0921173	0.0768845	0.0747786
	0.515719	0.465385	0.397487	0.46131	2.06238	0.403048	0.341424	0.340789
	0.600858	0.552684	0.451789	0.55916	1.928	0.480964	0.406187	0.38431
	0.0729403	0.08867	0.0776324	0.102202	0.997665	0.0809129	0.258633	0.0677678
	0.254648	0.287403	0.231602	0.282171	1.59575	0.243392	0.208209	0.201093
loop 2
	0.261638	0.293469	0.237069	0.28988	1.55849	0.250658	0.21318	0.203235
	0.229191	0.238532	0.19624	0.243692	1.43101	0.20401	0.176175	0.164203
	0	0	0	0	0	0	0	0
	0.142492	0.150755	0.133829	0.168977	1.29751	0.134698	0.115537	0.111034
	0.51321	0.468704	0.399465	0.46469	2.06217	0.40102	0.345156	0.343529
	0.61505	0.569816	0.463409	0.576549	1.94646	0.492907	0.418107	0.395872
	0.070136	0.0856509	0.0746464	0.102701	0.997665	0.0778001	0.258839	0.0681629
	0.240973	0.272255	0.224674	0.270996	1.58135	0.23656	0.200848	0.19417
loop 3
	0.259501	0.291301	0.234987	0.288109	1.55952	0.248619	0.210696	0.20105
	0.224237	0.236833	0.19069	0.242154	1.42652	0.20219	0.174175	0.162309
	0	0	0	0	0	0	0	0
	0.18077	0.212564	0.17165	0.21722	1.42146	0.179161	0.153272	0.147081
	0.432045	0.414785	0.355771	0.405337	1.99495	0.356628	0.304129	0.304629
	0.623903	0.57009	0.469146	0.581695	1.95577	0.498541	0.423953	0.396566
	0.0701984	0.0856581	0.0746599	0.102726	0.997665	0.0778136	0.258874	0.0681646
	0.240824	0.27208	0.224591	0.270818	1.5816	0.23642	0.200732	0.194447
loop 4
	0.268323	0.298647	0.242123	0.299538	1.56774	0.255993	0.21852	0.204532
	0.232396	0.240992	0.198813	0.246399	1.43675	0.206759	0.178961	0.166754
	0	0	0	0	0	0	0	0
	0.14305	0.17665	0.14181	0.180103	1.33514	0.147623	0.125616	0.12231
	0.379076	0.370408	0.31313	0.360645	1.94857	0.315088	0.271438	0.273129
	0.579328	0.534932	0.437724	0.54151	1.92604	0.462079	0.391377	0.373715
	0.0699296	0.0854492	0.0778977	0.1025	0.997665	0.0811903	0.258874	0.0679965
	0.245155	0.271865	0.224383	0.275437	1.5816	0.23623	0.200562	0.194274
loop 5
	0.256203	0.284838	0.229017	0.28564	1.55285	0.241713	0.208438	0.195307
	0.23437	0.247228	0.201134	0.248724	1.43725	0.209178	0.181468	0.168975
	0	0	0	0	0	0	0	0
	0.178359	0.237378	0.201773	0.247022	1.20068	0.206496	0.173216	0.170615
	0.438082	0.414353	0.355345	0.410575	2.00114	0.356032	0.30359	0.308312
	0.661543	0.597947	0.4943	0.605454	2.00017	0.522253	0.442938	0.41788
	0.0699424	0.0854204	0.0778572	0.102463	0.997665	0.0811458	0.258651	0.0679729
	0.240824	0.272026	0.22457	0.270792	1.5816	0.2364	0.200717	0.194265
loop 6
	0.25395	0.285725	0.230106	0.282837	1.55336	0.243171	0.2054	0.195826
	0.228978	0.242493	0.196407	0.243842	1.43176	0.208205	0.176288	0.167823
	0	0	0	0	0	0	0	0
	0.222698	0.258137	0.211426	0.262815	1.42611	0.220923	0.187973	0.17965
	0.425745	0.388391	0.333952	0.382925	1.98906	0.332827	0.284788	0.28689
	0.718733	0.643623	0.529982	0.656183	2.05134	0.562432	0.478284	0.450671
	0.0699744	0.0854396	0.0778936	0.1025	0.997665	0.0811863	0.258702	0.0679931
	0.240729	0.271905	0.224279	0.275489	1.58135	0.2363	0.200624	0.19372
loop 7
	0.252992	0.288637	0.232768	0.285655	1.55824	0.246079	0.208401	0.198637
	0.232615	0.243245	0.197285	0.248681	1.4335	0.209072	0.177462	0.169153
	0	0	0	0	0	0	0	0
	0.185036	0.245896	0.179512	0.221382	1.36526	0.18779	0.158534	0.14926
	0.25925	0.261481	0.231194	0.254965	1.81714	0.220571	0.188248	0.201994
	0.692613	0.621892	0.513167	0.633802	2.03016	0.539919	0.460814	0.433984
	0.0703488	0.0857085	0.0747006	0.102773	0.99798	0.0778562	0.255173	0.0681881
	0.244517	0.276039	0.223904	0.274878	1.5811	0.23575	0.200144	0.193409
loop 8
	0.253222	0.288784	0.232596	0.285671	1.56414	0.246127	0.208429	0.198549
	0.235987	0.246408	0.20041	0.247803	1.4335	0.208446	0.180816	0.168594
	0	0	0	0	0	0	0	0
	0.152594	0.215773	0.1579	0.199534	1.23616	0.164854	0.141483	0.136008
	0.403091	0.37902	0.325998	0.36879	1.95864	0.323827	0.275346	0.282859
	0.83621	0.730824	0.605541	0.745002	2.14344	0.635113	0.541692	0.507832
	0.0699456	0.0854204	0.0778633	0.102456	0.997665	0.0811519	0.258633	0.067978
	0.244918	0.276271	0.224092	0.275112	1.5811	0.23596	0.20033	0.193617
loop 9
	0.259316	0.291101	0.234811	0.287828	1.55798	0.248437	0.210865	0.20094
	0.241392	0.249486	0.203136	0.250747	1.43849	0.211247	0.179716	0.171181
	0	0	0	0	0	0	0	0
	0.15445	0.218684	0.1649	0.205583	1.24697	0.172003	0.144835	0.138906
	0.419527	0.395771	0.34183	0.39109	1.98019	0.335777	0.288	0.293587
	0.832274	0.734413	0.604794	0.748602	2.14417	0.638926	0.540209	0.51226
	0.0699344	0.0853892	0.0778491	0.102441	0.997507	0.0811397	0.258651	0.067946
	0.240909	0.272175	0.224633	0.27092	1.58135	0.2365	0.200802	0.193971
loop 10
	0.25684	0.284451	0.232818	0.285947	1.55875	0.24176	0.208512	0.194808
	0.238252	0.245896	0.199804	0.251366	1.43849	0.211756	0.180148	0.171657
	0	0	0	0	0	0	0	0
	0.132135	0.202855	0.136909	0.174458	1.25411	0.143112	0.121778	0.116283
	0.401618	0.381217	0.328774	0.376404	1.96754	0.326406	0.278144	0.280692
	0.828982	0.731838	0.602002	0.740325	2.13438	0.636004	0.537225	0.509062
	0.070288	0.0856365	0.0746347	0.102695	0.998138	0.0777904	0.255089	0.0681528
	0.241344	0.272457	0.224862	0.271226	1.58135	0.232068	0.201034	0.194343
loop 11
	0.266366	0.296834	0.23689	0.294016	1.56903	0.250104	0.212911	0.203061
	0.237821	0.249486	0.203213	0.250776	1.43849	0.211258	0.17975	0.171181
	0	0	0	0	0	0	0	0
	0.152601	0.215721	0.161343	0.199311	1.23659	0.168448	0.141337	0.135862
	0.394578	0.382043	0.324505	0.371828	1.95132	0.321897	0.279042	0.28232
	0.846803	0.741976	0.61124	0.755976	2.15653	0.646211	0.547544	0.518756
	0.0728243	0.08854	0.0775069	0.102055	0.997507	0.0807813	0.258582	0.0676821
	0.244701	0.276025	0.223946	0.274839	1.58086	0.23571	0.20012	0.193841
loop 12
	0.261221	0.292928	0.236648	0.290007	1.559	0.250375	0.212911	0.203122
	0.243614	0.25155	0.205169	0.252718	1.44348	0.213301	0.18583	0.173468
	0	0	0	0	0	0	0	0
	0.151028	0.219035	0.165078	0.205715	1.24719	0.172198	0.144997	0.139056
	0.284215	0.299326	0.253244	0.288967	1.83854	0.251384	0.215474	0.219407
	0.853663	0.742183	0.610751	0.751034	2.15884	0.646749	0.547964	0.51845
	0.0700656	0.0855572	0.0779969	0.102632	0.997823	0.0812936	0.258857	0.0680839
	0.254334	0.28309	0.23126	0.281925	1.59625	0.243296	0.208118	0.201259
loop 13
	0.2708	0.305535	0.250097	0.305984	1.55664	0.263075	0.226552	0.212585
	0.258778	0.264143	0.214001	0.265828	1.45874	0.226863	0.19169	0.182562
	0	0	0	0	0	0	0	0
	0.135059	0.205578	0.139284	0.176932	1.2595	0.145593	0.124307	0.118721
	0.278945	0.291881	0.250588	0.287146	1.83587	0.249281	0.213104	0.221227
	0.84613	0.735162	0.6041	0.744666	2.16069	0.640249	0.541239	0.51166
	0.070112	0.0856173	0.0746212	0.102695	0.997665	0.077773	0.258874	0.0681477
	0.241418	0.272484	0.224799	0.271316	1.58185	0.232146	0.201112	0.194447
loop 14
	0.267739	0.302644	0.247276	0.302446	1.55355	0.259903	0.223341	0.209817
	0.248976	0.257109	0.206986	0.258691	1.44999	0.219512	0.188054	0.175293
	0	0	0	0	0	0	0	0
	0.152877	0.215955	0.157846	0.199439	1.23681	0.164808	0.141447	0.135959
	0.507547	0.457754	0.393418	0.453623	2.05932	0.395288	0.339041	0.336361
	0.847896	0.741838	0.611511	0.755839	2.1498	0.646103	0.547544	0.514322
	0.0698496	0.0854564	0.0778977	0.102494	0.997665	0.0811903	0.258874	0.0680082
	0.241822	0.272713	0.225122	0.271546	1.58209	0.232362	0.201298	0.194421
loop 15
	0.266907	0.296715	0.245362	0.300987	1.54949	0.258245	0.217047	0.207451
	0.24889	0.254427	0.204349	0.25593	1.45348	0.21654	0.185097	0.176294
	0	0	0	0	0	0	0	0
	0.149363	0.216805	0.163141	0.203806	1.24269	0.170206	0.142895	0.137006
	0.617082	0.540546	0.459374	0.535982	2.15961	0.46871	0.398216	0.39292
	0.861594	0.748599	0.618133	0.763241	2.17046	0.653403	0.554852	0.520424
	0.0698944	0.0854444	0.0778876	0.102491	0.997665	0.0811782	0.258685	0.0679847
	0.240973	0.272201	0.224643	0.271009	1.58185	0.231872	0.200864	0.194014
loop 16
	0.266538	0.300691	0.245444	0.300541	1.55129	0.258007	0.221095	0.207678
	0.250756	0.255516	0.209509	0.261315	1.45297	0.222071	0.186772	0.177823
	0	0	0	0	0	0	0	0
	0.134737	0.205017	0.13878	0.176336	1.25411	0.145047	0.12384	0.118291
	0.62391	0.540995	0.458547	0.540021	2.10929	0.468429	0.399021	0.392073
	0.848927	0.740454	0.611294	0.755221	2.1581	0.645565	0.546997	0.518362
	0.0699344	0.0854348	0.0778835	0.102481	0.997507	0.0811741	0.258668	0.0679965
	0.245188	0.271852	0.224341	0.275463	1.58135	0.23625	0.200585	0.193807
loop 17
	0.269381	0.299506	0.244171	0.303735	1.54949	0.256618	0.219899	0.2106
	0.250698	0.256172	0.206277	0.257768	1.44569	0.218561	0.187251	0.174679
	0	0	0	0	0	0	0	0
	0.149919	0.216253	0.15814	0.195928	1.23702	0.165118	0.141715	0.136221
	0.436016	0.408179	0.348939	0.404061	1.99671	0.349422	0.296704	0.301869
	0.852384	0.739209	0.608471	0.753505	2.14843	0.644058	0.545611	0.516615
	0.0699696	0.0854516	0.0778896	0.102494	0.997823	0.0811802	0.258891	0.0679981
	0.24109	0.272363	0.224778	0.27115	1.58185	0.23198	0.200965	0.194092
loop 18
	0.268114	0.302663	0.247276	0.302446	1.55509	0.259862	0.222948	0.209629
	0.24827	0.250551	0.204484	0.256064	1.44797	0.216641	0.185211	0.176385
	0	0	0	0	0	0	0	0
	0.149613	0.217124	0.159766	0.204044	1.2429	0.166682	0.143138	0.137231
	0.430323	0.401128	0.347147	0.396621	1.98696	0.347282	0.29428	0.299704
	0.891423	0.76997	0.632786	0.779506	2.20089	0.663918	0.565538	0.530953
	0.069952	0.0854156	0.0778693	0.102472	0.997823	0.081158	0.258651	0.0679679
	0.241906	0.272874	0.225226	0.271686	1.58209	0.23246	0.201383	0.194637
loop 19
	0.272381	0.30026	0.244924	0.304432	1.55638	0.257464	0.220502	0.207202
	0.249805	0.256641	0.206448	0.257949	1.45246	0.218733	0.187422	0.174914
	0	0	0	0	0	0	0	0
	0.131605	0.204926	0.138703	0.176311	1.25411	0.14497	0.123775	0.118231
	0.42444	0.391863	0.333669	0.380975	1.97082	0.331027	0.288595	0.286486
	0.866595	0.753976	0.618133	0.763102	2.17795	0.653294	0.554766	0.525526
	0.0699312	0.0853892	0.0778471	0.102431	0.997507	0.0811357	0.258668	0.0679561
	0.241928	0.272861	0.225278	0.271686	1.58234	0.23248	0.201398	0.190855
loop 20
	0.268963	0.299506	0.244239	0.303247	1.54949	0.256591	0.219753	0.210666
	0.255014	0.257525	0.211446	0.263219	1.45645	0.224028	0.188836	0.180013
	0	0	0	0	0	0	0	0
	0.149984	0.216214	0.161287	0.199216	1.23192	0.1684	0.141307	0.135831
	0.263402	0.260952	0.230734	0.254505	1.81714	0.220077	0.192932	0.201358
	0.842643	0.738609	0.608157	0.747453	2.16446	0.63771	0.544504	0.510974
	0.0706928	0.0859294	0.0748942	0.103002	0.998138	0.0780595	0.255139	0.0683696
	0.242034	0.272968	0.225309	0.271826	1.58234	0.232607	0.201507	0.19088
loop 21
	0.270756	0.305461	0.250055	0.309454	1.55941	0.262678	0.22228	0.212563
	0.25741	0.263193	0.217022	0.269096	1.459	0.225992	0.194894	0.181698
	0	0	0	0	0	0	0	0
	0.150496	0.214176	0.160703	0.201189	1.24333	0.167673	0.140334	0.138034
	0.488107	0.441483	0.38092	0.436548	2.05035	0.377435	0.326114	0.328739
	0.863636	0.750933	0.62101	0.765663	2.17235	0.650501	0.552324	0.52379
	0.0731504	0.088725	0.077679	0.102256	0.997507	0.0809615	0.258427	0.0678099
	0.242861	0.27352	0.221392	0.272363	1.57672	0.233058	0.197354	0.191117
loop 22
	0.262815	0.297317	0.241737	0.301484	1.54518	0.254397	0.217985	0.207981
	0.253341	0.25625	0.206403	0.257828	1.45272	0.218687	0.187359	0.178468
	0	0	0	0	0	0	0	0
	0.134732	0.208016	0.141496	0.179259	1.25432	0.147884	0.126681	0.121029
	0.500946	0.455387	0.390604	0.451766	2.05022	0.392916	0.336408	0.333748
	0.862545	0.742183	0.610643	0.757143	2.1851	0.647126	0.548342	0.513847
	0.070272	0.0856293	0.0746173	0.102682	0.997665	0.0777711	0.258736	0.068136
	0.242384	0.272942	0.225288	0.27175	1.57622	0.232529	0.201445	0.194516
loop 23
	0.269093	0.303373	0.247583	0.3033	1.55001	0.260522	0.219826	0.20985
	0.254379	0.261499	0.211553	0.263266	1.45594	0.22429	0.189057	0.179985
	0	0	0	0	0	0	0	0
	0.149965	0.216214	0.161097	0.198961	1.23192	0.168195	0.141131	0.135673
	0.435267	0.40541	0.347518	0.400683	1.99877	0.345668	0.298265	0.299853
	0.877062	0.764136	0.626902	0.773151	2.19336	0.663117	0.564402	0.52962
	0.0700416	0.0855236	0.0779706	0.102597	0.997823	0.0812653	0.258908	0.0680603
	0.255547	0.283781	0.231845	0.282664	1.59161	0.243922	0.208681	0.201204
loop 24
	0.271107	0.305924	0.246204	0.305542	1.5538	0.263116	0.222651	0.212754
	0.257594	0.257588	0.211672	0.263375	1.45594	0.224194	0.189002	0.180022
	0	0	0	0	0	0	0	0
	0.148367	0.211552	0.158268	0.198633	1.24398	0.165156	0.141436	0.135543
	0.341086	0.346033	0.295467	0.337358	1.89897	0.296627	0.252077	0.256927
	0.859005	0.747141	0.610154	0.756388	2.18172	0.646534	0.547838	0.518668
	0.0697792	0.0854036	0.0778552	0.102469	0.997823	0.0811458	0.258891	0.0679611
	0.238897	0.269208	0.221576	0.272759	1.58283	0.23343	0.197672	0.191041

work load: mesa ammp applu crafty vortex gcc wupwise mcf
