loop 0
	0.115847	0.110122	0.199781	0.16598	0.198243	0.223725	0.219323	0.0917873	0.199337	0.102288	0.144901	0.190531	0.112174	0.102827	0.181119	0.128149	0.116594
	0.0579407	0.055158	0.101702	0.0842074	0.100525	0.115527	0.113263	0.0450516	0.10318	0.0514406	0.0720783	0.0967022	0.0561856	0.0502752	0.0920247	0.063888	0.0568707
	0.0558272	0.0521717	0.10042	0.0817721	0.0994213	0.114628	0.112531	0.0433863	0.101757	0.0489057	0.0695577	0.0959354	0.0542697	0.0491288	0.0916719	0.0623278	0.054874
	0.115847	0.110122	0.199781	0.16598	0.198243	0.223725	0.219323	0.0917873	0.199337	0.102288	0.144901	0.190531	0.112174	0.102827	0.181119	0.128149	0.116594
	0.0487637	0.0467533	0.0837216	0.0696059	0.0821012	0.0943977	0.0916531	0.0385598	0.0835434	0.0436782	0.0599627	0.0794518	0.0465375	0.0437566	0.0756615	0.0529604	0.0490725
	0.0573931	0.0556958	0.0999512	0.0826398	0.0987559	0.11474	0.109923	0.0461131	0.101708	0.0509522	0.07152	0.0960694	0.0551382	0.0512098	0.0922429	0.0631167	0.0577491
	0.0487637	0.0467533	0.0837216	0.0696059	0.0821012	0.0943977	0.0916531	0.0385598	0.0835434	0.0436782	0.0599627	0.0794518	0.0465375	0.0437566	0.0756615	0.0529604	0.0490725
	0.137581	0.133416	0.22562	0.188976	0.224571	0.257645	0.247506	0.110676	0.225235	0.123438	0.164108	0.21731	0.131779	0.124769	0.206928	0.149728	0.136286
	0.0401813	0.0386136	0.0712505	0.0583142	0.0700227	0.0801187	0.0778297	0.0320397	0.0711034	0.0360996	0.0504656	0.0678294	0.039651	0.0362231	0.0646847	0.0448765	0.0404235
	0.137581	0.133416	0.22562	0.188976	0.224571	0.257645	0.247506	0.110676	0.225235	0.123438	0.164108	0.21731	0.131779	0.124769	0.206928	0.149728	0.136286
	0.0558272	0.0521717	0.10042	0.0817721	0.0994213	0.114628	0.112531	0.0433863	0.101757	0.0489057	0.0695577	0.0959354	0.0542697	0.0491288	0.0916719	0.0623278	0.054874
	0.035496	0.034084	0.0624267	0.0520312	0.0613877	0.0705606	0.0684657	0.0280675	0.0622971	0.0317534	0.0448447	0.0593712	0.0338183	0.030758	0.0564833	0.0397868	0.035712
	0.035496	0.034084	0.0624267	0.0520312	0.0613877	0.0705606	0.0684657	0.0280675	0.0622971	0.0317534	0.0448447	0.0593712	0.0338183	0.030758	0.0564833	0.0397868	0.035712
	0.035496	0.034084	0.0624267	0.0520312	0.0613877	0.0705606	0.0684657	0.0280675	0.0622971	0.0317534	0.0448447	0.0593712	0.0338183	0.030758	0.0564833	0.0397868	0.035712
	0.043864	0.0409386	0.0755436	0.0623609	0.0742848	0.0845379	0.0822228	0.0342863	0.0753869	0.0383989	0.0529537	0.0720462	0.0420039	0.0385277	0.0688581	0.047291	0.0427786
	0.115847	0.110122	0.199781	0.16598	0.198243	0.223725	0.219323	0.0917873	0.199337	0.102288	0.144901	0.190531	0.112174	0.102827	0.181119	0.128149	0.116594
loop 1
	0.115847	0.110122	0.199768	0.16597	0.198203	0.223693	0.219308	0.0917832	0.199324	0.102288	0.144909	0.190481	0.112179	0.102827	0.181072	0.128149	0.116594
	0.0594099	0.0565325	0.103075	0.0850358	0.101846	0.119128	0.114989	0.0460392	0.104595	0.0526682	0.0740772	0.0996012	0.0575857	0.0514675	0.094746	0.0655778	0.0582976
	0.056049	0.0523885	0.099282	0.0820816	0.098281	0.115049	0.111366	0.0424029	0.100615	0.0491091	0.0698389	0.0948142	0.0532438	0.0481216	0.0905493	0.0612798	0.0550986
	0.115847	0.110122	0.199768	0.16597	0.198203	0.223693	0.219308	0.0917832	0.199324	0.102288	0.144909	0.190481	0.112179	0.102827	0.181072	0.128149	0.116594
	0.0457336	0.0437503	0.0788044	0.0648056	0.0772425	0.089491	0.0867391	0.0370522	0.0786343	0.0406518	0.0568798	0.0764094	0.0450636	0.0407502	0.0725909	0.0499374	0.0460229
	0.0573792	0.0556827	0.0999304	0.082624	0.0987355	0.114715	0.111913	0.0460968	0.101687	0.0509368	0.0715008	0.0960498	0.0551252	0.0511944	0.0922153	0.0631007	0.0577353
	0.0457336	0.0437503	0.0788044	0.0648056	0.0772425	0.089491	0.0867391	0.0370522	0.0786343	0.0406518	0.0568798	0.0764094	0.0450636	0.0407502	0.0725909	0.0499374	0.0460229
	0.142906	0.138656	0.232195	0.197318	0.233478	0.267069	0.256814	0.115596	0.234245	0.128598	0.172031	0.226145	0.13704	0.129866	0.213257	0.155202	0.141593
	0.0401467	0.0385812	0.0696672	0.0582617	0.0699634	0.0800472	0.0777611	0.0320127	0.0710429	0.0360704	0.0504283	0.0677727	0.0396175	0.0361971	0.0646317	0.0448451	0.0403928
	0.142906	0.138656	0.232195	0.197318	0.233478	0.267069	0.256814	0.115596	0.234245	0.128598	0.172031	0.226145	0.13704	0.129866	0.213257	0.155202	0.141593
	0.056049	0.0523885	0.099282	0.0820816	0.098281	0.115049	0.111366	0.0424029	0.100615	0.0491091	0.0698389	0.0948142	0.0532438	0.0481216	0.0905493	0.0612798	0.0550986
	0.035514	0.0341009	0.0624591	0.0520499	0.0614115	0.070599	0.0685025	0.028085	0.0623295	0.0317716	0.0448649	0.0593939	0.0338351	0.0307755	0.0565115	0.0398037	0.03573
	0.035514	0.0341009	0.0624591	0.0520499	0.0614115	0.070599	0.0685025	0.028085	0.0623295	0.0317716	0.0448649	0.0593939	0.0338351	0.0307755	0.0565115	0.0398037	0.03573
	0.035514	0.0341009	0.0624591	0.0520499	0.0614115	0.070599	0.0685025	0.028085	0.0623295	0.0317716	0.0448649	0.0593939	0.0338351	0.0307755	0.0565115	0.0398037	0.03573
	0.0428769	0.0399598	0.0729677	0.0613603	0.0732769	0.0835353	0.0812102	0.0333147	0.0743841	0.0374245	0.0519618	0.0710384	0.0410193	0.0375523	0.0678434	0.0463001	0.0417975
	0.115847	0.110122	0.199768	0.16597	0.198203	0.223693	0.219308	0.0917832	0.199324	0.102288	0.144909	0.190481	0.112179	0.102827	0.181072	0.128149	0.116594
loop 2
	0.115841	0.110111	0.199781	0.16597	0.198203	0.223709	0.219323	0.0917791	0.199337	0.102278	0.144893	0.190493	0.112168	0.102817	0.181084	0.128142	0.116588
	0.0564288	0.0536456	0.100426	0.0812606	0.0975794	0.114361	0.11033	0.043499	0.100238	0.0499008	0.070635	0.095403	0.0546587	0.0501139	0.0906931	0.0624074	0.0553514
	0.0555864	0.0531471	0.100536	0.081757	0.099551	0.114877	0.111175	0.043037	0.100362	0.048608	0.0694359	0.096043	0.054013	0.0488256	0.0902596	0.0621371	0.0546255
	0.115841	0.110111	0.199781	0.16597	0.198203	0.223709	0.219323	0.0917791	0.199337	0.102278	0.144893	0.190493	0.112168	0.102817	0.181084	0.128142	0.116588
	0.0497683	0.0477612	0.0845739	0.0705088	0.0848057	0.09714	0.0924717	0.0395757	0.0843917	0.0446965	0.060912	0.0821487	0.0475416	0.0447712	0.0783532	0.0555918	0.0500758
	0.0573931	0.0556958	0.0999512	0.0826398	0.0987559	0.11474	0.109923	0.0461131	0.101708	0.0509522	0.07152	0.0960694	0.0551382	0.0512059	0.0922337	0.0631167	0.0577491
	0.0497683	0.0477612	0.0845739	0.0705088	0.0848057	0.09714	0.0924717	0.0395757	0.0843917	0.0446965	0.060912	0.0821487	0.0475416	0.0447712	0.0783532	0.0555918	0.0500758
	0.103676	0.099741	0.169622	0.144178	0.171163	0.195184	0.188028	0.0835062	0.171483	0.0937964	0.124709	0.164355	0.099943	0.0933853	0.156636	0.113288	0.1024
	0.0414403	0.0385668	0.0711553	0.0582354	0.0699296	0.0800166	0.0777317	0.0320045	0.0710083	0.0360574	0.0504017	0.0677403	0.0396026	0.0361841	0.0646014	0.0448272	0.0403774
	0.103676	0.099741	0.169622	0.144178	0.171163	0.195184	0.188028	0.0835062	0.171483	0.0937964	0.124709	0.164355	0.099943	0.0933853	0.156636	0.113288	0.1024
	0.0555864	0.0531471	0.100536	0.081757	0.099551	0.114877	0.111175	0.043037	0.100362	0.048608	0.0694359	0.096043	0.054013	0.0488256	0.0902596	0.0621371	0.0546255
	0.0354924	0.0340807	0.0624267	0.052025	0.0613798	0.0705606	0.0684657	0.0280675	0.0622971	0.0317504	0.0448397	0.0593712	0.034991	0.0319077	0.0564833	0.0397826	0.0357084
	0.0354924	0.0340807	0.0624267	0.052025	0.0613798	0.0705606	0.0684657	0.0280675	0.0622971	0.0317504	0.0448397	0.0593712	0.034991	0.0319077	0.0564833	0.0397826	0.0357084
	0.0354924	0.0340807	0.0624267	0.052025	0.0613798	0.0705606	0.0684657	0.0280675	0.0622971	0.0317504	0.0448397	0.0593712	0.034991	0.0319077	0.0564833	0.0397826	0.0357084
	0.0428646	0.0412692	0.0745194	0.0613465	0.0732593	0.0851436	0.0812	0.0333035	0.074366	0.037411	0.0533644	0.0710299	0.0410078	0.0375389	0.0678354	0.0476624	0.0417856
	0.115841	0.110111	0.199781	0.16597	0.198203	0.223709	0.219323	0.0917791	0.199337	0.102278	0.144893	0.190493	0.112168	0.102817	0.181084	0.128142	0.116588
loop 3
	0.115882	0.110155	0.199822	0.165991	0.198269	0.223756	0.219354	0.0918077	0.199378	0.102322	0.144934	0.190543	0.112208	0.102856	0.18113	0.128184	0.116629
	0.0569036	0.0541476	0.102194	0.083079	0.09936	0.116075	0.112064	0.0454031	0.102	0.0504285	0.0709816	0.0971756	0.0551455	0.050642	0.0924795	0.0628303	0.0572382
	0.0557638	0.0533473	0.101846	0.0816914	0.0993342	0.116108	0.112429	0.0433371	0.101667	0.0488532	0.0708356	0.0958522	0.0542092	0.0490697	0.0915781	0.0622633	0.054812
	0.115882	0.110155	0.199822	0.165991	0.198269	0.223756	0.219354	0.0918077	0.199378	0.102322	0.144934	0.190543	0.112208	0.102856	0.18113	0.128184	0.116629
	0.0498413	0.0478476	0.084607	0.0705792	0.0830088	0.0952461	0.0925093	0.0396758	0.0844331	0.0447777	0.0609846	0.0803672	0.0476136	0.0432956	0.0765922	0.0540188	0.0485479
	0.0573931	0.0556958	0.0999512	0.0826398	0.0987559	0.11474	0.109911	0.0461131	0.101708	0.0509522	0.07152	0.0960694	0.0551382	0.0512059	0.0922337	0.0631113	0.0577491
	0.0498413	0.0478476	0.084607	0.0705792	0.0830088	0.0952461	0.0925093	0.0396758	0.0844331	0.0447777	0.0609846	0.0803672	0.0476136	0.0432956	0.0765922	0.0540188	0.0485479
	0.111012	0.106902	0.18111	0.152679	0.180384	0.207322	0.199988	0.09022	0.180799	0.0989995	0.13274	0.175622	0.107209	0.100334	0.165563	0.12085	0.109701
	0.0414761	0.0385992	0.0712764	0.0583207	0.0700396	0.0801391	0.0778591	0.0320208	0.0711294	0.0360866	0.050471	0.0678456	0.0396398	0.0362101	0.0646998	0.044872	0.040412
	0.111012	0.106902	0.18111	0.152679	0.180384	0.207322	0.199988	0.09022	0.180799	0.0989995	0.13274	0.175622	0.107209	0.100334	0.165563	0.12085	0.109701
	0.0557638	0.0533473	0.101846	0.0816914	0.0993342	0.116108	0.112429	0.0433371	0.101667	0.0488532	0.0708356	0.0958522	0.0542092	0.0490697	0.0915781	0.0622633	0.054812
	0.035478	0.0340672	0.0624024	0.0520063	0.0613561	0.0705318	0.068438	0.028055	0.0622728	0.0317383	0.0448246	0.0593485	0.0349771	0.0318926	0.0564621	0.0397657	0.035694
	0.035478	0.0340672	0.0624024	0.0520063	0.0613561	0.0705318	0.068438	0.028055	0.0622728	0.0317383	0.0448246	0.0593485	0.0349771	0.0318926	0.0564621	0.0397657	0.035694
	0.035478	0.0340672	0.0624024	0.0520063	0.0613561	0.0705318	0.068438	0.028065	0.0622728	0.0317383	0.0448246	0.0593485	0.0349771	0.0318926	0.0564621	0.0397657	0.035694
	0.0427704	0.0411808	0.074375	0.0612225	0.0731179	0.0849813	0.0826494	0.0332305	0.0742216	0.0386287	0.0532519	0.070886	0.0409194	0.0374581	0.0677008	0.0475624	0.0430285
	0.115882	0.110155	0.199822	0.165991	0.198269	0.223756	0.219354	0.0918077	0.199378	0.102322	0.144934	0.190543	0.112208	0.102856	0.18113	0.128184	0.116629
loop 4
	0.115876	0.11015	0.199795	0.166001	0.198269	0.223725	0.219323	0.0918036	0.199351	0.102317	0.144934	0.190543	0.112208	0.102851	0.18113	0.128184	0.116623
	0.0559936	0.0532365	0.099648	0.0821914	0.0984898	0.113486	0.109494	0.044486	0.0994608	0.0495171	0.0700783	0.094663	0.0542328	0.0497356	0.0899781	0.0619193	0.0563264
	0.0550289	0.0526125	0.0996653	0.0809899	0.0986586	0.113882	0.11022	0.0425894	0.099491	0.0481152	0.0687781	0.0951747	0.0534731	0.0483264	0.0894426	0.0615325	0.0540805
	0.115876	0.11015	0.199795	0.166001	0.198269	0.223725	0.219323	0.0918036	0.199351	0.102317	0.144934	0.190543	0.112208	0.102851	0.18113	0.128184	0.116623
	0.0597459	0.0577176	0.10069	0.0843917	0.100817	0.115419	0.110618	0.0479124	0.102449	0.0530745	0.0728478	0.0981438	0.0575367	0.0530745	0.0924246	0.0656616	0.0601139
	0.0573792	0.0556871	0.0999304	0.082624	0.0987355	0.114715	0.111925	0.0461001	0.101687	0.0509407	0.0715072	0.0960498	0.0551295	0.0511982	0.0922245	0.0631007	0.0577353
	0.0597459	0.0577176	0.10069	0.0843917	0.100817	0.115419	0.110618	0.0479124	0.102449	0.0530745	0.0728478	0.0981438	0.0575367	0.0530745	0.0924246	0.0656616	0.0601139
	0.114973	0.108948	0.185287	0.156773	0.186736	0.211471	0.206486	0.0922939	0.187199	0.102935	0.136789	0.179736	0.109265	0.10239	0.171861	0.124881	0.113676
	0.0403428	0.038772	0.0699634	0.0585241	0.0687571	0.0788	0.0765247	0.0321776	0.0698195	0.0362491	0.0492791	0.0665681	0.0385164	0.0351138	0.0634355	0.0437212	0.0405888
	0.114973	0.108948	0.185287	0.156773	0.186736	0.211471	0.206486	0.0922939	0.187199	0.102935	0.136789	0.179736	0.109265	0.10239	0.171861	0.124881	0.113676
	0.0550289	0.0526125	0.0996653	0.0809899	0.0986586	0.113882	0.11022	0.0425894	0.099491	0.0481152	0.0687781	0.0951747	0.0534731	0.0483264	0.0894426	0.0615325	0.0540805
	0.0355284	0.0341143	0.0624753	0.0520749	0.0614353	0.0706182	0.068521	0.028095	0.0623538	0.0317837	0.0448851	0.0594166	0.0338486	0.0307871	0.0565327	0.0398206	0.0357444
	0.0355284	0.0341143	0.0624753	0.0520749	0.0614353	0.0706182	0.068521	0.028095	0.0623538	0.0317837	0.0448851	0.0594166	0.0338486	0.0307871	0.0565327	0.0398206	0.0357444
	0.0355284	0.0341143	0.0624753	0.0520749	0.0614353	0.0706182	0.068521	0.028095	0.0623538	0.0317837	0.0448851	0.0594166	0.0338486	0.0307871	0.0565327	0.0398206	0.0357444
	0.0427827	0.0411961	0.074375	0.0612294	0.0731179	0.0849921	0.0826598	0.0332445	0.0742216	0.0386426	0.0532631	0.0708945	0.0409309	0.0374716	0.0677008	0.0475719	0.0430449
	0.115876	0.11015	0.199795	0.166001	0.198269	0.223725	0.219323	0.0918036	0.199351	0.102317	0.144934	0.190543	0.112208	0.102851	0.18113	0.128184	0.116623
loop 5
	0.115876	0.11015	0.199795	0.16598	0.198256	0.223725	0.219339	0.0918036	0.199351	0.102317	0.144926	0.190543	0.112202	0.102851	0.18113	0.128177	0.116623
	0.0583535	0.0555043	0.103117	0.0852475	0.101909	0.117229	0.113159	0.0465313	0.102912	0.0517044	0.0728408	0.0979996	0.0565559	0.0519125	0.0932137	0.0644273	0.0586947
	0.054843	0.0524318	0.0993516	0.0807386	0.0983497	0.115112	0.111446	0.0424348	0.100686	0.0491485	0.0698822	0.0948797	0.0532882	0.04816	0.0906108	0.0613249	0.0551373
	0.115876	0.11015	0.199795	0.16598	0.198256	0.223725	0.219339	0.0918036	0.199351	0.102317	0.144926	0.190543	0.112202	0.102851	0.18113	0.128177	0.116623
	0.0698944	0.0661795	0.116525	0.0981513	0.116592	0.13339	0.128521	0.054905	0.116287	0.0615979	0.084767	0.111918	0.0660016	0.0615926	0.106201	0.075783	0.0685699
	0.0573931	0.0556958	0.0999408	0.0826319	0.0987559	0.114727	0.109911	0.0461098	0.101698	0.0509484	0.0715136	0.0960596	0.0551382	0.0512059	0.0922337	0.0631113	0.0577491
	0.0698944	0.0661795	0.116525	0.0981513	0.116592	0.13339	0.128521	0.054905	0.116287	0.0615979	0.084767	0.111918	0.0660016	0.0615926	0.106201	0.075783	0.0685699
	0.116705	0.112792	0.191578	0.161428	0.193195	0.219892	0.21259	0.0946496	0.193488	0.104987	0.141797	0.186243	0.112976	0.10454	0.176237	0.128288	0.11543
	0.0405196	0.037654	0.0687406	0.0573376	0.0690387	0.07912	0.0768416	0.0310872	0.0701158	0.035142	0.0494968	0.0668453	0.0386892	0.0352675	0.0637017	0.0439128	0.0394612
	0.116705	0.112792	0.191578	0.161428	0.193195	0.219892	0.21259	0.0946496	0.193488	0.104987	0.141797	0.186243	0.112976	0.10454	0.176237	0.128288	0.11543
	0.054843	0.0524318	0.0993516	0.0807386	0.0983497	0.115112	0.111446	0.0424348	0.100686	0.0491485	0.0698822	0.0948797	0.0532882	0.04816	0.0906108	0.0613249	0.0551373
	0.0355068	0.0340941	0.0624429	0.0520437	0.0614036	0.0705894	0.0684933	0.0280775	0.0623214	0.0317625	0.0448548	0.0593864	0.0338284	0.0307696	0.0565044	0.0397953	0.0357228
	0.0355068	0.0340941	0.0624429	0.0520437	0.0614036	0.0705894	0.0684933	0.0280775	0.0623214	0.0317625	0.0448548	0.0593864	0.0338284	0.0307696	0.0565044	0.0397953	0.0357228
	0.0355068	0.0340941	0.0624429	0.0520437	0.0614036	0.0705894	0.0684933	0.0280775	0.0623214	0.0317625	0.0448548	0.0593864	0.0338284	0.0307696	0.0565044	0.0397953	0.0357228
	0.0425861	0.0410039	0.0740501	0.0624315	0.074366	0.0846244	0.082306	0.0343476	0.0754698	0.0384616	0.0530212	0.072124	0.0420674	0.0385938	0.0674077	0.0473577	0.0428442
	0.115876	0.11015	0.199795	0.16598	0.198256	0.223725	0.219339	0.0918036	0.199351	0.102317	0.144926	0.190543	0.112202	0.102851	0.18113	0.128177	0.116623
loop 6
	0.115853	0.110128	0.199768	0.16596	0.198216	0.223693	0.219308	0.0917832	0.199324	0.102297	0.144901	0.190506	0.112185	0.102831	0.181095	0.128156	0.1166
	0.0576064	0.0547662	0.10077	0.0829479	0.0995705	0.114869	0.110806	0.0444138	0.100571	0.0509506	0.0705845	0.0956829	0.0543749	0.0497768	0.0909043	0.0622217	0.056506
	0.0549282	0.0525113	0.099491	0.0808444	0.098487	0.113695	0.110021	0.0425041	0.100827	0.0480192	0.0699903	0.0950108	0.0533695	0.0482368	0.0907338	0.0614151	0.0539745
	0.115853	0.110128	0.199768	0.16596	0.198216	0.223693	0.219308	0.0917832	0.199324	0.102297	0.144901	0.190506	0.112185	0.102831	0.181095	0.128156	0.1166
	0.0796486	0.0758591	0.133156	0.112294	0.133234	0.15263	0.147616	0.0644142	0.135025	0.0712256	0.09664	0.128419	0.0774809	0.0712	0.122559	0.087476	0.0782941
	0.0574948	0.0556915	0.0999408	0.0826319	0.0987457	0.114727	0.111937	0.0461066	0.101698	0.0509484	0.0715136	0.0960596	0.0552384	0.0512021	0.0922337	0.0631113	0.0578509
	0.0796486	0.0758591	0.133156	0.112294	0.133234	0.15263	0.147616	0.0644142	0.135025	0.0712256	0.09664	0.128419	0.0774809	0.0712	0.122559	0.087476	0.0782941
	0.1017	0.0977516	0.168052	0.140392	0.167435	0.1915	0.184318	0.0814414	0.167743	0.0917633	0.122938	0.162754	0.0979462	0.0913575	0.152894	0.111428	0.100418
	0.0417499	0.0388548	0.0717002	0.0586816	0.0704713	0.0806185	0.0783198	0.0322398	0.0715532	0.0363271	0.0507907	0.0682587	0.0399003	0.0364505	0.0650934	0.0451638	0.0406811
	0.1017	0.0977516	0.168052	0.140392	0.167435	0.1915	0.184318	0.0814414	0.167743	0.0917633	0.122938	0.162754	0.0979462	0.0913575	0.152894	0.111428	0.100418
	0.0549282	0.0525113	0.099491	0.0808444	0.098487	0.113695	0.110021	0.0425041	0.100827	0.0480192	0.0699903	0.0950108	0.0533695	0.0482368	0.0907338	0.0614151	0.0539745
	0.0354672	0.0340538	0.0623862	0.0519875	0.0613402	0.0705126	0.0684196	0.0280425	0.0636478	0.0317262	0.0448094	0.0593258	0.0349632	0.0318805	0.0564409	0.039753	0.0356832
	0.0354672	0.0340538	0.0623862	0.0519875	0.0613402	0.0705126	0.0684196	0.0280425	0.0636478	0.0317262	0.0448094	0.0593258	0.0349632	0.0318805	0.0564409	0.039753	0.0356832
	0.0354672	0.0340538	0.0623862	0.0519875	0.0613402	0.0705126	0.0684196	0.0280425	0.0636478	0.0317262	0.0448094	0.0593258	0.0349632	0.0318805	0.0564409	0.039753	0.0356832
	0.0440203	0.0410885	0.0758016	0.0625797	0.0745375	0.0864691	0.0825037	0.0344088	0.0756449	0.0385416	0.0531394	0.072297	0.0421547	0.0386704	0.069093	0.0474576	0.0429343
	0.115853	0.110128	0.199768	0.16596	0.198216	0.223693	0.219308	0.0917832	0.199324	0.102297	0.144901	0.190506	0.112185	0.102831	0.181095	0.128156	0.1166
loop 7
	0.115835	0.110106	0.199781	0.16596	0.19823	0.223709	0.219323	0.091775	0.199337	0.102278	0.144893	0.190518	0.112168	0.102817	0.181107	0.128142	0.116582
	0.0580954	0.055314	0.101911	0.082843	0.10073	0.115757	0.11176	0.0451996	0.101702	0.0515869	0.0722534	0.096911	0.0549333	0.050434	0.0922196	0.0640429	0.0570217
	0.0556716	0.0519816	0.0991734	0.0804582	0.098189	0.113451	0.10978	0.0419282	0.0990018	0.0486848	0.069542	0.0946772	0.0528509	0.0476875	0.0889319	0.0609331	0.0547087
	0.115835	0.110106	0.199781	0.16596	0.19823	0.223709	0.219323	0.091775	0.199337	0.102278	0.144893	0.190518	0.112168	0.102817	0.181107	0.128142	0.116582
	0.0801427	0.0763032	0.131969	0.110988	0.131891	0.151278	0.146305	0.0630726	0.133819	0.0717183	0.0973175	0.129217	0.0761876	0.0715739	0.121306	0.0879889	0.0787933
	0.0573885	0.0556958	0.0999408	0.0826319	0.0987457	0.114727	0.111937	0.0461098	0.101698	0.0509484	0.0715136	0.0960596	0.0551382	0.0512059	0.0922337	0.0631113	0.0577445
	0.0801427	0.0763032	0.131969	0.110988	0.131891	0.151278	0.146305	0.0630726	0.133819	0.0717183	0.0973175	0.129217	0.0761876	0.0715739	0.121306	0.0879889	0.0787933
	0.104542	0.100537	0.171155	0.143381	0.170522	0.194642	0.189701	0.0841605	0.170839	0.0927333	0.125838	0.165853	0.100787	0.0941208	0.155952	0.114293	0.10325
	0.0414086	0.038538	0.0711121	0.0582026	0.0698872	0.0799656	0.0776827	0.0319748	0.070965	0.0360282	0.050375	0.0676998	0.0395728	0.0361549	0.064556	0.0447912	0.0403466
	0.104542	0.100537	0.171155	0.143381	0.170522	0.194642	0.189701	0.0841605	0.170839	0.0927333	0.125838	0.165853	0.100787	0.0941208	0.155952	0.114293	0.10325
	0.0556716	0.0519816	0.0991734	0.0804582	0.098189	0.113451	0.10978	0.0419282	0.0990018	0.0486848	0.069542	0.0946772	0.0528509	0.0476875	0.0889319	0.0609331	0.0547087
	0.0355068	0.0340908	0.0624429	0.0520375	0.0613957	0.0705798	0.0684841	0.0280775	0.0623133	0.0317625	0.0448548	0.0593788	0.033825	0.0307667	0.0564974	0.0397953	0.0357228
	0.0355068	0.0340908	0.0624429	0.0520375	0.0613957	0.0705798	0.0684841	0.0280775	0.0623133	0.0317625	0.0448548	0.0593788	0.033825	0.0307667	0.0564974	0.0397953	0.0357228
	0.0355068	0.0340908	0.0624429	0.0520375	0.0613957	0.0705798	0.0684841	0.0280775	0.0623133	0.0317625	0.0448548	0.0593788	0.033825	0.0307667	0.0564974	0.0397953	0.0357228
	0.0439147	0.0409924	0.0756081	0.0624244	0.0743479	0.0862596	0.0839172	0.034333	0.0754606	0.0384476	0.054433	0.0721154	0.0420516	0.0385799	0.0689229	0.0473434	0.0428319
	0.115835	0.110106	0.199781	0.16596	0.19823	0.223709	0.219323	0.091775	0.199337	0.102278	0.144893	0.190518	0.112168	0.102817	0.181107	0.128142	0.116582
loop 8
	0.115847	0.110122	0.199781	0.16597	0.19823	0.223709	0.219308	0.0917873	0.199337	0.102292	0.144901	0.190518	0.112179	0.102831	0.181107	0.128156	0.1166
	0.0562112	0.0534262	0.0983765	0.0809578	0.0972034	0.112165	0.109904	0.0433074	0.0998352	0.0496929	0.0703611	0.0950263	0.0544457	0.0499008	0.0903293	0.0621634	0.0551392
	0.0545649	0.0508959	0.0979017	0.0792572	0.0969172	0.112132	0.108468	0.0420578	0.0977327	0.0476126	0.0683751	0.0934303	0.0517628	0.0478248	0.0891552	0.0598078	0.0536136
	0.115847	0.110122	0.199781	0.16597	0.19823	0.223709	0.219308	0.0917873	0.199337	0.102292	0.144901	0.190518	0.112179	0.102831	0.181107	0.128156	0.1166
	0.0455587	0.0435935	0.0783088	0.06444	0.0767945	0.0889343	0.0861974	0.0369538	0.0781387	0.0405058	0.0565931	0.0759649	0.0448882	0.0406238	0.0721644	0.0497298	0.0458446
	0.0573931	0.0557002	0.0999512	0.0826398	0.0987559	0.11474	0.109923	0.0461131	0.101708	0.0509522	0.07152	0.0960694	0.0551426	0.0512098	0.0922429	0.0631167	0.0577491
	0.0455587	0.0435935	0.0783088	0.06444	0.0767945	0.0889343	0.0861974	0.0369538	0.0781387	0.0405058	0.0565931	0.0759649	0.0448882	0.0406238	0.0721644	0.0497298	0.0458446
	0.107542	0.103509	0.177093	0.148871	0.176335	0.200794	0.195855	0.0869546	0.176765	0.0974948	0.129101	0.171617	0.10378	0.0970116	0.161617	0.117333	0.106251
	0.0405119	0.0389376	0.070302	0.057376	0.0690884	0.07917	0.0768896	0.032302	0.0701581	0.036405	0.0495176	0.0668849	0.038682	0.0352549	0.0637387	0.0439128	0.0394575
	0.107542	0.103509	0.177093	0.148871	0.176335	0.200794	0.195855	0.0869546	0.176765	0.0974948	0.129101	0.171617	0.10378	0.0970116	0.161617	0.117333	0.106251
	0.0545649	0.0508959	0.0979017	0.0792572	0.0969172	0.112132	0.108468	0.0420578	0.0977327	0.0476126	0.0683751	0.0934303	0.0517628	0.0478248	0.0891552	0.0598078	0.0536136
	0.035514	0.0341009	0.0624591	0.0520499	0.0614115	0.070599	0.0685025	0.0280825	0.0623295	0.0317716	0.0448649	0.0594015	0.0338351	0.0307755	0.0565115	0.0398037	0.03573
	0.035514	0.0341009	0.0624591	0.0520499	0.0614115	0.070599	0.0685025	0.0280825	0.0623295	0.0317716	0.0448649	0.0594015	0.0338351	0.0307755	0.0565115	0.0398037	0.03573
	0.035514	0.0341009	0.0624591	0.0520499	0.0614115	0.070599	0.0685025	0.0280825	0.0623295	0.0317716	0.0448649	0.0594015	0.0338351	0.0307755	0.0565115	0.0398037	0.03573
	0.0437499	0.040831	0.0754145	0.062241	0.0741494	0.0860391	0.083705	0.0341843	0.0752671	0.038298	0.0542597	0.0719164	0.0418968	0.0384198	0.0687285	0.0485541	0.0426721
	0.115847	0.110122	0.199781	0.16597	0.19823	0.223709	0.219308	0.0917873	0.199337	0.102292	0.144901	0.190518	0.112179	0.102831	0.181107	0.128156	0.1166
loop 9
	0.115876	0.110144	0.199808	0.166011	0.198269	0.22374	0.219339	0.0918077	0.199364	0.102312	0.144934	0.190556	0.112202	0.102851	0.181142	0.128184	0.116623
	0.0557696	0.0530171	0.0992736	0.0818717	0.0981074	0.113057	0.109068	0.0443019	0.099072	0.0493146	0.0698044	0.0942996	0.0540138	0.0495277	0.0896394	0.0616752	0.056096
	0.0544741	0.0508133	0.0977834	0.0791423	0.0952893	0.111991	0.108314	0.04198	0.0976144	0.0475315	0.0682815	0.0933033	0.0516711	0.0465426	0.0875678	0.0597127	0.0535249
	0.115876	0.110144	0.199808	0.166011	0.198269	0.22374	0.219339	0.0918077	0.199364	0.102312	0.144934	0.190556	0.112202	0.102851	0.181142	0.128184	0.116623
	0.0523551	0.0487339	0.0875019	0.073305	0.0858165	0.0981744	0.0954225	0.0405479	0.0873117	0.0456798	0.0636311	0.0831627	0.0501142	0.0457437	0.0793685	0.0565654	0.0510493
	0.0573838	0.0556871	0.0999408	0.082624	0.0987457	0.114727	0.111925	0.0461033	0.101698	0.0509445	0.0715072	0.0960498	0.0551295	0.0511982	0.0922245	0.063106	0.0577399
	0.0523551	0.0487339	0.0875019	0.073305	0.0858165	0.0981744	0.0954225	0.0405479	0.0873117	0.0456798	0.0636311	0.0831627	0.0501142	0.0457437	0.0793685	0.0565654	0.0510493
	0.111963	0.107942	0.183592	0.155304	0.182758	0.20958	0.202309	0.0914512	0.183269	0.100133	0.135514	0.178051	0.10822	0.101459	0.168079	0.121734	0.110676
	0.0403928	0.0388188	0.070065	0.0571648	0.0688482	0.07891	0.0766303	0.0322182	0.0699211	0.0362946	0.0493465	0.0666552	0.0385668	0.0351577	0.0635168	0.0437734	0.0393384
	0.111963	0.107942	0.183592	0.155304	0.182758	0.20958	0.202309	0.0914512	0.183269	0.100133	0.135514	0.178051	0.10822	0.101459	0.168079	0.121734	0.110676
	0.0544741	0.0508133	0.0977834	0.0791423	0.0952893	0.111991	0.108314	0.04198	0.0976144	0.0475315	0.0682815	0.0933033	0.0516711	0.0465426	0.0875678	0.0597127	0.0535249
	0.0354816	0.0340706	0.0624105	0.0520125	0.061364	0.0705414	0.0684472	0.0280575	0.0622809	0.0317413	0.0448296	0.0593485	0.0349806	0.0318956	0.0564692	0.0397699	0.0357012
	0.0354816	0.0340706	0.0624105	0.0520125	0.061364	0.0705414	0.0684472	0.0280575	0.0622809	0.0317413	0.0448296	0.0593485	0.0349806	0.0318956	0.0564692	0.0397699	0.0357012
	0.0354816	0.0340706	0.0624105	0.0520125	0.061364	0.0705414	0.0684472	0.0280575	0.0622809	0.0317413	0.0448296	0.0593485	0.0349806	0.0318956	0.0564692	0.0397699	0.0357012
	0.0430121	0.0400863	0.0731974	0.0615463	0.0734978	0.0837899	0.081455	0.0334187	0.0746097	0.0375389	0.0521206	0.0712584	0.0411462	0.0376667	0.0665364	0.0464481	0.0419285
	0.115876	0.110144	0.199808	0.166011	0.198269	0.22374	0.219339	0.0918077	0.199364	0.102312	0.144934	0.190556	0.112202	0.102851	0.181142	0.128184	0.116623
loop 10
	0.11587	0.110144	0.199795	0.166001	0.198269	0.22374	0.219339	0.0918077	0.199364	0.102307	0.144934	0.190543	0.112196	0.102851	0.181142	0.128177	0.116618
	0.0612639	0.0583872	0.106569	0.0884714	0.105334	0.122654	0.118501	0.0479052	0.108093	0.0545312	0.0759118	0.10309	0.0579904	0.0533194	0.0965425	0.0674236	0.0601529
	0.0543984	0.0507444	0.0976482	0.0790401	0.0966509	0.11185	0.108178	0.041923	0.0974792	0.047469	0.0681878	0.0931762	0.0516005	0.0476812	0.0874653	0.0596349	0.0534509
	0.11587	0.110144	0.199795	0.166001	0.198269	0.22374	0.219339	0.0918077	0.199364	0.102307	0.144934	0.190543	0.112196	0.102851	0.181142	0.128177	0.116618
	0.110567	0.10634	0.182963	0.154895	0.182834	0.209597	0.204031	0.0883378	0.185089	0.0993111	0.133448	0.177521	0.10618	0.0994916	0.168672	0.121399	0.109076
	0.0573885	0.0556958	0.0999408	0.0826319	0.0987457	0.114727	0.111937	0.0461098	0.101698	0.0509484	0.0715136	0.0960596	0.0551382	0.0512059	0.0922337	0.0631113	0.0577445
	0.110567	0.10634	0.182963	0.154895	0.182834	0.209597	0.204031	0.0883378	0.185089	0.0993111	0.133448	0.177521	0.10618	0.0994916	0.168672	0.121399	0.109076
	0.107487	0.103697	0.178411	0.149109	0.177906	0.203918	0.196764	0.0859842	0.180257	0.0959999	0.129948	0.173286	0.103799	0.0956793	0.163474	0.116872	0.106223
	0.0404004	0.0388296	0.070065	0.0571776	0.0688565	0.07892	0.0766399	0.0322263	0.0699296	0.0363043	0.049362	0.0666631	0.038574	0.0351671	0.0635242	0.0437865	0.0393459
	0.107487	0.103697	0.178411	0.149109	0.177906	0.203918	0.196764	0.0859842	0.180257	0.0959999	0.129948	0.173286	0.103799	0.0956793	0.163474	0.116872	0.106223
	0.0543984	0.0507444	0.0976482	0.0790401	0.0966509	0.11185	0.108178	0.041923	0.0974792	0.047469	0.0681878	0.0931762	0.0516005	0.0476812	0.0874653	0.0596349	0.0534509
	0.0354924	0.0340807	0.0624267	0.052025	0.0613798	0.0705606	0.0684657	0.028065	0.0622971	0.0317534	0.0448397	0.0593712	0.0338149	0.0319016	0.0564833	0.0397826	0.035712
	0.0354924	0.0340807	0.0624267	0.052025	0.0613798	0.0705606	0.0684657	0.028065	0.0622971	0.0317534	0.0448397	0.0593712	0.0338149	0.030758	0.0564833	0.0397826	0.035712
	0.0354924	0.0340807	0.0624267	0.052025	0.0613798	0.0705606	0.0684657	0.028065	0.0622971	0.0317534	0.0448397	0.0593712	0.0338149	0.030758	0.0564833	0.0397826	0.035712
	0.0425779	0.0409924	0.0740411	0.060947	0.0743479	0.0846136	0.0822852	0.0343359	0.0754514	0.0384511	0.05301	0.0721154	0.0420595	0.0372866	0.0673919	0.0473434	0.042836
	0.11587	0.110144	0.199795	0.166001	0.198269	0.22374	0.219339	0.0918077	0.199364	0.102307	0.144934	0.190543	0.112196	0.102851	0.181142	0.128177	0.116618
loop 11
	0.115876	0.11015	0.199781	0.165991	0.198243	0.223709	0.219323	0.0918036	0.199337	0.102317	0.144934	0.190531	0.112208	0.102851	0.181119	0.128184	0.116623
	0.0569152	0.0541081	0.0995518	0.0819312	0.0983731	0.1135	0.109484	0.043878	0.101045	0.0503324	0.0712182	0.0945191	0.0551271	0.0491702	0.0897954	0.0629326	0.0558257
	0.0517226	0.0492608	0.0939062	0.0766087	0.0914094	0.106592	0.102932	0.0402923	0.0937344	0.045925	0.0656337	0.0894126	0.0501326	0.0449269	0.0851182	0.0569995	0.052012
	0.115876	0.11015	0.199781	0.165991	0.198243	0.223709	0.219323	0.0918036	0.199337	0.102317	0.144934	0.190531	0.112208	0.102851	0.181119	0.128184	0.116623
	0.0542191	0.050569	0.0893836	0.0751746	0.089528	0.101941	0.0991917	0.0424166	0.0910817	0.0475488	0.0655114	0.0868792	0.0519987	0.0475884	0.0830898	0.0584276	0.0529181
	0.0573977	0.0557002	0.0999512	0.0826398	0.0987559	0.11474	0.109923	0.0461131	0.101708	0.0509522	0.07152	0.0960694	0.0551426	0.0512098	0.0922429	0.0631167	0.0577538
	0.0542191	0.050569	0.0893836	0.0751746	0.089528	0.101941	0.0991917	0.0424166	0.0910817	0.0475488	0.0655114	0.0868792	0.0519987	0.0475884	0.0830898	0.0584276	0.0529181
	0.105459	0.101507	0.171606	0.146066	0.173175	0.197266	0.190089	0.0851891	0.173475	0.0937206	0.126566	0.16632	0.101713	0.0951127	0.158582	0.115085	0.104178
	0.0415475	0.038664	0.0714321	0.0584388	0.0701835	0.0803125	0.0780258	0.0320694	0.0712851	0.0361484	0.0505722	0.0679833	0.0397105	0.0362686	0.0648361	0.0449528	0.040485
	0.105459	0.101507	0.171606	0.146066	0.173175	0.197266	0.190089	0.0851891	0.173475	0.0937206	0.126566	0.16632	0.101713	0.0951127	0.158582	0.115085	0.104178
	0.0517226	0.0492608	0.0939062	0.0766087	0.0914094	0.106592	0.102932	0.0402923	0.0937344	0.045925	0.0656337	0.0894126	0.0501326	0.0449269	0.0851182	0.0569995	0.052012
	0.0355104	0.0340975	0.062451	0.0520437	0.0614036	0.0705894	0.0684933	0.0280825	0.0623214	0.0317686	0.0448599	0.0593939	0.0338317	0.0307725	0.0565044	0.0397995	0.0357264
	0.0355104	0.0340975	0.062451	0.0520437	0.0614036	0.0705894	0.0684933	0.0280825	0.0623214	0.0317686	0.0448599	0.0593939	0.0338317	0.0307725	0.0565044	0.0397995	0.0357264
	0.0355104	0.0340975	0.062451	0.0520437	0.0614036	0.0705894	0.0684933	0.0280825	0.0623214	0.0317686	0.0448599	0.0593939	0.0338317	0.0307725	0.0565044	0.0397995	0.0357264
	0.0430817	0.0401533	0.0732858	0.0601596	0.0720375	0.083896	0.0815672	0.0334805	0.074709	0.0376028	0.0522027	0.0698088	0.0412154	0.037734	0.0666294	0.0465221	0.042
	0.115876	0.11015	0.199781	0.165991	0.198243	0.223709	0.219323	0.0918036	0.199337	0.102317	0.144934	0.190531	0.112208	0.102851	0.181119	0.128184	0.116623
loop 12
	0.115859	0.110133	0.199795	0.16597	0.19823	0.223725	0.219323	0.0917873	0.199351	0.102297	0.144901	0.190518	0.112185	0.102831	0.181107	0.128156	0.116606
	0.0581962	0.0540198	0.101985	0.0829104	0.100818	0.115845	0.111844	0.0452967	0.101777	0.0503135	0.0723272	0.0969807	0.0550269	0.0505271	0.0922846	0.0641513	0.0571201
	0.051075	0.04864	0.0928438	0.0757057	0.0918408	0.105427	0.103337	0.0397686	0.0926875	0.0453416	0.0648558	0.0883877	0.0495027	0.0455495	0.0841326	0.0575748	0.0513575
	0.115859	0.110133	0.199795	0.16597	0.19823	0.223725	0.219323	0.0917873	0.199351	0.102297	0.144901	0.190518	0.112185	0.102831	0.181107	0.128156	0.116606
	0.0471084	0.0450766	0.0787304	0.0646762	0.0771197	0.0894115	0.0866629	0.0368049	0.0785603	0.0419642	0.0567319	0.0762895	0.0448557	0.0405002	0.0724728	0.0513589	0.045811
	0.0573838	0.0556871	0.0999408	0.082624	0.0987457	0.114727	0.111925	0.0461033	0.101687	0.0509407	0.0715072	0.0960498	0.0551295	0.0511982	0.0922245	0.063106	0.0577399
	0.0471084	0.0450766	0.0787304	0.0646762	0.0771197	0.0894115	0.0866629	0.0368049	0.0785603	0.0419642	0.0567319	0.0762895	0.0448557	0.0405002	0.0724728	0.0513589	0.045811
	0.111784	0.107763	0.181215	0.153041	0.182768	0.207273	0.199956	0.08939	0.18314	0.0998788	0.133259	0.175804	0.106123	0.0994006	0.16798	0.121563	0.110487
	0.0405465	0.0376783	0.070302	0.0573696	0.0690801	0.07918	0.0768896	0.0311106	0.0701581	0.0351671	0.0495279	0.0668849	0.0387108	0.0352925	0.0637387	0.0439346	0.0394873
	0.111784	0.107763	0.181215	0.153041	0.182768	0.207273	0.199956	0.08939	0.18314	0.0998788	0.133259	0.175804	0.106123	0.0994006	0.16798	0.121563	0.110487
	0.051075	0.04864	0.0928438	0.0757057	0.0918408	0.105427	0.103337	0.0397686	0.0926875	0.0453416	0.0648558	0.0883877	0.0495027	0.0455495	0.0841326	0.0575748	0.0513575
	0.035478	0.0340639	0.0624024	0.0520063	0.0613561	0.0705414	0.068438	0.0280525	0.0622728	0.0317383	0.0448246	0.0593485	0.0349736	0.0318926	0.0564621	0.0397657	0.035694
	0.035478	0.0340639	0.0624024	0.0520063	0.0613561	0.0705414	0.068438	0.0280525	0.0622728	0.0317383	0.0448246	0.0593485	0.0349736	0.0318926	0.0564621	0.0397657	0.035694
	0.035478	0.0340639	0.0624024	0.0520063	0.0613561	0.0705414	0.068438	0.0280525	0.0622728	0.0317383	0.0448246	0.0593485	0.0349736	0.0318926	0.0564621	0.0397657	0.035694
	0.0426762	0.0410885	0.0741945	0.0610779	0.07295	0.0847866	0.0824621	0.0331574	0.0756173	0.0385416	0.0531281	0.0707252	0.0408271	0.037374	0.0675424	0.0474529	0.0429343
	0.115859	0.110133	0.199795	0.16597	0.19823	0.223725	0.219323	0.0917873	0.199351	0.102297	0.144901	0.190518	0.112185	0.102831	0.181107	0.128156	0.116606
loop 13
	0.118591	0.112909	0.20515	0.171509	0.200133	0.232426	0.224532	0.0947691	0.204697	0.105178	0.147405	0.195889	0.114981	0.105686	0.186565	0.130773	0.119353
	0.0552141	0.0524461	0.0973566	0.0799388	0.0961926	0.111145	0.107163	0.0436689	0.0988155	0.048714	0.0693563	0.0923886	0.053444	0.0489318	0.0877129	0.0611452	0.0541415
	0.0516399	0.049184	0.09375	0.0764899	0.0927634	0.106444	0.104324	0.0402257	0.0935781	0.0458557	0.0655281	0.0892662	0.0500539	0.0460636	0.0849813	0.0581904	0.0519224
	0.118591	0.112909	0.20515	0.171509	0.200133	0.232426	0.224532	0.0947691	0.204697	0.105178	0.147405	0.195889	0.114981	0.105686	0.186565	0.130773	0.119353
	0.0416755	0.039665	0.071456	0.0592361	0.0717184	0.0821329	0.0793813	0.0329062	0.071296	0.0380525	0.0512676	0.0690656	0.0409665	0.038155	0.0652556	0.0459186	0.0419408
	0.0573931	0.0556958	0.0999408	0.0826319	0.0987457	0.114727	0.111937	0.0461098	0.101698	0.0509484	0.0715136	0.0960596	0.0551382	0.0512059	0.0922337	0.0631113	0.0577445
	0.0416755	0.039665	0.071456	0.0592361	0.0717184	0.0821329	0.0793813	0.0329062	0.071296	0.0380525	0.0512676	0.0690656	0.0409665	0.038155	0.0652556	0.0459186	0.0419408
	0.125616	0.121594	0.206548	0.173377	0.205661	0.235338	0.227899	0.101289	0.206168	0.111824	0.151254	0.198611	0.119917	0.113175	0.18848	0.13737	0.124322
	0.0404735	0.038898	0.0701835	0.0572736	0.0689642	0.07904	0.0767648	0.0310533	0.0700396	0.0351044	0.049445	0.066774	0.038646	0.0352298	0.0636352	0.0438649	0.0394166
	0.125616	0.121594	0.206548	0.173377	0.205661	0.235338	0.227899	0.101289	0.206168	0.111824	0.151254	0.198611	0.119917	0.113175	0.18848	0.13737	0.124322
	0.0516399	0.049184	0.09375	0.0764899	0.0927634	0.106444	0.104324	0.0402257	0.0935781	0.0458557	0.0655281	0.0892662	0.0500539	0.0460636	0.0849813	0.0581904	0.0519224
	0.0354888	0.0340773	0.0624105	0.0520187	0.0613719	0.070551	0.0684564	0.0280625	0.062289	0.0317474	0.0448347	0.0593561	0.034984	0.0319016	0.0564762	0.0397784	0.0357048
	0.0354888	0.0340773	0.0624105	0.0520187	0.0613719	0.070551	0.0684564	0.0280625	0.062289	0.0317474	0.0448347	0.0593561	0.034984	0.0319016	0.0564762	0.0397911	0.0357048
	0.0354888	0.0340773	0.0624105	0.0520187	0.0613719	0.070551	0.0684564	0.0280625	0.062289	0.0317474	0.0448347	0.0593561	0.034984	0.0319016	0.0564762	0.0397784	0.0357048
	0.0428073	0.0412115	0.0744292	0.0612708	0.0731709	0.0850462	0.0827222	0.0332558	0.0742758	0.03866	0.0532912	0.0709452	0.040954	0.0374851	0.0677483	0.0476005	0.0430653
	0.118591	0.112909	0.20515	0.171509	0.200133	0.232426	0.224532	0.0947691	0.204697	0.105178	0.147405	0.195889	0.114981	0.105686	0.186565	0.130773	0.119353
loop 14
	0.115859	0.110133	0.199768	0.16596	0.198216	0.223693	0.219293	0.0917873	0.199324	0.102302	0.144901	0.190506	0.112191	0.102836	0.181095	0.128163	0.116606
	0.0589829	0.0561565	0.103444	0.0840902	0.102238	0.117473	0.113416	0.0458793	0.10325	0.05238	0.0733594	0.0983591	0.0557758	0.0511896	0.0936102	0.0650264	0.0578943
	0.0485686	0.044843	0.0854994	0.069683	0.0844945	0.0981611	0.0945163	0.0369459	0.0853514	0.042667	0.0600455	0.0810342	0.04572	0.0416745	0.078177	0.0526595	0.047598
	0.115859	0.110133	0.199768	0.16596	0.198216	0.223693	0.219293	0.0917873	0.199324	0.102302	0.144901	0.190506	0.112191	0.102836	0.181095	0.128163	0.116606
	0.045673	0.0436594	0.0789301	0.064845	0.0773292	0.0896324	0.086883	0.0369442	0.07876	0.0405648	0.0568891	0.0746836	0.0450019	0.0406518	0.0708864	0.049899	0.0459623
	0.0573931	0.0557002	0.0999512	0.0826398	0.0987559	0.11474	0.109923	0.0461131	0.101708	0.0509522	0.07152	0.0960694	0.0551426	0.0512098	0.0922429	0.0631167	0.0577491
	0.045673	0.0436594	0.0789301	0.064845	0.0773292	0.0896324	0.086883	0.0369442	0.07876	0.0405648	0.0568891	0.0746836	0.0450019	0.0406518	0.0708864	0.049899	0.0459623
	0.128626	0.122626	0.209822	0.176574	0.211308	0.24112	0.233663	0.104203	0.2118	0.114782	0.154418	0.204202	0.122912	0.116132	0.194014	0.140469	0.127337
	0.0402428	0.0386712	0.069828	0.0583995	0.0701242	0.0802309	0.0779376	0.0320911	0.0712072	0.0361581	0.0505456	0.0679185	0.0397142	0.0362848	0.063295	0.0449484	0.0404889
	0.128626	0.122626	0.209822	0.176574	0.211308	0.24112	0.233663	0.104203	0.2118	0.114782	0.154418	0.204202	0.122912	0.116132	0.194014	0.140469	0.127337
	0.0485686	0.044843	0.0854994	0.069683	0.0844945	0.0981611	0.0945163	0.0369459	0.0853514	0.042667	0.0600455	0.0810342	0.04572	0.0416745	0.078177	0.0526595	0.047598
	0.0355356	0.0341211	0.0624834	0.050771	0.0614432	0.0706278	0.0685302	0.0281	0.0623538	0.0317897	0.0448901	0.0594242	0.0338519	0.030793	0.0565397	0.0398249	0.0357516
	0.0355356	0.0341211	0.0624834	0.050771	0.0614432	0.0706278	0.0685302	0.0281	0.0623538	0.0317897	0.0448901	0.0594242	0.0338519	0.030793	0.0565397	0.0398249	0.0357516
	0.0355356	0.0341211	0.0624834	0.050771	0.0614432	0.0706278	0.0685302	0.0281	0.0623538	0.0317897	0.0448901	0.0594242	0.0338519	0.030793	0.0565397	0.0398249	0.0357516
	0.0429998	0.0400752	0.0731621	0.0615257	0.0719078	0.0837474	0.0814244	0.0334159	0.0745736	0.0375321	0.0521041	0.0696846	0.0411346	0.03766	0.0665055	0.0464296	0.0419166
	0.115859	0.110133	0.199768	0.16596	0.198216	0.223693	0.219293	0.0917873	0.199324	0.102302	0.144901	0.190506	0.112191	0.102836	0.181095	0.128163	0.116606
loop 15
	0.115882	0.110155	0.199781	0.165991	0.198256	0.223725	0.219323	0.0918036	0.199337	0.102322	0.144934	0.190531	0.112208	0.102856	0.181119	0.128184	0.116629
	0.058944	0.0546713	0.102298	0.0843853	0.101081	0.116455	0.112361	0.0456846	0.102096	0.05086	0.0719692	0.0971792	0.0556929	0.0510731	0.092374	0.063576	0.0578368
	0.045945	0.0434419	0.082858	0.068411	0.0818496	0.0939813	0.0918723	0.0355109	0.0827048	0.0412493	0.0587263	0.0783908	0.0443266	0.0402612	0.0755284	0.0513005	0.0462094
	0.115882	0.110155	0.199781	0.165991	0.198256	0.223725	0.219323	0.0918036	0.199337	0.102322	0.144934	0.190531	0.112208	0.102856	0.181119	0.128184	0.116629
	0.0576652	0.0540057	0.09654	0.0803827	0.0947659	0.109198	0.10643	0.0458749	0.09634	0.0510017	0.0689194	0.0921141	0.0554436	0.0510334	0.0883247	0.061843	0.0563527
	0.0573792	0.0556871	0.0999304	0.082624	0.0987355	0.114715	0.111925	0.0461001	0.101687	0.0509407	0.0715008	0.0960498	0.0551252	0.0511982	0.0922245	0.0631007	0.0577353
	0.0576652	0.0540057	0.09654	0.0803827	0.0947659	0.109198	0.10643	0.0458749	0.09634	0.0510017	0.0689194	0.0921141	0.0554436	0.0510334	0.0883247	0.061843	0.0563527
	0.12747	0.121469	0.208747	0.175462	0.207946	0.237656	0.230195	0.103028	0.208395	0.1136	0.153262	0.200869	0.121766	0.113061	0.190673	0.137314	0.126173
	0.0406349	0.0377619	0.068931	0.0574976	0.0692292	0.07934	0.0770529	0.0311808	0.0703104	0.0352455	0.0496368	0.0670275	0.0387972	0.0353709	0.0624023	0.0440348	0.0395766
	0.12747	0.121469	0.208747	0.175462	0.207946	0.237656	0.230195	0.103028	0.208395	0.1136	0.153262	0.200869	0.121766	0.113061	0.190673	0.137314	0.126173
	0.045945	0.0434419	0.082858	0.068411	0.0818496	0.0939813	0.0918723	0.0355109	0.0827048	0.0412493	0.0587263	0.0783908	0.0443266	0.0402612	0.0755284	0.0513005	0.0462094
	0.0355068	0.0340908	0.0624429	0.0520437	0.0614036	0.0705894	0.0684841	0.028075	0.0623214	0.0317625	0.0448548	0.0593864	0.033825	0.0307667	0.0565044	0.0397953	0.0357228
	0.0355068	0.0340908	0.0624429	0.0520437	0.0614036	0.0705894	0.0684841	0.028075	0.0623214	0.0317625	0.0448548	0.0593864	0.033825	0.0307667	0.0565044	0.0397953	0.0357228
	0.0355068	0.0340908	0.0624429	0.0520437	0.0614036	0.0705894	0.0684841	0.028075	0.0623214	0.0317625	0.0448548	0.0593864	0.033825	0.0307667	0.0565044	0.0397953	0.0357228
	0.0430162	0.0400938	0.0731798	0.0600722	0.0719337	0.0837687	0.0814448	0.0334327	0.0730295	0.037549	0.0521206	0.0697095	0.0411539	0.0376802	0.0665287	0.0464527	0.0419365
	0.115882	0.110155	0.199781	0.165991	0.198256	0.223725	0.219323	0.0918036	0.199337	0.102322	0.144934	0.190531	0.112208	0.102856	0.181119	0.128184	0.116629
loop 16
	0.115876	0.110155	0.199808	0.16598	0.198256	0.22374	0.219339	0.0918036	0.199364	0.102317	0.144926	0.190531	0.112208	0.102856	0.18113	0.128184	0.116623
	0.0572907	0.0545005	0.101199	0.083652	0.100022	0.115103	0.111079	0.0443513	0.101008	0.0507625	0.071469	0.0961926	0.0555199	0.049597	0.0914899	0.0632541	0.0562112
	0.0459821	0.0446194	0.0816947	0.066703	0.0806353	0.0932351	0.0910433	0.0362052	0.0830482	0.0410379	0.0580312	0.0785421	0.0442764	0.0412383	0.0740899	0.0516045	0.0462516
	0.115876	0.110155	0.199808	0.16598	0.198256	0.22374	0.219339	0.0918036	0.199364	0.102317	0.144926	0.190531	0.112208	0.102856	0.18113	0.128184	0.116623
	0.0665711	0.0646277	0.112597	0.09448	0.112686	0.129281	0.124463	0.0533958	0.114365	0.0600722	0.0812187	0.108077	0.0644197	0.0600463	0.102416	0.0741374	0.0669727
	0.0575179	0.0557089	0.0999616	0.0826477	0.0987661	0.114753	0.109923	0.0461228	0.101719	0.0509599	0.0715264	0.0960792	0.0552602	0.0512175	0.0922429	0.0631273	0.057874
	0.0665711	0.0646277	0.112597	0.09448	0.112686	0.129281	0.124463	0.0533958	0.114365	0.0600722	0.0812187	0.108077	0.0644197	0.0600463	0.102416	0.0741374	0.0669727
	0.105038	0.10112	0.173225	0.145569	0.172626	0.196615	0.19173	0.084841	0.175096	0.0951678	0.126124	0.167935	0.101313	0.0947488	0.158071	0.114696	0.103764
	0.03945	0.0378733	0.0691215	0.0576512	0.0678942	0.077967	0.075686	0.0312744	0.0689807	0.035349	0.0497768	0.0657078	0.0389124	0.0354744	0.0625685	0.0441655	0.0396882
	0.105038	0.10112	0.173225	0.145569	0.172626	0.196615	0.19173	0.084841	0.175096	0.0951678	0.126124	0.167935	0.101313	0.0947488	0.158071	0.114696	0.103764
	0.0459821	0.0446194	0.0816947	0.066703	0.0806353	0.0932351	0.0910433	0.0362052	0.0830482	0.0410379	0.0580312	0.0785421	0.0442764	0.0412383	0.0740899	0.0516045	0.0462516
	0.0354744	0.0340605	0.0623943	0.052	0.0613481	0.0705318	0.0684288	0.0280475	0.0622647	0.0317322	0.0448145	0.059341	0.0349701	0.0318865	0.0564551	0.0397615	0.0356904
	0.0354744	0.0340605	0.0623943	0.052	0.0613481	0.0705318	0.0684288	0.0280475	0.0622647	0.0317322	0.0448145	0.059341	0.0349701	0.0318865	0.0564551	0.0397615	0.0356904
	0.0354744	0.0340605	0.0623943	0.052	0.0613481	0.0705318	0.0684288	0.0280475	0.0622647	0.0317322	0.0448145	0.059341	0.0349701	0.0318865	0.0564551	0.0397615	0.035694
	0.0429957	0.041396	0.0747541	0.0615394	0.073489	0.085414	0.081455	0.0334046	0.0746007	0.0388306	0.0535275	0.07125	0.0411308	0.0376533	0.0680493	0.0478052	0.0432538
	0.115876	0.110155	0.199808	0.16598	0.198256	0.22374	0.219339	0.0918036	0.199364	0.102317	0.144926	0.190531	0.112208	0.102856	0.18113	0.128184	0.116623
loop 17
	0.115876	0.11015	0.199795	0.165991	0.198256	0.223725	0.219323	0.0917996	0.199351	0.102317	0.144934	0.190531	0.112202	0.102851	0.18113	0.128177	0.116623
	0.0560256	0.0532602	0.0996912	0.0822355	0.0985322	0.11352	0.109543	0.0445084	0.099504	0.0495437	0.0701225	0.0947168	0.0542632	0.0497569	0.0900283	0.0619563	0.056352
	0.0509952	0.0484087	0.0904642	0.0741251	0.0894165	0.10354	0.101355	0.0402364	0.0918341	0.0449194	0.0641669	0.0873379	0.0493293	0.0451319	0.082908	0.0565212	0.0499922
	0.115876	0.11015	0.199795	0.165991	0.198256	0.223725	0.219323	0.0917996	0.199351	0.102317	0.144934	0.190531	0.112202	0.102851	0.18113	0.128177	0.116623
	0.0457403	0.0437378	0.0771486	0.0649069	0.077387	0.0877874	0.0850459	0.0370282	0.0788044	0.0406378	0.0569538	0.0747388	0.0450701	0.0407305	0.070944	0.0499682	0.0460296
	0.0573931	0.0556958	0.0999512	0.0826398	0.0987559	0.11474	0.109923	0.0461131	0.101708	0.0509522	0.07152	0.0960694	0.0551382	0.0512098	0.0922429	0.0631167	0.0577491
	0.0457403	0.0437378	0.0771486	0.0649069	0.077387	0.0877874	0.0850459	0.0370282	0.0788044	0.0406378	0.0569538	0.0747388	0.0450701	0.0407305	0.070944	0.0499682	0.0460296
	0.126818	0.122903	0.210867	0.175887	0.210139	0.239536	0.232139	0.102898	0.210503	0.113213	0.154051	0.203126	0.123113	0.114624	0.193036	0.138431	0.12554
	0.0403697	0.0387972	0.0700227	0.0571328	0.0687985	0.07886	0.0765823	0.0322019	0.0698788	0.0362751	0.0493154	0.0666077	0.0385452	0.0351389	0.0634725	0.0437517	0.0393161
	0.126818	0.122903	0.210867	0.175887	0.210139	0.239536	0.232139	0.102898	0.210503	0.113213	0.154051	0.203126	0.123113	0.114624	0.193036	0.138431	0.12554
	0.0509952	0.0484087	0.0904642	0.0741251	0.0894165	0.10354	0.101355	0.0402364	0.0918341	0.0449194	0.0641669	0.0873379	0.0493293	0.0451319	0.082908	0.0565212	0.0499922
	0.0354996	0.0340874	0.0624348	0.0520312	0.0613877	0.0705702	0.0684749	0.02807	0.0623052	0.0317564	0.0448498	0.0593712	0.0338183	0.0307609	0.0564903	0.0397868	0.0357156
	0.0354996	0.0340874	0.0624348	0.0520312	0.0613877	0.0705702	0.0684749	0.02807	0.0623052	0.0317564	0.0448498	0.0593712	0.0338183	0.0307609	0.0564903	0.0397868	0.0357156
	0.0354996	0.0340874	0.0624348	0.0520312	0.0613877	0.0705702	0.0684749	0.02807	0.0623052	0.0317564	0.0448498	0.0593712	0.0338183	0.0307609	0.0564903	0.0397868	0.0357156
	0.0440752	0.0411423	0.0743209	0.0626573	0.0746277	0.0849272	0.0825974	0.0344642	0.0757371	0.0385904	0.0532069	0.0723835	0.0422103	0.0387226	0.0676533	0.0475148	0.0429916
	0.115876	0.11015	0.199795	0.165991	0.198256	0.223725	0.219323	0.0917996	0.199351	0.102317	0.144934	0.190531	0.112202	0.102851	0.18113	0.128177	0.116623
loop 18
	0.115859	0.110133	0.199781	0.16598	0.198256	0.223709	0.219323	0.0917873	0.199337	0.102302	0.144909	0.190531	0.112185	0.102831	0.181119	0.128156	0.116606
	0.0557824	0.0530349	0.0993024	0.0818937	0.0981357	0.113091	0.109117	0.0443109	0.100774	0.0493252	0.0698221	0.0943266	0.0540259	0.0495384	0.0896645	0.06169	0.0561088
	0.0461172	0.043512	0.0813254	0.0665684	0.0802833	0.0927121	0.0905527	0.0364658	0.0826672	0.041236	0.057992	0.0782138	0.0444364	0.0402102	0.0738164	0.0503573	0.0451215
	0.115859	0.110133	0.199781	0.16598	0.198256	0.223709	0.219323	0.0917873	0.199337	0.102302	0.144909	0.190531	0.112185	0.102831	0.181119	0.128156	0.116606
	0.04691	0.0448882	0.0784124	0.0661583	0.0786491	0.0890492	0.0863074	0.0366537	0.0800725	0.0417892	0.0565145	0.0759931	0.0446673	0.0418708	0.0721972	0.0511406	0.0456192
	0.0573792	0.0556827	0.0999304	0.082624	0.0987355	0.114715	0.111913	0.0460968	0.101687	0.0509368	0.0715008	0.0960498	0.0551252	0.0511944	0.0922153	0.0631007	0.0577353
	0.04691	0.0448882	0.0784124	0.0661583	0.0786491	0.0890492	0.0863074	0.0366537	0.0800725	0.0417892	0.0565145	0.0759931	0.0446673	0.0418708	0.0721972	0.0511406	0.0456192
	0.149107	0.142682	0.239884	0.204424	0.241021	0.27514	0.267335	0.121334	0.241924	0.13253	0.17652	0.233639	0.143189	0.133787	0.220559	0.161623	0.147784
	0.0409799	0.039424	0.0719339	0.0590502	0.0707229	0.0823577	0.0800676	0.0328737	0.0717925	0.0369199	0.0512389	0.0685336	0.0404581	0.0370477	0.0653981	0.0456666	0.04123
	0.149107	0.142682	0.239884	0.204424	0.241021	0.27514	0.267335	0.121334	0.241924	0.13253	0.17652	0.233639	0.143189	0.133787	0.220559	0.161623	0.147784
	0.0461172	0.043512	0.0813254	0.0665684	0.0802833	0.0927121	0.0905527	0.0364658	0.0826672	0.041236	0.057992	0.0782138	0.0444364	0.0402102	0.0738164	0.0503573	0.0451215
	0.0354996	0.0340874	0.0624348	0.0520312	0.0613877	0.0705702	0.0684749	0.02807	0.0623052	0.0317564	0.0448498	0.0593788	0.0338183	0.0307609	0.0564903	0.0397911	0.0357156
	0.0354996	0.0340874	0.0624348	0.0520312	0.0613877	0.0705702	0.0684749	0.02807	0.0623052	0.0317564	0.0448498	0.0593788	0.0338183	0.0307609	0.0564903	0.0397911	0.0357156
	0.0354996	0.0340874	0.0624348	0.0520312	0.0613877	0.0705702	0.0684749	0.02807	0.0623052	0.0317564	0.0448498	0.0593788	0.0338183	0.0307609	0.0564903	0.0397911	0.0357156
	0.0431432	0.0402091	0.0733918	0.0602403	0.0721413	0.0840021	0.0816794	0.0335282	0.0732416	0.0376566	0.0522739	0.0699082	0.041273	0.0377878	0.0667146	0.0465868	0.0420595
	0.115859	0.110133	0.199781	0.16598	0.198256	0.223709	0.219323	0.0917873	0.199337	0.102302	0.144909	0.190531	0.112185	0.102831	0.181119	0.128156	0.116606
loop 19
	0.115859	0.110133	0.199768	0.16596	0.198216	0.223693	0.219293	0.0917832	0.199324	0.102302	0.144909	0.190506	0.112191	0.102831	0.181095	0.128163	0.116606
	0.0596957	0.0568243	0.106387	0.0867033	0.103439	0.120646	0.116523	0.0464342	0.106175	0.0530044	0.0742441	0.101223	0.0578944	0.0532181	0.0963838	0.0658008	0.0600453
	0.0512677	0.0487511	0.0913306	0.0752475	0.0902736	0.104161	0.102025	0.0395885	0.0926678	0.0453413	0.0641316	0.0882503	0.0496472	0.0443373	0.0824239	0.0566691	0.0502912
	0.115859	0.110133	0.199768	0.16596	0.198216	0.223693	0.219293	0.0917832	0.199324	0.102302	0.144909	0.190506	0.112191	0.102831	0.181095	0.128163	0.116606
	0.0470318	0.0434493	0.0785011	0.0645412	0.076939	0.0891552	0.0864174	0.0367785	0.0783384	0.0419088	0.0566209	0.076099	0.0447842	0.0404552	0.0723022	0.0512676	0.0457369
	0.0573931	0.0556958	0.0999512	0.0826398	0.0987559	0.11474	0.109923	0.0461131	0.101708	0.0509522	0.07152	0.0960694	0.0551382	0.0512059	0.0922337	0.0631167	0.0577491
	0.0470318	0.0434493	0.0785011	0.0645412	0.076939	0.0891552	0.0864174	0.0367785	0.0783384	0.0419088	0.0566209	0.076099	0.0447842	0.0404552	0.0723022	0.0512676	0.0457369
	0.154131	0.147588	0.245786	0.209967	0.246864	0.281233	0.27342	0.124038	0.247873	0.13739	0.181862	0.239437	0.146047	0.138602	0.226292	0.166742	0.150665
	0.0411268	0.039558	0.0707229	0.059299	0.0710169	0.0811096	0.07883	0.0329749	0.0721018	0.0370444	0.0514415	0.0688151	0.0393049	0.0358982	0.0656769	0.0458377	0.0413768
	0.154131	0.147588	0.245786	0.209967	0.246864	0.281233	0.27342	0.124038	0.247873	0.13739	0.181862	0.239437	0.146047	0.138602	0.226292	0.166742	0.150665
	0.0512677	0.0487511	0.0913306	0.0752475	0.0902736	0.104161	0.102025	0.0395885	0.0926678	0.0453413	0.0641316	0.0882503	0.0496472	0.0443373	0.0824239	0.0566691	0.0502912
	0.0354924	0.0340773	0.0624186	0.0520187	0.0613719	0.070551	0.0684564	0.028065	0.062289	0.0317504	0.0448347	0.0593637	0.0349875	0.0319047	0.0564762	0.0397784	0.0357084
	0.0354924	0.0340773	0.0624186	0.0520187	0.0613719	0.070551	0.0684564	0.028065	0.062289	0.0317504	0.0448347	0.0593637	0.0349875	0.0319047	0.0564762	0.0397784	0.0357084
	0.0354924	0.0340773	0.0624186	0.0520187	0.0613719	0.070551	0.0684564	0.028065	0.062289	0.0317504	0.0448347	0.0593637	0.0349875	0.0319047	0.0564762	0.0397784	0.0357084
	0.0438935	0.0409655	0.0756357	0.0624315	0.074366	0.084646	0.0823269	0.0343009	0.0754883	0.0384233	0.05301	0.0721327	0.0420357	0.0385521	0.0689391	0.0473291	0.0428114
	0.115859	0.110133	0.199768	0.16596	0.198216	0.223693	0.219293	0.0917832	0.199324	0.102302	0.144909	0.190506	0.112191	0.102831	0.181095	0.128163	0.116606
loop 20
	0.115847	0.110122	0.199781	0.16596	0.19823	0.223725	0.219323	0.091775	0.199337	0.102288	0.144893	0.190506	0.112179	0.102822	0.181095	0.128149	0.116594
	0.0569664	0.0541496	0.101448	0.0836687	0.100246	0.115511	0.111444	0.0452401	0.101246	0.050375	0.0713419	0.0963719	0.0551819	0.0505829	0.0916088	0.0629991	0.0573056
	0.050272	0.047764	0.0902016	0.0741762	0.0891577	0.103	0.0993198	0.0386334	0.0900288	0.0443639	0.0630802	0.0856474	0.0486477	0.0445718	0.0813228	0.0556401	0.0492977
	0.115847	0.110122	0.199781	0.16596	0.19823	0.223725	0.219323	0.091775	0.199337	0.102288	0.144893	0.190506	0.112179	0.102822	0.181095	0.128149	0.116594
	0.0418154	0.0398056	0.071616	0.0593831	0.0700989	0.0804509	0.0777193	0.0330338	0.071456	0.0381875	0.0514105	0.0692238	0.0411041	0.0367809	0.0654075	0.04607	0.0420808
	0.0573931	0.0556958	0.0999512	0.0826398	0.0987559	0.11474	0.109911	0.0461131	0.101708	0.0509522	0.07152	0.0960694	0.0551382	0.0512059	0.0922337	0.0631113	0.0577491
	0.0418154	0.0398056	0.071616	0.0593831	0.0700989	0.0804509	0.0777193	0.0330338	0.071456	0.0381875	0.0514105	0.0692238	0.0411041	0.0367809	0.0654075	0.04607	0.0420808
	0.135676	0.131078	0.213065	0.183882	0.216457	0.243581	0.238263	0.110803	0.215141	0.120624	0.159891	0.208927	0.129589	0.121756	0.198144	0.146474	0.134306
	0.0413609	0.0384948	0.0710256	0.0581305	0.0698026	0.0798738	0.0775945	0.0319478	0.0708872	0.0359892	0.0503111	0.0676107	0.0395282	0.0361191	0.0644803	0.0447464	0.0403005
	0.135676	0.131078	0.213065	0.183882	0.216457	0.243581	0.238263	0.110803	0.215141	0.120624	0.159891	0.208927	0.129589	0.121756	0.198144	0.146474	0.134306
	0.050272	0.047764	0.0902016	0.0741762	0.0891577	0.103	0.0993198	0.0386334	0.0900288	0.0443639	0.0630802	0.0856474	0.0486477	0.0445718	0.0813228	0.0556401	0.0492977
	0.035496	0.034084	0.0624267	0.0520312	0.0613877	0.0705702	0.0684749	0.02807	0.0623052	0.0317564	0.0448447	0.0593712	0.0338183	0.0307609	0.0564903	0.0397868	0.0357156
	0.035496	0.034084	0.0624267	0.0520312	0.0613877	0.0705702	0.0684749	0.02807	0.0623052	0.0317564	0.0448447	0.0593712	0.0338183	0.0307609	0.0564903	0.0397868	0.0357156
	0.035496	0.034084	0.0624267	0.0520312	0.0613877	0.0705702	0.0684749	0.02807	0.0623052	0.0317564	0.0448447	0.0593712	0.0338183	0.0307609	0.0564903	0.0397868	0.0357156
	0.0427377	0.04115	0.0742938	0.0611605	0.0730472	0.0848948	0.0825661	0.033208	0.0741404	0.0386008	0.0532069	0.0708183	0.0408886	0.0374312	0.0676295	0.0475243	0.0429957
	0.115847	0.110122	0.199781	0.16596	0.19823	0.223725	0.219323	0.091775	0.199337	0.102288	0.144893	0.190506	0.112179	0.102822	0.181095	0.128149	0.116594
loop 21
	0.115882	0.110161	0.199822	0.165991	0.198269	0.223756	0.219354	0.0918077	0.199378	0.102327	0.144934	0.190543	0.112213	0.102856	0.18113	0.128191	0.116629
	0.0571004	0.054318	0.0991728	0.0817945	0.0980224	0.112954	0.110679	0.0442256	0.100642	0.0505928	0.0712343	0.0958504	0.0539468	0.0494478	0.0911579	0.0630346	0.0560256
	0.054202	0.0517143	0.0984842	0.0794212	0.0974353	0.113014	0.109254	0.0426166	0.098304	0.0483313	0.06831	0.0938859	0.0525975	0.0473193	0.0880389	0.0608816	0.0544982
	0.115882	0.110161	0.199822	0.165991	0.198269	0.223756	0.219354	0.0918077	0.199378	0.102327	0.144934	0.190543	0.112213	0.102856	0.18113	0.128191	0.116629
	0.0469448	0.0449304	0.0784642	0.066193	0.0786934	0.0891111	0.0863667	0.0366897	0.0801254	0.0418271	0.056533	0.0760425	0.0446997	0.0419088	0.0722432	0.0511723	0.0456528
	0.0573792	0.0556871	0.0999304	0.082624	0.0987355	0.114715	0.111925	0.0461001	0.101687	0.0509407	0.0715072	0.0960498	0.0551295	0.0511982	0.0922245	0.0631007	0.0577353
	0.0469448	0.0449304	0.0784642	0.066193	0.0786934	0.0891111	0.0863667	0.0366897	0.0801254	0.0418271	0.056533	0.0760425	0.0446997	0.0419088	0.0722432	0.0511723	0.0456528
	0.135757	0.131247	0.216832	0.183236	0.217831	0.247247	0.239385	0.10925	0.216429	0.120878	0.159543	0.210341	0.129703	0.12204	0.199629	0.146433	0.134382
	0.0414403	0.0385704	0.071164	0.058242	0.069938	0.0800166	0.0777317	0.0320072	0.0710169	0.0360607	0.050407	0.0677403	0.0396063	0.0361906	0.0646014	0.0448272	0.0403774
	0.135757	0.131247	0.216832	0.183236	0.217831	0.247247	0.239385	0.10925	0.216429	0.120878	0.159543	0.210341	0.129703	0.12204	0.199629	0.146433	0.134382
	0.054202	0.0517143	0.0984842	0.0794212	0.0974353	0.113014	0.109254	0.0426166	0.098304	0.0483313	0.06831	0.0938859	0.0525975	0.0473193	0.0880389	0.0608816	0.0544982
	0.0355176	0.0341042	0.0624672	0.0520624	0.0614194	0.0706086	0.0685117	0.0280875	0.0623376	0.0317746	0.0448699	0.0594091	0.0338385	0.0307813	0.0565186	0.0398122	0.0357372
	0.0355176	0.0341042	0.0624672	0.0520624	0.0614194	0.0706086	0.0685117	0.0280875	0.0623376	0.0317746	0.0448699	0.0594091	0.0338385	0.0307813	0.0565186	0.0398122	0.0357372
	0.0355176	0.0341042	0.0624672	0.0520624	0.0614194	0.0706086	0.0685117	0.0280875	0.0623376	0.0317746	0.0448699	0.0594091	0.0338385	0.0307813	0.0565186	0.0398122	0.0357372
	0.0428442	0.0412461	0.0745375	0.0613465	0.0732681	0.0851652	0.0812204	0.0332726	0.0743841	0.0386878	0.0533588	0.0710384	0.0409886	0.0375086	0.0678434	0.0476481	0.0431063
	0.115882	0.110161	0.199822	0.165991	0.198269	0.223756	0.219354	0.0918077	0.199378	0.102327	0.144934	0.190543	0.112213	0.102856	0.18113	0.128191	0.116629
loop 22
	0.115876	0.110155	0.199795	0.166001	0.198269	0.223725	0.219323	0.0918036	0.199351	0.102317	0.144934	0.190543	0.112208	0.102856	0.181142	0.128184	0.116629
	0.0562176	0.0534321	0.100051	0.0809686	0.0972174	0.113932	0.10992	0.0433204	0.0998496	0.0497036	0.0703787	0.0950397	0.0544457	0.0499167	0.0903419	0.0621634	0.0551392
	0.0507904	0.048268	0.09108	0.0749149	0.0900356	0.103996	0.101843	0.0402439	0.0924286	0.0448382	0.0637252	0.0879929	0.0491587	0.0450407	0.0821256	0.056217	0.0510784
	0.115876	0.110155	0.199795	0.166001	0.198269	0.223725	0.219323	0.0918036	0.199351	0.102317	0.144934	0.190543	0.112208	0.102856	0.181142	0.128184	0.116629
	0.0416434	0.0396379	0.0713024	0.0591332	0.0715776	0.0819548	0.0792112	0.0328981	0.0711488	0.0380275	0.0511922	0.0689317	0.0409356	0.0366249	0.0651319	0.0458681	0.0419088
	0.0573931	0.0556958	0.0999408	0.0826319	0.0987559	0.114727	0.109911	0.0461098	0.101698	0.0509484	0.0715136	0.0960596	0.0551382	0.0512059	0.0922337	0.0631113	0.0577491
	0.0416434	0.0396379	0.0713024	0.0591332	0.0715776	0.0819548	0.0792112	0.0328981	0.0711488	0.0380275	0.0511922	0.0689317	0.0409356	0.0366249	0.0651319	0.0458681	0.0419088
	0.130349	0.124156	0.211776	0.177523	0.210667	0.241209	0.233639	0.105184	0.211396	0.116134	0.154849	0.205831	0.124516	0.117418	0.193137	0.140459	0.129024
	0.0403774	0.0388008	0.0700481	0.057152	0.0688234	0.07889	0.0766111	0.0322019	0.0699042	0.0362783	0.0493309	0.0666394	0.0385524	0.0351357	0.0635021	0.0437604	0.0406234
	0.130349	0.124156	0.211776	0.177523	0.210667	0.241209	0.233639	0.105184	0.211396	0.116134	0.154849	0.205831	0.124516	0.117418	0.193137	0.140459	0.129024
	0.0507904	0.048268	0.09108	0.0749149	0.0900356	0.103996	0.101843	0.0402439	0.0924286	0.0448382	0.0637252	0.0879929	0.0491587	0.0450407	0.0821256	0.056217	0.0510784
	0.035478	0.0340672	0.0624024	0.0520063	0.061364	0.0705414	0.0684472	0.028055	0.0622809	0.0317383	0.0448246	0.0593485	0.0349771	0.0318926	0.0564621	0.0397657	0.035694
	0.035478	0.0340672	0.0624024	0.0520063	0.061364	0.0705414	0.0684472	0.028055	0.0622809	0.0317383	0.0448246	0.0593485	0.0349771	0.0318926	0.0564621	0.0397657	0.035694
	0.035478	0.0340672	0.0624024	0.0520063	0.061364	0.0705414	0.0684472	0.028055	0.0622809	0.0317383	0.0448246	0.0593485	0.0349771	0.0318926	0.0564621	0.0397657	0.035694
	0.0428564	0.0412653	0.0744923	0.0613259	0.0732328	0.0834928	0.0811694	0.0333035	0.0743389	0.0374077	0.0533475	0.0710045	0.0410001	0.0375389	0.0678117	0.0476528	0.0417777
	0.115876	0.110155	0.199795	0.166001	0.198269	0.223725	0.219323	0.0918036	0.199351	0.102317	0.144934	0.190543	0.112208	0.102856	0.181142	0.128184	0.116629
loop 23
	0.115876	0.11015	0.199795	0.165991	0.198269	0.223725	0.219339	0.0918036	0.199351	0.102317	0.144934	0.190543	0.112208	0.102856	0.18113	0.128177	0.116623
	0.0566805	0.0539225	0.100232	0.0828093	0.0990576	0.115739	0.111743	0.0451904	0.101702	0.0502149	0.0707379	0.0968832	0.054927	0.050423	0.0921936	0.0625956	0.0570151
	0.0545159	0.0507931	0.0969441	0.0795415	0.095903	0.111269	0.107584	0.0418403	0.0982984	0.0474674	0.0685405	0.0923944	0.0516813	0.0476925	0.0880848	0.0598405	0.0535517
	0.115876	0.11015	0.199795	0.165991	0.198269	0.223725	0.219339	0.0918036	0.199351	0.102317	0.144934	0.190543	0.112208	0.102856	0.18113	0.128177	0.116623
	0.0470736	0.0434838	0.0786565	0.0646313	0.0770691	0.089332	0.0865783	0.0367905	0.0784864	0.0419379	0.0566949	0.0744288	0.0448265	0.0404805	0.0724269	0.0513112	0.0457807
	0.0574948	0.0556915	0.0999408	0.0826319	0.0987457	0.114727	0.111937	0.0461066	0.101698	0.0509484	0.0715136	0.0960596	0.0552384	0.0512021	0.0922337	0.0631113	0.0578509
	0.0470736	0.0434838	0.0786565	0.0646313	0.0770691	0.089332	0.0865783	0.0367905	0.0784864	0.0419379	0.0566949	0.0744288	0.0448265	0.0404805	0.0724269	0.0513112	0.0457807
	0.126559	0.122011	0.200801	0.169704	0.201777	0.228541	0.220775	0.101948	0.200442	0.113644	0.148245	0.194379	0.120512	0.11482	0.183709	0.137255	0.125181
	0.0414562	0.0398817	0.0711986	0.0597158	0.0699804	0.081661	0.07936	0.0320154	0.0725966	0.0360704	0.0504283	0.0692954	0.0396212	0.0362004	0.0646393	0.0448451	0.0403928
	0.126559	0.122011	0.200801	0.169704	0.201777	0.228541	0.220775	0.101948	0.200442	0.113644	0.148245	0.194379	0.120512	0.11482	0.183709	0.137255	0.125181
	0.0545159	0.0507931	0.0969441	0.0795415	0.095903	0.111269	0.107584	0.0418403	0.0982984	0.0474674	0.0685405	0.0923944	0.0516813	0.0476925	0.0880848	0.0598405	0.0535517
	0.0354744	0.0340605	0.0623862	0.0519938	0.0613481	0.0705222	0.0684288	0.02805	0.0622647	0.0317322	0.0448145	0.0593334	0.0349701	0.0318865	0.0564551	0.0397615	0.0356904
	0.0354744	0.0340605	0.0623862	0.0519938	0.0613481	0.0705222	0.0684657	0.02805	0.0622647	0.0317322	0.0448145	0.0593334	0.0349701	0.0318865	0.0564551	0.0397615	0.0356904
	0.0354744	0.0340605	0.0623862	0.0519938	0.0613481	0.0705222	0.0684288	0.02805	0.0622647	0.0317322	0.0448145	0.0593334	0.0349701	0.0318865	0.0564551	0.0397615	0.0356904
	0.0427868	0.0412	0.0743841	0.0612363	0.0731267	0.0833655	0.0810571	0.0332473	0.0742306	0.0373471	0.0532688	0.0709029	0.0409348	0.0374783	0.0677087	0.0462076	0.0417102
	0.115876	0.11015	0.199795	0.165991	0.198269	0.223725	0.219339	0.0918036	0.199351	0.102317	0.144934	0.190543	0.112208	0.102856	0.18113	0.128177	0.116623
loop 24
	0.115853	0.110128	0.199768	0.16596	0.198216	0.223693	0.219293	0.0917832	0.199324	0.102297	0.144901	0.190493	0.112185	0.102831	0.181095	0.128156	0.1166
	0.0604286	0.0575545	0.10584	0.0860678	0.104595	0.120161	0.116019	0.0470538	0.105632	0.0536906	0.0751104	0.100643	0.0571488	0.052482	0.0957935	0.0666061	0.0593114
	0.0520484	0.0495177	0.092619	0.0749149	0.0915552	0.105607	0.10186	0.0402349	0.0924433	0.0460641	0.0650883	0.0879929	0.0504086	0.0450354	0.0835986	0.057532	0.0510592
	0.115853	0.110128	0.199768	0.16596	0.198216	0.223693	0.219293	0.0917832	0.199324	0.102297	0.144901	0.190493	0.112185	0.102831	0.181095	0.128156	0.1166
	0.0449564	0.0413985	0.0745941	0.0624665	0.0748765	0.0852115	0.0824735	0.0347211	0.076233	0.0398272	0.0545371	0.0722366	0.042707	0.038409	0.068445	0.0491767	0.0436688
	0.0573885	0.0556958	0.0999408	0.0826319	0.0987457	0.114727	0.111937	0.0461098	0.101698	0.0509484	0.0715136	0.0960596	0.0551382	0.0512059	0.0922337	0.0631113	0.0577445
	0.0449564	0.0413985	0.0745941	0.0624665	0.0748765	0.0852115	0.0824735	0.0347211	0.076233	0.0398272	0.0545371	0.0722366	0.042707	0.038409	0.068445	0.0491767	0.0436688
	0.128067	0.12348	0.202669	0.173721	0.206068	0.233016	0.225184	0.105308	0.204737	0.115119	0.152104	0.198606	0.12407	0.116261	0.187888	0.13885	0.126693
	0.040239	0.0386712	0.071337	0.0583995	0.0701242	0.0802105	0.0779278	0.0320884	0.0711899	0.0361549	0.0505456	0.0679185	0.0397105	0.0362783	0.0647755	0.0449439	0.040485
	0.128067	0.12348	0.202669	0.173721	0.206068	0.233016	0.225184	0.105308	0.204737	0.115119	0.152104	0.198606	0.12407	0.116261	0.187888	0.13885	0.126693
	0.0520484	0.0495177	0.092619	0.0749149	0.0915552	0.105607	0.10186	0.0402349	0.0924433	0.0460641	0.0650883	0.0879929	0.0504086	0.0450354	0.0835986	0.057532	0.0510592
	0.0355176	0.0341042	0.0624591	0.0520562	0.0614194	0.0706086	0.0685025	0.0280875	0.0623376	0.0317746	0.0448699	0.0594015	0.0338385	0.0307813	0.0565186	0.0398122	0.0357372
	0.0355176	0.0341042	0.0624591	0.0520562	0.0614194	0.0706086	0.0685025	0.0280875	0.0623376	0.0317746	0.0448699	0.0594015	0.0338385	0.0307813	0.0565186	0.0398122	0.0357372
	0.0355176	0.0341042	0.0624591	0.0520562	0.0614194	0.0706086	0.0685025	0.0280875	0.0623376	0.0317746	0.0448699	0.0594015	0.0338385	0.0307813	0.0565186	0.0398122	0.0357372
	0.0429629	0.0400454	0.0731091	0.0614774	0.0734095	0.0836838	0.0813632	0.0333878	0.0745194	0.0375019	0.0520658	0.0711738	0.0411039	0.0376331	0.066459	0.0463972	0.0418849
	0.115853	0.110128	0.199768	0.16596	0.198216	0.223693	0.219293	0.0917832	0.199324	0.102297	0.144901	0.190493	0.112185	0.102831	0.181095	0.128156	0.1166
loop 25
	0.115853	0.110128	0.199781	0.16596	0.19823	0.223725	0.219323	0.0917832	0.199337	0.102297	0.144901	0.190518	0.112185	0.102831	0.181107	0.128156	0.1166
	0.056704	0.0539183	0.0991553	0.0816067	0.0979832	0.113061	0.109048	0.0437299	0.0989712	0.0501565	0.0694428	0.0941488	0.0535211	0.0490044	0.0894505	0.0626959	0.0556198
	0.0537901	0.050067	0.0962901	0.07744	0.0937344	0.109046	0.105377	0.0410914	0.0961127	0.0467324	0.0664704	0.0917271	0.0509477	0.0469518	0.0859529	0.0591181	0.0528212
	0.115853	0.110128	0.199781	0.16596	0.19823	0.223725	0.219323	0.0917832	0.199337	0.102297	0.144901	0.190518	0.112185	0.102831	0.181107	0.128156	0.1166
	0.0490577	0.0470283	0.0823784	0.0682746	0.0825923	0.0930456	0.0903041	0.0387835	0.0821962	0.0439385	0.0603357	0.0799286	0.0468125	0.0440075	0.0761201	0.0532899	0.0477576
	0.0573931	0.0557002	0.0999512	0.0826398	0.0987559	0.11474	0.109923	0.0461131	0.101708	0.0509522	0.07152	0.0960694	0.0551426	0.0512098	0.0922429	0.0631167	0.0577491
	0.0490577	0.0470283	0.0823784	0.0682746	0.0825923	0.0930456	0.0903041	0.0387835	0.0821962	0.0439385	0.0603357	0.0799286	0.0468125	0.0440075	0.0761201	0.0532899	0.0477576
	0.127094	0.122507	0.19945	0.170548	0.202865	0.229753	0.221935	0.104293	0.201517	0.114117	0.149004	0.195388	0.121027	0.115275	0.184695	0.137904	0.125722
	0.0403658	0.0387936	0.0700057	0.0585635	0.0687903	0.07884	0.0765631	0.0321965	0.0698619	0.0362718	0.0493154	0.0665998	0.0385416	0.0351357	0.0634651	0.0437473	0.0406119
	0.127094	0.122507	0.19945	0.170548	0.202865	0.229753	0.221935	0.104293	0.201517	0.114117	0.149004	0.195388	0.121027	0.115275	0.184695	0.137904	0.125722
	0.0537901	0.050067	0.0962901	0.07744	0.0937344	0.109046	0.105377	0.0410914	0.0961127	0.0467324	0.0664704	0.0917271	0.0509477	0.0469518	0.0859529	0.0591181	0.0528212
	0.0354996	0.0340874	0.0624348	0.0520375	0.0613957	0.0705798	0.0684841	0.0280725	0.0623133	0.0317595	0.0448498	0.0593788	0.0338217	0.0307638	0.0564974	0.0397911	0.0357192
	0.0354996	0.0340874	0.0624348	0.0520375	0.0613957	0.0705798	0.0684841	0.0280725	0.0623133	0.0317595	0.0448498	0.0593788	0.0338217	0.0307638	0.0564974	0.0397911	0.0357192
	0.0354996	0.0340874	0.0624348	0.0520375	0.0613957	0.0705798	0.0684841	0.0280725	0.0623133	0.0317595	0.0448498	0.0593788	0.0338217	0.0307638	0.0564974	0.0397911	0.0357192
	0.0419404	0.0403394	0.0736304	0.060442	0.0723662	0.0826494	0.08032	0.033635	0.0734802	0.0377811	0.0524491	0.0701318	0.0414076	0.0379089	0.0669314	0.0467394	0.0421944
	0.115853	0.110128	0.199781	0.16596	0.19823	0.223725	0.219323	0.0917832	0.199337	0.102297	0.144901	0.190518	0.112185	0.102831	0.181107	0.128156	0.1166
loop 26
	0.115859	0.110133	0.199768	0.16597	0.19823	0.223709	0.219308	0.0917832	0.199324	0.102297	0.144909	0.190518	0.112185	0.102831	0.181107	0.128156	0.116606
	0.0580281	0.0552703	0.101717	0.0842532	0.100554	0.117289	0.113263	0.0451765	0.10318	0.0515419	0.0721336	0.0983765	0.0562688	0.0503956	0.0920377	0.0639654	0.056956
	0.050627	0.0480679	0.0898516	0.0735946	0.0888005	0.102841	0.099098	0.0387432	0.0896845	0.044598	0.0623458	0.0852278	0.047704	0.0435744	0.0808401	0.0547969	0.0496333
	0.115859	0.110133	0.199768	0.16597	0.19823	0.223709	0.219308	0.0917832	0.199324	0.102297	0.144909	0.190518	0.112185	0.102831	0.181107	0.128156	0.116606
	0.0416055	0.0395974	0.0712448	0.059094	0.07152	0.0818928	0.079152	0.0328637	0.0728796	0.0379875	0.0511564	0.068877	0.0408962	0.0365912	0.0650812	0.0458278	0.0418708
	0.0573838	0.0556871	0.0999408	0.082624	0.0987457	0.114727	0.111925	0.0461033	0.101698	0.0509445	0.0715072	0.0960498	0.0551295	0.0511982	0.0922245	0.063106	0.0577399
	0.0416055	0.0395974	0.0712448	0.059094	0.07152	0.0818928	0.079152	0.0328637	0.0728796	0.0379875	0.0511564	0.068877	0.0408962	0.0365912	0.0650812	0.0458278	0.0418708
	0.127931	0.123365	0.202418	0.173516	0.205811	0.232715	0.224896	0.105228	0.204455	0.115002	0.151895	0.198334	0.123926	0.116155	0.187636	0.138648	0.126559
	0.040289	0.038718	0.0698788	0.0584519	0.0686661	0.0802921	0.0779964	0.0321316	0.0697349	0.0362004	0.0505935	0.066481	0.038466	0.0350636	0.0633541	0.0449932	0.040535
	0.127931	0.123365	0.202418	0.173516	0.205811	0.232715	0.224896	0.105228	0.204455	0.115002	0.151895	0.198334	0.123926	0.116155	0.187636	0.138648	0.126559
	0.050627	0.0480679	0.0898516	0.0735946	0.0888005	0.102841	0.099098	0.0387432	0.0896845	0.044598	0.0623458	0.0852278	0.047704	0.0435744	0.0808401	0.0547969	0.0496333
	0.0354744	0.0340605	0.0623943	0.052	0.0613481	0.0705222	0.0684288	0.0280475	0.0622647	0.0317322	0.0448145	0.0593334	0.0349701	0.0318865	0.0564551	0.0397615	0.0356904
	0.0354744	0.0340605	0.0623943	0.052	0.0613481	0.0705222	0.0684288	0.0280475	0.0622647	0.0317322	0.0448145	0.0593334	0.0349701	0.0318865	0.0564551	0.0397615	0.0356904
	0.0354744	0.0340605	0.0623943	0.052	0.0613481	0.0705222	0.0684288	0.028055	0.0622647	0.0317322	0.0448145	0.0593334	0.0349701	0.0318865	0.0564551	0.0397615	0.0356904
	0.0418293	0.0402352	0.073436	0.0602807	0.0721846	0.0824309	0.08011	0.0335479	0.0732858	0.0376802	0.0523068	0.0699496	0.0412999	0.0378114	0.066761	0.0466145	0.0420833
	0.115859	0.110133	0.199768	0.16597	0.19823	0.223709	0.219308	0.0917832	0.199324	0.102297	0.144909	0.190518	0.112185	0.102831	0.181107	0.128156	0.116606
loop 27
	0.115882	0.110155	0.199795	0.166001	0.198269	0.22374	0.219339	0.0918036	0.199351	0.102322	0.144934	0.190543	0.112208	0.102856	0.181142	0.128184	0.116629
	0.0560384	0.053278	0.09972	0.0806982	0.0985606	0.113571	0.109576	0.0432028	0.0995328	0.0495544	0.0701402	0.0947437	0.0542754	0.0497729	0.0900534	0.0619637	0.0549645
	0.0502704	0.0477959	0.08972	0.0738879	0.0886896	0.102349	0.100251	0.0387894	0.0910454	0.0444487	0.0629313	0.085214	0.0486798	0.043458	0.0809555	0.0555943	0.049312
	0.115882	0.110155	0.199795	0.166001	0.198269	0.22374	0.219339	0.0918036	0.199351	0.102322	0.144934	0.190543	0.112208	0.102856	0.181142	0.128184	0.116629
	0.0456562	0.04365	0.0788192	0.0647887	0.0772425	0.0876144	0.0848802	0.036949	0.0786491	0.0405563	0.0568475	0.0745941	0.0449889	0.0406462	0.0708032	0.0498721	0.0459455
	0.0573885	0.0556958	0.0999408	0.0826319	0.0987457	0.114727	0.111937	0.0461098	0.101698	0.0509484	0.0715136	0.0960596	0.0551382	0.0512059	0.0922337	0.0631113	0.0577445
	0.0456562	0.04365	0.0788192	0.0647887	0.0772425	0.0876144	0.0848802	0.036949	0.0786491	0.0405563	0.0568475	0.0745941	0.0449889	0.0406462	0.0708032	0.0498721	0.0459455
	0.12638	0.121827	0.200828	0.171923	0.201749	0.231106	0.223277	0.103697	0.202865	0.113465	0.150377	0.196744	0.122394	0.114612	0.186032	0.137122	0.125019
	0.0413292	0.0384624	0.0710429	0.0581305	0.0698111	0.079884	0.0776141	0.0319045	0.0709045	0.0359567	0.0503058	0.0676188	0.0395021	0.0360801	0.0644879	0.0447149	0.0402697
	0.12638	0.121827	0.200828	0.171923	0.201749	0.231106	0.223277	0.103697	0.202865	0.113465	0.150377	0.196744	0.122394	0.114612	0.186032	0.137122	0.125019
	0.0502704	0.0477959	0.08972	0.0738879	0.0886896	0.102349	0.100251	0.0387894	0.0910454	0.0444487	0.0629313	0.085214	0.0486798	0.043458	0.0809555	0.0555943	0.049312
	0.035514	0.0341009	0.0624591	0.0520499	0.0614115	0.070599	0.0685025	0.0280825	0.0623295	0.0317686	0.0448649	0.0594015	0.0338317	0.0307755	0.0565115	0.0398037	0.03573
	0.035514	0.0341009	0.0624591	0.0520499	0.0614115	0.070599	0.0685025	0.0280825	0.0623295	0.0317686	0.0448649	0.0594015	0.0338317	0.0307755	0.0565115	0.0398037	0.03573
	0.035514	0.0341009	0.0624591	0.0520499	0.0614115	0.070599	0.0685025	0.0280825	0.0623295	0.0317686	0.0448649	0.0594015	0.0338317	0.0307755	0.0565115	0.0398037	0.03573
	0.0427786	0.0411885	0.074357	0.0612157	0.0731002	0.0849705	0.082639	0.034505	0.075774	0.0386356	0.0532462	0.0708691	0.0409232	0.0374649	0.0676849	0.0475672	0.0430367
	0.115882	0.110155	0.199795	0.166001	0.198269	0.22374	0.219339	0.0918036	0.199351	0.102322	0.144934	0.190543	0.112208	0.102856	0.181142	0.128184	0.116629
loop 28
	0.115882	0.110155	0.199795	0.166001	0.198269	0.22374	0.219339	0.0918077	0.199364	0.102322	0.144934	0.190556	0.112208	0.102856	0.181142	0.128184	0.116629
	0.0581501	0.0553036	0.102765	0.0849442	0.101563	0.116845	0.114531	0.0463648	0.104277	0.0515182	0.072579	0.0993477	0.0563562	0.0517263	0.0929072	0.0642003	0.0584913
	0.0484837	0.045904	0.0865404	0.0702242	0.0854757	0.0979912	0.0958232	0.0377055	0.0863714	0.042411	0.0603105	0.0819049	0.0468143	0.0426062	0.0775059	0.0540139	0.0474863
	0.115882	0.110155	0.199795	0.166001	0.198269	0.22374	0.219339	0.0918077	0.199364	0.102322	0.144934	0.190556	0.112208	0.102856	0.181142	0.128184	0.116629
	0.0501873	0.04815	0.0836325	0.0694998	0.083835	0.096236	0.093469	0.0398921	0.0853191	0.0450604	0.0615289	0.0811726	0.0479448	0.0451124	0.0773653	0.0544326	0.0488865
	0.0573977	0.0557002	0.0999512	0.0826398	0.0987559	0.11474	0.109923	0.0461131	0.101708	0.0509522	0.07152	0.0960694	0.0551426	0.0512098	0.0922429	0.0631167	0.0577538
	0.0501873	0.04815	0.0836325	0.0694998	0.083835	0.096236	0.093469	0.0398921	0.0853191	0.0450604	0.0615289	0.0811726	0.0479448	0.0451124	0.0773653	0.0544326	0.0488865
	0.126321	0.121785	0.20047	0.171697	0.201498	0.22818	0.2204	0.103708	0.20253	0.11344	0.150208	0.196475	0.122323	0.114612	0.185782	0.137022	0.124946
	0.039331	0.0377584	0.0689228	0.0574848	0.0677079	0.07933	0.075479	0.0311782	0.068782	0.0352424	0.0496316	0.065522	0.0387972	0.0353678	0.0623879	0.0440304	0.0395728
	0.126321	0.121785	0.20047	0.171697	0.201498	0.22818	0.2204	0.103708	0.20253	0.11344	0.150208	0.196475	0.122323	0.114612	0.185782	0.137022	0.124946
	0.0484837	0.045904	0.0865404	0.0702242	0.0854757	0.0979912	0.0958232	0.0377055	0.0863714	0.042411	0.0603105	0.0819049	0.0468143	0.0426062	0.0775059	0.0540139	0.0474863
	0.0355068	0.0340941	0.062451	0.0520437	0.0614036	0.0705894	0.0684933	0.0280775	0.0623214	0.0317655	0.0448548	0.0593864	0.0338284	0.0307696	0.0565044	0.0397995	0.0357228
	0.0355068	0.0340941	0.062451	0.0520437	0.0614036	0.0705894	0.0684933	0.0280775	0.0623214	0.0317655	0.0448548	0.0593864	0.0338284	0.0307696	0.0565044	0.0397995	0.0357228
	0.0355068	0.0340941	0.062451	0.0520437	0.0614036	0.0705894	0.0684933	0.0280775	0.0623214	0.0317655	0.0448548	0.0593864	0.0338284	0.0307696	0.0565044	0.0397995	0.0357228
	0.0427254	0.0411346	0.0742848	0.0626291	0.0745916	0.084884	0.0825661	0.0344555	0.0757002	0.0385834	0.05319	0.0723575	0.0422024	0.0387157	0.0676216	0.0475053	0.0429834
	0.115882	0.110155	0.199795	0.166001	0.198269	0.22374	0.219339	0.0918077	0.199364	0.102322	0.144934	0.190556	0.112208	0.102856	0.181142	0.128184	0.116629
loop 29
	0.115876	0.11015	0.199781	0.16598	0.198256	0.223709	0.219323	0.0917996	0.199337	0.102317	0.144934	0.190531	0.112208	0.102851	0.181119	0.128184	0.116623
	0.0573632	0.0545349	0.102082	0.0826126	0.0991946	0.116214	0.112132	0.0455678	0.10188	0.0507321	0.071819	0.0969774	0.0555652	0.0509452	0.0921859	0.0634355	0.0577024
	0.0461981	0.0436856	0.083356	0.0674201	0.0823012	0.0945411	0.0909072	0.0357069	0.0832028	0.0414826	0.0577393	0.0788304	0.0445664	0.0404785	0.074529	0.0515957	0.0464625
	0.115876	0.11015	0.199781	0.16598	0.198256	0.223709	0.219323	0.0917996	0.199337	0.102317	0.144934	0.190531	0.112208	0.102851	0.181119	0.128184	0.116623
	0.0470213	0.0449954	0.0785825	0.0662854	0.0788044	0.0892436	0.0865021	0.0367377	0.0784124	0.0418883	0.0566301	0.0761484	0.0447712	0.0419612	0.0723481	0.0512755	0.0457269
	0.0573838	0.0556871	0.0999408	0.082624	0.0987457	0.114727	0.111925	0.0461033	0.101687	0.0509407	0.0715072	0.0960498	0.0551295	0.0511982	0.0922245	0.063106	0.0577399
	0.0470213	0.0449954	0.0785825	0.0662854	0.0788044	0.0892436	0.0865021	0.0367377	0.0784124	0.0418883	0.0566301	0.0761484	0.0447712	0.0419612	0.0723481	0.0512755	0.0457269
	0.129574	0.12499	0.204172	0.175221	0.20756	0.234487	0.22667	0.10485	0.20621	0.116618	0.153641	0.200112	0.123509	0.117767	0.189389	0.140343	0.128203
	0.0403812	0.0388116	0.0700481	0.057152	0.0688234	0.07889	0.0766111	0.0322073	0.0699042	0.0362848	0.0493361	0.0666315	0.038556	0.0351483	0.0635021	0.0437647	0.0393272
	0.129574	0.12499	0.204172	0.175221	0.20756	0.234487	0.22667	0.10485	0.20621	0.116618	0.153641	0.200112	0.123509	0.117767	0.189389	0.140343	0.128203
	0.0461981	0.0436856	0.083356	0.0674201	0.0823012	0.0945411	0.0909072	0.0357069	0.0832028	0.0414826	0.0577393	0.0788304	0.0445664	0.0404785	0.074529	0.0515957	0.0464625
	0.0354744	0.0340639	0.0623943	0.052	0.0613481	0.0705318	0.068438	0.02805	0.0622647	0.0317353	0.0448195	0.059341	0.0349736	0.0318896	0.0564551	0.0397615	0.0356904
	0.0354744	0.0340639	0.0623943	0.052	0.0613481	0.0705318	0.068438	0.02805	0.0622647	0.0317353	0.0448195	0.059341	0.0349736	0.0318896	0.0564551	0.0397615	0.0356904
	0.0354744	0.0340639	0.0623943	0.052	0.0613481	0.0705318	0.068438	0.02805	0.0622647	0.0317353	0.0448195	0.059341	0.0349736	0.0318896	0.0564551	0.0397615	0.0356904
	0.0441132	0.0411692	0.0760136	0.062742	0.074736	0.085057	0.0827222	0.034473	0.0758569	0.0386182	0.0532744	0.0724873	0.042246	0.0387435	0.0692793	0.0475672	0.0430285
	0.115876	0.11015	0.199781	0.16598	0.198256	0.223709	0.219323	0.0917996	0.199337	0.102317	0.144934	0.190531	0.112208	0.102851	0.181119	0.128184	0.116623
loop 30
	0.11587	0.110144	0.199808	0.16597	0.198256	0.22374	0.219339	0.0917996	0.199364	0.102312	0.144918	0.190531	0.112202	0.102851	0.181119	0.128177	0.116618
	0.0582433	0.0540624	0.102149	0.083034	0.0993024	0.116022	0.112013	0.0453152	0.101955	0.0503518	0.0724378	0.0971338	0.0550768	0.0505599	0.0924405	0.0627546	0.057166
	0.0428728	0.0402712	0.0753239	0.0620217	0.0742638	0.0866377	0.0829697	0.0331918	0.0766422	0.0379754	0.0534656	0.07221	0.0411821	0.038158	0.0692785	0.0471429	0.0418842
	0.11587	0.110144	0.199808	0.16597	0.198256	0.22374	0.219339	0.0917996	0.199364	0.102312	0.144918	0.190531	0.112202	0.102851	0.181119	0.128177	0.116618
	0.0488679	0.0468438	0.0822121	0.0681165	0.0823942	0.0928668	0.0901237	0.038617	0.0838917	0.043766	0.0601593	0.0797394	0.046635	0.0438319	0.0759367	0.0531083	0.0491767
	0.0573931	0.0556958	0.0999408	0.0826319	0.0987457	0.114727	0.111937	0.0461098	0.101698	0.0509484	0.0715136	0.0960596	0.0551382	0.0512059	0.0922337	0.0631113	0.0577445
	0.0488679	0.0468438	0.0822121	0.0681165	0.0823942	0.0928668	0.0901237	0.038617	0.0838917	0.043766	0.0601593	0.0797394	0.046635	0.0438319	0.0759367	0.0531083	0.0491767
	0.125737	0.121153	0.198197	0.169252	0.199178	0.225985	0.218203	0.10294	0.200267	0.112745	0.147677	0.194127	0.119669	0.113912	0.18342	0.136561	0.124358
	0.0401775	0.03861	0.069718	0.0583142	0.0700142	0.0801085	0.0778297	0.0320343	0.0711034	0.0360996	0.0504656	0.0678213	0.0396473	0.0362199	0.0646771	0.0448765	0.0404197
	0.125737	0.121153	0.198197	0.169252	0.199178	0.225985	0.218203	0.10294	0.200267	0.112745	0.147677	0.194127	0.119669	0.113912	0.18342	0.136561	0.124358
	0.0428728	0.0402712	0.0753239	0.0620217	0.0742638	0.0866377	0.0829697	0.0331918	0.0766422	0.0379754	0.0534656	0.07221	0.0411821	0.038158	0.0692785	0.0471429	0.0418842
	0.0355068	0.0340941	0.0624429	0.0520437	0.0613957	0.0705798	0.0684841	0.0280775	0.0623133	0.0317625	0.0448548	0.0593864	0.033825	0.0307696	0.0564974	0.0397953	0.0357228
	0.0355068	0.0340941	0.0624429	0.0520437	0.0613957	0.0705798	0.0684841	0.0280775	0.0623133	0.0317625	0.0448548	0.0593864	0.033825	0.0307696	0.0564974	0.0397953	0.0357228
	0.0355068	0.0340941	0.0624429	0.0520437	0.0613957	0.0705798	0.0684841	0.0280775	0.0623133	0.0317625	0.0448548	0.0593864	0.033825	0.0307696	0.0564974	0.0397953	0.0357228
	0.0429916	0.0400714	0.0731621	0.0615188	0.0734625	0.0837474	0.0814244	0.0334074	0.0745736	0.0375254	0.0520987	0.0712246	0.0411308	0.0376566	0.0665055	0.0464296	0.0419126
	0.11587	0.110144	0.199808	0.16597	0.198256	0.22374	0.219339	0.0917996	0.199364	0.102312	0.144918	0.190531	0.112202	0.102851	0.181119	0.128177	0.116618
loop 31
	0.115853	0.110128	0.199781	0.16597	0.19823	0.223709	0.219308	0.0917791	0.199337	0.102297	0.144901	0.190506	0.112185	0.102831	0.181107	0.128156	0.1166
	0.0573759	0.053195	0.099648	0.0821803	0.0984756	0.113469	0.109478	0.0444366	0.101111	0.0494798	0.0700783	0.094663	0.0542084	0.0496876	0.0899781	0.0619045	0.0563008
	0.0463419	0.0436552	0.0813936	0.0676006	0.0803171	0.0931559	0.09092	0.0363277	0.0827763	0.0412783	0.0586989	0.0781883	0.0445915	0.0402145	0.07515	0.0507653	0.0466141
	0.115853	0.110128	0.199781	0.16597	0.19823	0.223709	0.219308	0.0917791	0.199337	0.102297	0.144901	0.190506	0.112185	0.102831	0.181107	0.128156	0.1166
	0.0476676	0.0456562	0.0808086	0.068518	0.0810255	0.0914412	0.0887046	0.0374625	0.0824735	0.0425769	0.0588686	0.078368	0.0470179	0.0426555	0.0745734	0.0518881	0.0479664
	0.0573931	0.0557002	0.0999512	0.0826398	0.0987559	0.11474	0.109923	0.0461131	0.101708	0.0509522	0.07152	0.0960694	0.0551426	0.0512098	0.0922429	0.0631167	0.0577491
	0.0476676	0.0456562	0.0808086	0.068518	0.0810255	0.0914412	0.0887046	0.0374625	0.0824735	0.0425769	0.0588686	0.078368	0.0470179	0.0426555	0.0745734	0.0518881	0.0479664
	0.13276	0.126298	0.210146	0.179494	0.211221	0.240101	0.234887	0.106674	0.21217	0.118089	0.156128	0.20626	0.12679	0.119292	0.195675	0.143267	0.129358
	0.0413609	0.0384984	0.0710342	0.058137	0.0698195	0.0798738	0.0776043	0.0319451	0.0708959	0.0359924	0.0503164	0.0676269	0.0395319	0.0361224	0.0644879	0.0447419	0.0403043
	0.13276	0.126298	0.210146	0.179494	0.211221	0.240101	0.234887	0.106674	0.21217	0.118089	0.156128	0.20626	0.12679	0.119292	0.195675	0.143267	0.129358
	0.0463419	0.0436552	0.0813936	0.0676006	0.0803171	0.0931559	0.09092	0.0363277	0.0827763	0.0412783	0.0586989	0.0781883	0.0445915	0.0402145	0.07515	0.0507653	0.0466141
	0.0355284	0.0341143	0.0624753	0.0520687	0.0614274	0.0706182	0.068521	0.028095	0.0623457	0.0317837	0.04488	0.0594166	0.0338452	0.0307871	0.0565327	0.0398206	0.0357444
	0.0355284	0.0341143	0.0624753	0.0520687	0.0614274	0.0706182	0.068521	0.028095	0.0623457	0.0317837	0.04488	0.0594166	0.0338452	0.0307871	0.0565327	0.0398206	0.0357444
	0.0355284	0.0341143	0.0624753	0.0520687	0.0614274	0.0706182	0.068521	0.028095	0.0623457	0.0317837	0.04488	0.0594166	0.0338452	0.0307871	0.0565327	0.0398206	0.0357444
	0.0428401	0.0412461	0.0744833	0.061319	0.0732239	0.0851111	0.0811592	0.033281	0.0743299	0.0386913	0.0533362	0.070996	0.0409847	0.0375153	0.0678038	0.0476386	0.0417658
	0.115853	0.110128	0.199781	0.16597	0.19823	0.223709	0.219308	0.0917791	0.199337	0.102297	0.144901	0.190506	0.112185	0.102831	0.181107	0.128156	0.1166

work load: bzip2.mips swim.mips crafty.mips bzip2.mips vortex.mips gap.mips vortex.mips gcc.mips mesa.mips gcc.mips crafty.mips wupwise.mips wupwise.mips wupwise.mips equake.mips bzip2.mips
