loop 0
	0.0573931	0.0556958	0.0999512	0.0826398	0.0987559
	0.043864	0.0409386	0.0755436	0.0623609	0.0742848
	0.0580214	0.055158	0.101702	0.0842074	0.100525
	0.137581	0.133416	0.22562	0.188976	0.224571
loop 1
	0.0573792	0.0556827	0.0999304	0.082624	0.0987355
	0.0428769	0.0399598	0.0729677	0.0613603	0.0732769
	0.0594099	0.0565325	0.103075	0.0850358	0.101846
	0.142906	0.138656	0.232195	0.197318	0.233478
loop 2
	0.0573931	0.0556958	0.0999512	0.0826398	0.0987559
	0.0428646	0.0412692	0.0745194	0.0613465	0.0732593
	0.0564288	0.0536456	0.100426	0.0812606	0.0975794
	0.103676	0.099741	0.169622	0.144178	0.171163
loop 3
	0.0573931	0.0556958	0.0999512	0.0826398	0.0987559
	0.0427704	0.0411808	0.074375	0.0612225	0.0731179
	0.0569036	0.0541476	0.102194	0.083079	0.09936
	0.111012	0.106902	0.18111	0.152679	0.180384
loop 4
	0.0573792	0.0556871	0.0999304	0.082624	0.0987355
	0.0427827	0.0411961	0.074375	0.0612294	0.0731179
	0.0559936	0.0532365	0.099648	0.0821914	0.0984898
	0.114973	0.108948	0.185287	0.156773	0.186736
loop 5
	0.0573931	0.0556958	0.0999408	0.0826319	0.0987559
	0.0425861	0.0410039	0.0740501	0.0624315	0.074366
	0.0583535	0.0555043	0.103117	0.0852475	0.101909
	0.116705	0.112792	0.191578	0.161428	0.193195
loop 6
	0.0574948	0.0556915	0.0999408	0.0826319	0.0987457
	0.0440203	0.0410885	0.0758016	0.0625797	0.0745375
	0.0576064	0.0547662	0.10077	0.0829479	0.0995705
	0.1017	0.0977516	0.168052	0.140392	0.167435
loop 7
	0.0573885	0.0556958	0.0999408	0.0826319	0.0987457
	0.0439147	0.0409924	0.0756081	0.0624244	0.0743479
	0.0580954	0.055314	0.101911	0.082843	0.10073
	0.104542	0.100537	0.171155	0.143381	0.170522
loop 8
	0.0573931	0.0557002	0.0999512	0.0826398	0.0987559
	0.0437499	0.040831	0.0754145	0.062241	0.0741494
	0.0562112	0.0534262	0.0983765	0.0809578	0.0972034
	0.107542	0.103509	0.177093	0.148871	0.176335
loop 9
	0.0573838	0.0556871	0.0999408	0.082624	0.0987457
	0.0430121	0.0400863	0.0731974	0.0615463	0.0734978
	0.0557696	0.0530171	0.0992736	0.0818717	0.0981074
	0.111963	0.107942	0.183592	0.155304	0.182758
loop 10
	0.0573885	0.0556958	0.0999408	0.0826319	0.0987457
	0.0425779	0.0409924	0.0740411	0.060947	0.0743479
	0.0612639	0.0583872	0.106569	0.0884714	0.105334
	0.107487	0.103697	0.178411	0.149109	0.177906
loop 11
	0.0573977	0.0557002	0.0999512	0.0826398	0.0987559
	0.0430817	0.0401533	0.0732858	0.0601596	0.0720375
	0.0569152	0.0541081	0.0995518	0.0819312	0.0983731
	0.105459	0.101507	0.171606	0.146066	0.173175
loop 12
	0.0573838	0.0556871	0.0999408	0.082624	0.0987457
	0.0426762	0.0410885	0.0741945	0.0610779	0.07295
	0.0581962	0.0540198	0.101985	0.0829104	0.100818
	0.111784	0.107763	0.181215	0.153041	0.182768
loop 13
	0.0573931	0.0556958	0.0999408	0.0826319	0.0987457
	0.0428073	0.0412115	0.0744292	0.0612708	0.0731709
	0.0552141	0.0524461	0.0973566	0.0799388	0.0961926
	0.125616	0.121594	0.206548	0.173377	0.205661
loop 14
	0.0573931	0.0557002	0.0999512	0.0826398	0.0987559
	0.0429998	0.0400752	0.0731621	0.0615257	0.0719078
	0.0589829	0.0561565	0.103444	0.0840902	0.102238
	0.128626	0.122626	0.209822	0.176574	0.211308
loop 15
	0.0573792	0.0556871	0.0999304	0.082624	0.0987355
	0.0430162	0.0400938	0.0731798	0.0600722	0.0719337
	0.058944	0.0546713	0.102298	0.0843853	0.101081
	0.12747	0.121469	0.208747	0.175462	0.207946
loop 16
	0.0575179	0.0557089	0.0999616	0.0826477	0.0987661
	0.0429957	0.041396	0.0747541	0.0615394	0.073489
	0.0572907	0.0545005	0.101199	0.083652	0.100022
	0.105038	0.10112	0.173225	0.145569	0.172626
loop 17
	0.0573931	0.0556958	0.0999512	0.0826398	0.0987559
	0.0440752	0.0411423	0.0743209	0.0626573	0.0746277
	0.0560256	0.0532602	0.0996912	0.0822355	0.0985322
	0.126818	0.122903	0.210867	0.175887	0.210139
loop 18
	0.0573792	0.0556827	0.0999304	0.082624	0.0987355
	0.0431432	0.0402091	0.0733918	0.0602403	0.0721413
	0.0557824	0.0530349	0.0993024	0.0818937	0.0981357
	0.149107	0.142682	0.239884	0.204424	0.241021
loop 19
	0.0573931	0.0556958	0.0999512	0.0826398	0.0987559
	0.0438935	0.0409655	0.0756357	0.0624315	0.074366
	0.0596957	0.0568243	0.106387	0.0867033	0.103439
	0.154131	0.147588	0.245786	0.209967	0.246864
loop 20
	0.0573931	0.0556958	0.0999512	0.0826398	0.0987559
	0.0427377	0.04115	0.0742938	0.0611605	0.0730472
	0.0569664	0.0541496	0.101448	0.0836687	0.100246
	0.135676	0.131078	0.213065	0.183882	0.216457
loop 21
	0.0573792	0.0556871	0.0999304	0.082624	0.0987355
	0.0428442	0.0412461	0.0745375	0.0613465	0.0732681
	0.0571004	0.054318	0.0991728	0.0817945	0.0980224
	0.135757	0.131247	0.216832	0.183236	0.217831
loop 22
	0.0573931	0.0556958	0.0999408	0.0826319	0.0987559
	0.0428564	0.0412653	0.0744923	0.0613259	0.0732328
	0.0562176	0.0534321	0.100051	0.0809686	0.0972174
	0.130349	0.124156	0.211776	0.177523	0.210667
loop 23
	0.0574948	0.0556915	0.0999408	0.0826319	0.0987457
	0.0427868	0.0412	0.0743841	0.0612363	0.0731267
	0.0566805	0.0539225	0.100232	0.0828093	0.0990576
	0.126559	0.122011	0.200801	0.169704	0.201777
loop 24
	0.0573885	0.0556958	0.0999408	0.0826319	0.0987457
	0.0429629	0.0400454	0.0731091	0.0614774	0.0734095
	0.0604286	0.0575545	0.10584	0.0860678	0.104595
	0.128067	0.12348	0.202669	0.173721	0.206068
loop 25
	0.0573931	0.0557002	0.0999512	0.0826398	0.0987559
	0.0419404	0.0403394	0.0736304	0.060442	0.0723662
	0.056704	0.0539183	0.0991553	0.0816067	0.0979832
	0.127094	0.122507	0.19945	0.170548	0.202865
loop 26
	0.0573838	0.0556871	0.0999408	0.082624	0.0987457
	0.0418293	0.0402352	0.073436	0.0602807	0.0721846
	0.0580281	0.0552703	0.101717	0.0842532	0.100554
	0.127931	0.123365	0.202418	0.173516	0.205811
loop 27
	0.0573885	0.0556958	0.0999408	0.0826319	0.0987457
	0.0427786	0.0411885	0.074357	0.0612157	0.0731002
	0.0560384	0.053278	0.09972	0.0806982	0.0985606
	0.12638	0.121827	0.200828	0.171923	0.201749
loop 28
	0.0573977	0.0557002	0.0999512	0.0826398	0.0987559
	0.0427254	0.0411346	0.0742848	0.0626291	0.0745916
	0.0581501	0.0553036	0.102765	0.0849442	0.101563
	0.126321	0.121785	0.20047	0.171697	0.201498
loop 29
	0.0573838	0.0556871	0.0999408	0.082624	0.0987457
	0.0441132	0.0411692	0.0760136	0.062742	0.074736
	0.0573632	0.0545349	0.102082	0.0826126	0.0991946
	0.129574	0.12499	0.204172	0.175221	0.20756
loop 30
	0.0573931	0.0556958	0.0999408	0.0826319	0.0987457
	0.0429916	0.0400714	0.0731621	0.0615188	0.0734625
	0.0582433	0.0540624	0.102149	0.083034	0.0993024
	0.125737	0.121153	0.198197	0.169252	0.199178
loop 31
	0.0573931	0.0557002	0.0999512	0.0826398	0.0987559
	0.0428401	0.0412461	0.0744833	0.061319	0.0732239
	0.0573759	0.053195	0.099648	0.0821803	0.0984756
	0.13276	0.126298	0.210146	0.179494	0.211221
loop 32
	0.0573792	0.0556871	0.0999304	0.082624	0.0987355
	0.0428524	0.0412577	0.0744923	0.0613328	0.0732328
	0.0558592	0.0531001	0.0994176	0.0804386	0.098249
	0.108432	0.104404	0.175728	0.149687	0.177101
loop 33
	0.0575179	0.0557089	0.0999616	0.0826477	0.0987661
	0.0426107	0.0410232	0.0741314	0.0624879	0.0744382
	0.0612363	0.0569117	0.106493	0.0884131	0.10526
	0.10885	0.103396	0.179928	0.15129	0.17942
loop 34
	0.0573931	0.0556958	0.0999512	0.0826398	0.0987559
	0.0426803	0.0410924	0.0742306	0.0610985	0.0745375
	0.0568704	0.0540725	0.0994952	0.0818771	0.0983174
	0.094539	0.0894052	0.158197	0.131151	0.157926
loop 35
	0.0573792	0.0556827	0.0999304	0.082624	0.0987355
	0.0427008	0.0411116	0.0742667	0.061133	0.0730119
	0.0582164	0.0540381	0.102015	0.0829442	0.100847
	0.137271	0.130758	0.217321	0.18645	0.218359
loop 36
	0.0573931	0.0556958	0.0999512	0.0826398	0.0987559
	0.0428483	0.0399338	0.0745014	0.0613259	0.0732416
	0.0563584	0.0535863	0.098603	0.0811633	0.0974541
	0.128306	0.124038	0.208005	0.175846	0.209243
loop 37
	0.0573931	0.0556958	0.0999512	0.0826398	0.0987559
	0.0427459	0.0411539	0.0743209	0.0611812	0.0730649
	0.0586535	0.0558382	0.102893	0.0852149	0.101696
	0.132259	0.128032	0.214162	0.181939	0.215428
loop 38
	0.0573792	0.0556871	0.0999304	0.082624	0.0987355
	0.0428933	0.0412999	0.0745646	0.0613879	0.0733123
	0.0590621	0.0547662	0.102499	0.0845507	0.101279
	0.125843	0.121421	0.200898	0.170323	0.201983
loop 39
	0.0573931	0.0556958	0.0999408	0.0826319	0.0987559
	0.0429179	0.0400007	0.0745916	0.0614085	0.07333
	0.0573628	0.0545674	0.101316	0.0821693	0.100138
	0.12376	0.119301	0.196891	0.168528	0.197962
loop 40
	0.0574948	0.0556915	0.0999408	0.0826319	0.0987457
	0.0447579	0.0418293	0.0780133	0.0632549	0.0767398
	0.0571988	0.0544335	0.0993168	0.0819157	0.0981641
	0.123643	0.119189	0.196864	0.168461	0.19788
loop 41
	0.0573885	0.0556958	0.0999408	0.0826319	0.0987457
	0.0430653	0.0401347	0.0732769	0.0616221	0.0735862
	0.0571004	0.0529519	0.0991872	0.0817834	0.0980224
	0.1245	0.118536	0.203234	0.172326	0.204704
loop 42
	0.0573931	0.0557002	0.0999512	0.0826398	0.0987559
	0.0439358	0.0410078	0.0756634	0.0624668	0.0744021
	0.0596755	0.0568056	0.10462	0.0866804	0.103409
	0.116266	0.110555	0.192414	0.160398	0.191734
loop 43
	0.0573838	0.0556871	0.0999408	0.082624	0.0987457
	0.0427172	0.0411308	0.0742848	0.0611468	0.0730295
	0.0570944	0.05428	0.10165	0.0838451	0.100444
	0.113587	0.109635	0.186577	0.156362	0.185797
loop 44
	0.0573885	0.0556958	0.0999408	0.0826319	0.0987457
	0.04275	0.0411577	0.0743118	0.0611812	0.0730649
	0.0571332	0.0529638	0.0992448	0.0818496	0.0980791
	0.117386	0.111589	0.192347	0.162107	0.191587
loop 45
	0.0573977	0.0557002	0.0999512	0.0826398	0.0987559
	0.0430531	0.0401273	0.0732593	0.0601327	0.0720029
	0.0561472	0.0533669	0.0999504	0.080882	0.098773
	0.0840215	0.079221	0.14247	0.118729	0.14051
loop 46
	0.0573838	0.0556871	0.0999408	0.082624	0.0987457
	0.0429588	0.0400417	0.0731002	0.0614705	0.0734095
	0.0567461	0.0539894	0.100335	0.0828992	0.0991584
	0.0832183	0.0799656	0.141842	0.118013	0.141753
loop 47
	0.0573931	0.0556958	0.0999408	0.0826319	0.0987457
	0.0430653	0.0401421	0.0732504	0.0601327	0.0720029
	0.0591868	0.0563135	0.104449	0.0863599	0.103219
	0.0838561	0.0806414	0.142222	0.118499	0.142132
loop 48
	0.0573931	0.0557002	0.0999512	0.0826398	0.0987559
	0.0428237	0.0412346	0.0744292	0.0612777	0.0731709
	0.0567936	0.0540013	0.0993111	0.0817365	0.0981364
	0.0890274	0.0856195	0.149991	0.125206	0.14976
loop 49
	0.0573792	0.0556871	0.0999304	0.082624	0.0987355
	0.0428974	0.0399859	0.073003	0.0613879	0.0733035
	0.0581693	0.0554014	0.101941	0.0844478	0.100774
	0.11318	0.107924	0.192374	0.160155	0.192054
loop 50
	0.0575179	0.0557089	0.0999616	0.0826477	0.0987661
	0.0438175	0.0408963	0.0754883	0.0623115	0.0742306
	0.0562816	0.0535152	0.0984473	0.0810227	0.097287
	0.191651	0.181648	0.327632	0.27104	0.327201
loop 51
	0.0573931	0.0556958	0.0999512	0.0826398	0.0987559
	0.043847	0.0409271	0.0754975	0.0623327	0.0742397
	0.0595208	0.0552366	0.102663	0.0848543	0.101448
	0.14086	0.135573	0.244368	0.201704	0.241928
loop 52
	0.0573792	0.0556827	0.0999304	0.082624	0.0987355
	0.0429261	0.0413345	0.0746187	0.0614292	0.0733565
	0.0587078	0.0544519	0.101938	0.0840767	0.100727
	0.096623	0.0917807	0.167374	0.139143	0.165578
loop 53
	0.0573931	0.0556958	0.0999512	0.0826398	0.0987559
	0.0427213	0.0411346	0.0742848	0.0611468	0.0745916
	0.0580819	0.0553015	0.101866	0.0843791	0.100701
	0.147842	0.138895	0.255822	0.211612	0.253574
loop 54
	0.0573931	0.0556958	0.0999512	0.0826398	0.0987559
	0.0428933	0.0399747	0.0729942	0.0613741	0.0732946
	0.056192	0.0534084	0.0983481	0.0809253	0.0971756
	0.179445	0.171312	0.300392	0.250838	0.30201
loop 55
	0.0573792	0.0556871	0.0999304	0.082624	0.0987355
	0.0427745	0.0411846	0.074366	0.0612225	0.0731091
	0.0557248	0.0529756	0.0992016	0.0818055	0.0980366
	0.144236	0.138165	0.238455	0.199579	0.239985
loop 56
	0.0573931	0.0556958	0.0999408	0.0826319	0.0987559
	0.0426967	0.0411116	0.0742216	0.0611054	0.0729677
	0.0612225	0.0568992	0.106448	0.0883781	0.105215
	0.146572	0.140469	0.242908	0.204014	0.241967
loop 57
	0.0574948	0.0556915	0.0999408	0.0826319	0.0987457
	0.0408809	0.0392832	0.07247	0.059318	0.0712161
	0.0569792	0.0541673	0.0996934	0.0820394	0.0985123
	0.126374	0.120758	0.2124	0.178269	0.21199
loop 58
	0.0573885	0.0556958	0.0999408	0.0826319	0.0987457
	0.0419047	0.0403096	0.071977	0.0603748	0.0722883
	0.0570807	0.0542997	0.100774	0.0817504	0.0996192
	0.0953473	0.090081	0.16096	0.133097	0.16089
loop 59
	0.0573931	0.0557002	0.0999512	0.0826398	0.0987559
	0.0417658	0.0401756	0.0733035	0.0601798	0.0720548
	0.05616	0.0533906	0.0999648	0.0809037	0.0971477
	0.0757089	0.0724216	0.13305	0.108445	0.131505
loop 60
	0.0573838	0.0556871	0.0999408	0.082624	0.0987457
	0.0418531	0.0402612	0.073436	0.0602941	0.0721846
	0.0584047	0.0556011	0.102461	0.0848485	0.101272
	0.0876953	0.0828345	0.153292	0.126969	0.151722
loop 61
	0.0573885	0.0556958	0.0999408	0.0826319	0.0987457
	0.0427377	0.0411423	0.0743299	0.0611812	0.0730737
	0.059154	0.054861	0.102658	0.084683	0.101435
	0.105297	0.100194	0.182032	0.150139	0.180078
loop 62
	0.0573977	0.0557002	0.0999512	0.0826398	0.0987559
	0.042922	0.0400045	0.0730295	0.0614154	0.0733388
	0.0574612	0.0546769	0.101491	0.0823127	0.0986455
	0.131606	0.126039	0.222399	0.185855	0.22222
loop 63
	0.0573838	0.0556871	0.0999408	0.082624	0.0987457
	0.0430653	0.040131	0.0732858	0.061629	0.0735862
	0.0572513	0.0544822	0.0994032	0.0819819	0.098249
	0.124846	0.119287	0.210834	0.176753	0.210602
loop 64
	0.0573931	0.0556958	0.0999408	0.0826319	0.0987457
	0.0417975	0.0402054	0.0733653	0.0602269	0.0721154
	0.0571135	0.0543484	0.0992016	0.0818055	0.0980366
	0.126089	0.118595	0.211885	0.175704	0.211717
loop 65
	0.0573931	0.0557002	0.0999512	0.0826398	0.0987559
	0.0421111	0.0391896	0.0723056	0.0591802	0.0710553
	0.059615	0.0567494	0.104501	0.0865888	0.103292
	0.117204	0.111716	0.19747	0.164139	0.197347
loop 66
	0.0573792	0.0556871	0.0999304	0.082624	0.0987355
	0.0421071	0.0391896	0.0722797	0.0591671	0.0710384
	0.0575168	0.0546832	0.100628	0.0828289	0.0994313
	0.114492	0.110729	0.192415	0.160582	0.192187
loop 67
	0.0575041	0.0557089	0.0999616	0.0826477	0.0987661
	0.0420039	0.0390924	0.0721413	0.0590424	0.0708945
	0.057166	0.0529993	0.0993024	0.0819047	0.0981357
	0.143044	0.135409	0.24192	0.202397	0.24164
loop 68
	0.0573931	0.0556958	0.0999512	0.0826398	0.0987559
	0.0420158	0.0391032	0.07215	0.0590556	0.0709029
	0.0562048	0.0534203	0.100037	0.0809469	0.0972034
	0.126671	0.119149	0.212856	0.176543	0.212689
loop 69
	0.0573792	0.0556827	0.0999304	0.082624	0.0987355
	0.0430121	0.0400901	0.0731621	0.0600588	0.0719164
	0.0568445	0.0540868	0.100496	0.083034	0.0993168
	0.119256	0.11376	0.202197	0.168575	0.199826
loop 70
	0.0573931	0.0556958	0.0999512	0.0826398	0.0987559
	0.0418094	0.0402166	0.0733653	0.0602336	0.072124
	0.0603479	0.0574796	0.105676	0.0859329	0.104449
	0.106858	0.103312	0.181945	0.151258	0.18189
loop 71
	0.0573931	0.0556958	0.0999512	0.0826398	0.0987559
	0.0428114	0.0412154	0.0744833	0.0612983	0.0732151
	0.056768	0.0539776	0.0992828	0.0817041	0.0980946
	0.126528	0.119356	0.218291	0.180804	0.216164
loop 72
	0.0573792	0.0556871	0.0999304	0.082624	0.0987355
	0.0418452	0.0402538	0.0734183	0.0602739	0.0721673
	0.0581088	0.0553389	0.101851	0.0843677	0.100686
	0.0920116	0.0872167	0.160934	0.132772	0.15943
loop 73
	0.0573931	0.0556958	0.0999408	0.0826319	0.0987559
	0.0428483	0.0399412	0.0744563	0.0613052	0.0732063
	0.0550955	0.0523306	0.0971477	0.0797691	0.0959873
	0.128084	0.122765	0.222753	0.182666	0.220535
loop 74
	0.0574948	0.0556915	0.0999408	0.0826319	0.0987457
	0.0427663	0.0411808	0.0743209	0.0611881	0.0730737
	0.0591645	0.056325	0.103801	0.0859705	0.102589
	0.122721	0.117137	0.2066	0.172593	0.20644
loop 75
	0.0573885	0.0556958	0.0999408	0.0826319	0.0987457
	0.0431309	0.0402017	0.0733653	0.0602269	0.0721154
	0.058721	0.054446	0.101952	0.0840877	0.100741
	0.11675	0.111197	0.197944	0.16421	0.197733
loop 76
	0.0573931	0.0557002	0.0999512	0.0826398	0.0987559
	0.0428524	0.0412577	0.0744833	0.061319	0.0732328
	0.0581693	0.0553826	0.102015	0.0844822	0.100833
	0.0953038	0.091736	0.159675	0.133647	0.15963
loop 77
	0.0573838	0.0556871	0.0999408	0.082624	0.0987457
	0.0419404	0.0403468	0.0720202	0.0604084	0.0723229
	0.0561472	0.0533729	0.0999216	0.0808604	0.0970921
	0.126206	0.120548	0.212954	0.176418	0.212755
loop 78
	0.0573885	0.0556958	0.0999408	0.0826319	0.0987457
	0.041734	0.0401459	0.0732593	0.0601395	0.0720116
	0.0558272	0.0530764	0.0993744	0.0819599	0.0982207
	0.115976	0.112339	0.196612	0.16522	0.1964
loop 79
	0.0573977	0.0557002	0.0999512	0.0826398	0.0987559
	0.0420873	0.0391716	0.072271	0.059154	0.0710214
	0.0597898	0.0569242	0.106493	0.0867949	0.105275
	0.104118	0.0987668	0.17678	0.146333	0.174604
loop 80
	0.0573838	0.0556871	0.0999408	0.082624	0.0987457
	0.0419722	0.0403728	0.0720808	0.0604555	0.0708352
	0.0568704	0.0540666	0.101218	0.0834813	0.100019
	0.0695489	0.0664339	0.122103	0.100589	0.120564
loop 81
	0.0573931	0.0556958	0.0999408	0.0826319	0.0987457
	0.042754	0.0411577	0.074375	0.0612157	0.0731179
	0.0571857	0.0530112	0.0993024	0.0819047	0.0981499
	0.0541575	0.0511298	0.0946376	0.0776337	0.0932426
loop 82
	0.0573931	0.0557002	0.0999512	0.0826398	0.0987559
	0.0429629	0.0400491	0.0730826	0.0599915	0.0718386
	0.056256	0.0534855	0.0984756	0.0810335	0.0973009
	0.0925549	0.0874124	0.156985	0.129678	0.155025
loop 83
	0.0573792	0.0556871	0.0999304	0.082624	0.0987355
	0.0429957	0.0400789	0.0731179	0.0600251	0.0718732
	0.0583105	0.0555137	0.102298	0.0831464	0.101111
	0.109068	0.10375	0.185076	0.154728	0.18496
loop 84
	0.0575041	0.0557089	0.0999616	0.0826477	0.0987661
	0.0417459	0.040157	0.0732681	0.0601462	0.0720202
	0.0593311	0.0550211	0.102931	0.0849145	0.101718
	0.108077	0.104647	0.185446	0.153268	0.185359
loop 85
	0.0573931	0.0556958	0.0999512	0.0826398	0.0987559
	0.0418174	0.040224	0.0733741	0.0602403	0.0721327
	0.0574284	0.0546404	0.101462	0.0822796	0.100267
	0.10342	0.0999631	0.176527	0.146611	0.1765
loop 86
	0.0573792	0.0556827	0.0999304	0.082624	0.0987355
	0.041865	0.0402687	0.0734713	0.0603143	0.0722191
	0.0570938	0.0543301	0.100818	0.0833374	0.099648
	0.10624	0.100977	0.179661	0.149626	0.179577
loop 87
	0.0573931	0.0556958	0.0999512	0.0826398	0.0987559
	0.0429711	0.0400528	0.0731002	0.0614774	0.0734095
	0.0571201	0.0543545	0.100847	0.0817945	0.0980224
	0.107157	0.101858	0.180972	0.150787	0.178783
loop 88
	0.0573931	0.0556958	0.0999512	0.0826398	0.0987559
	0.0430244	0.0401012	0.0731974	0.0600789	0.0719424
	0.059736	0.056868	0.104724	0.0851464	0.103497
	0.0924556	0.088975	0.157464	0.12989	0.155407
loop 89
	0.0573792	0.0556871	0.0999304	0.082624	0.0987355
	0.0420396	0.0391248	0.0722019	0.0590949	0.0709537
	0.0572544	0.0544401	0.101894	0.082472	0.0990136
	0.104566	0.101008	0.179262	0.14871	0.177003
loop 90
	0.0573931	0.0556958	0.0999408	0.0826319	0.0987559
	0.0420516	0.0391356	0.0722105	0.0591015	0.0709706
	0.0569954	0.0542206	0.100701	0.0816732	0.0995328
	0.0969133	0.0918162	0.165025	0.137701	0.163051
loop 91
	0.0574948	0.0556915	0.0999408	0.0826319	0.0987457
	0.042795	0.0412	0.0744382	0.0612708	0.0731709
	0.056224	0.0534381	0.0983906	0.0809686	0.0972313
	0.0908478	0.0876312	0.158184	0.131823	0.156403
loop 92
	0.0573885	0.0556958	0.0999408	0.0826319	0.0987457
	0.0428483	0.0399375	0.0744653	0.0613121	0.0732151
	0.055904	0.0531476	0.0978383	0.0805035	0.0966743
	0.0945818	0.0897895	0.166513	0.136547	0.164754
loop 93
	0.0573931	0.0557002	0.0999512	0.0826398	0.0987559
	0.0418015	0.0402054	0.0733918	0.060247	0.0721413
	0.0613328	0.0584576	0.106675	0.0885648	0.105438
	0.0558632	0.0530006	0.0993477	0.0813286	0.0980817
loop 94
	0.0573838	0.0556871	0.0999408	0.082624	0.0987457
	0.042967	0.0400491	0.0731002	0.060005	0.0718559
	0.0567872	0.0539895	0.0993253	0.0817473	0.0981503
	0.0585526	0.0542997	0.101857	0.0839104	0.10057
loop 95
	0.0573885	0.0556958	0.0999408	0.0826319	0.0987457
	0.0430244	0.0401012	0.0731974	0.0600789	0.0719424
	0.058129	0.0553577	0.101881	0.0843906	0.100715
	0.056672	0.052423	0.0983591	0.0804905	0.0970824
loop 96
	0.0573977	0.0557002	0.0999512	0.0826398	0.0987559
	0.0429588	0.0400417	0.0730826	0.0614637	0.0733918
	0.0550955	0.0523306	0.0971756	0.0797903	0.0960146
	0.0838782	0.0808703	0.147514	0.120777	0.145908
loop 97
	0.0573838	0.0556871	0.0999408	0.082624	0.0987457
	0.0419047	0.0403059	0.071977	0.0603681	0.0722797
	0.0589628	0.0561316	0.103444	0.0856729	0.102238
	0.0792993	0.074796	0.138157	0.113829	0.136615
loop 98
	0.0573931	0.0556958	0.0999408	0.0826319	0.0987457
	0.0426516	0.0410693	0.0741584	0.0610503	0.0729147
	0.0587275	0.0558937	0.101966	0.0840987	0.100756
	0.074771	0.0715742	0.130218	0.108204	0.128583
loop 99
	0.0573931	0.0557002	0.0999512	0.0826398	0.0987559
	0.042795	0.0412077	0.0744021	0.0612432	0.0731444
	0.0571726	0.054391	0.101008	0.0834835	0.0998352
	0.0645554	0.061491	0.114037	0.0931579	0.112578
loop 100
	0.0573792	0.0556871	0.0999304	0.082624	0.0987355
	0.0428073	0.0412154	0.0744292	0.0612708	0.0731709
	0.0559232	0.0531594	0.0995616	0.0821142	0.0983906
	0.0788296	0.074081	0.135038	0.111609	0.133362
loop 101
	0.0575087	0.0557089	0.0999616	0.0826477	0.0987661
	0.042836	0.0412423	0.0745284	0.0613397	0.0732593
	0.0558592	0.0531001	0.099432	0.0820039	0.0982632
	0.0842036	0.08101	0.144506	0.120713	0.144684
loop 102
	0.0573931	0.0556958	0.0999512	0.0826398	0.0987559
	0.0420873	0.039168	0.0722883	0.0591605	0.0710384
	0.0598033	0.0569304	0.106538	0.0868292	0.1036
	0.093172	0.0882477	0.159303	0.132718	0.15746
loop 103
	0.0573792	0.0556827	0.0999304	0.082624	0.0987355
	0.0419484	0.0403542	0.0720548	0.0604353	0.0708183
	0.056864	0.0540547	0.101246	0.0835033	0.100047
	0.0775619	0.0744333	0.135688	0.112137	0.134084
loop 104
	0.0573931	0.0556958	0.0999512	0.0826398	0.0987559
	0.0420436	0.0391284	0.0721932	0.0590949	0.0709537
	0.0571529	0.0543666	0.0992448	0.0818606	0.0980932
	0.0935814	0.0887756	0.162048	0.134038	0.160332
loop 105
	0.0573931	0.0556958	0.0999512	0.0826398	0.0987559
	0.0420198	0.0391068	0.0721586	0.0590556	0.0709114
	0.0561536	0.0533788	0.0999648	0.0808929	0.0987871
	0.101678	0.0969639	0.180621	0.146826	0.17885
loop 106
	0.0573792	0.0556871	0.0999304	0.082624	0.0987355
	0.041865	0.0402724	0.0719078	0.0603143	0.0722105
	0.0580079	0.0552266	0.101807	0.084299	0.100613
	0.0915574	0.0869208	0.161779	0.132571	0.160167
loop 107
	0.0573931	0.0556958	0.0999408	0.0826319	0.0987559
	0.0419007	0.0403059	0.0719856	0.0603748	0.0722883
	0.0593967	0.0565204	0.103061	0.0850138	0.101832
	0.0968335	0.0904959	0.167641	0.13819	0.165997
loop 108
	0.0574948	0.0556915	0.0999408	0.0826319	0.0987457
	0.0430326	0.0401124	0.0731798	0.0600789	0.0719337
	0.0564288	0.0536456	0.100426	0.0812606	0.0975794
	0.0954296	0.0906532	0.165201	0.137339	0.163366
loop 109
	0.0573885	0.0556958	0.0999408	0.0826319	0.0987457
	0.0428237	0.0399114	0.0744111	0.0612639	0.0731621
	0.0569429	0.0541841	0.100569	0.0831239	0.0994032
	0.0729935	0.0696652	0.12371	0.103393	0.123676
loop 110
	0.0573931	0.0557002	0.0999512	0.0826398	0.0987559
	0.0417539	0.0401645	0.0732681	0.0601462	0.0720202
	0.0559616	0.0532068	0.0995904	0.0821362	0.0984189
	0.0981978	0.0931216	0.167252	0.138205	0.165075
loop 111
	0.0573838	0.0556871	0.0999408	0.082624	0.0987457
	0.0418094	0.0402166	0.0733741	0.0602336	0.072124
	0.0597091	0.0554131	0.102999	0.0851352	0.101779
	0.143472	0.137808	0.241938	0.20243	0.241402
loop 112
	0.0573885	0.0556958	0.0999408	0.0826319	0.0987457
	0.0428564	0.0412615	0.0745465	0.0613534	0.0732769
	0.057504	0.0546713	0.100614	0.0828181	0.0994174
	0.134965	0.127449	0.225251	0.188822	0.2248
loop 113
	0.0573977	0.0557002	0.0999512	0.0826398	0.0987559
	0.0418769	0.0402835	0.0735067	0.0603412	0.0722537
	0.0582029	0.0540198	0.102074	0.0829779	0.0992448
	0.100367	0.095061	0.168282	0.140238	0.168207
loop 114
	0.0573838	0.0556871	0.0999408	0.082624	0.0987457
	0.0419365	0.0390276	0.0720202	0.0604084	0.0707844
	0.0562368	0.0534499	0.0984048	0.0809794	0.0972452
	0.08801	0.0848221	0.154796	0.128034	0.153273
loop 115
	0.0573931	0.0556958	0.0999408	0.0826319	0.0987457
	0.0409386	0.0393408	0.0710045	0.0593967	0.0713092
	0.0557248	0.0529756	0.099216	0.0818165	0.0980508
	0.118516	0.113407	0.205912	0.171503	0.206115
loop 116
	0.0573931	0.0557002	0.0999512	0.0826398	0.0987559
	0.0420476	0.039132	0.0722105	0.0605698	0.0709706
	0.0612501	0.0583744	0.106538	0.0884481	0.105304
	0.122438	0.116777	0.205142	0.172976	0.20486
loop 117
	0.0573792	0.0556871	0.0999304	0.082624	0.0987355
	0.0428073	0.0412115	0.0744292	0.0612708	0.0731709
	0.0568064	0.0540132	0.0993819	0.0817798	0.098192
	0.119682	0.113968	0.200644	0.16618	0.198065
loop 118
	0.0575087	0.0557089	0.0999616	0.0826477	0.0987661
	0.0426353	0.0410462	0.0741674	0.0625232	0.0744743
	0.0581088	0.0553327	0.101851	0.0843677	0.100686
	0.119292	0.11367	0.201421	0.167334	0.198944
loop 119
	0.0573931	0.0556958	0.0999512	0.0826398	0.0987559
	0.0418491	0.0402538	0.0734713	0.0603076	0.0722105
	0.0552578	0.0524923	0.0974262	0.0800131	0.0962747
	0.129517	0.122361	0.223196	0.183515	0.221
loop 120
	0.0573792	0.0556827	0.0999304	0.082624	0.0987355
	0.0417856	0.0401905	0.0733741	0.0602201	0.0721154
	0.0590031	0.0561815	0.103459	0.0841127	0.102267
	0.116688	0.109748	0.202014	0.167689	0.200128
loop 121
	0.0573931	0.0556958	0.0999512	0.0826398	0.0987559
	0.0427295	0.0411385	0.0743028	0.0611674	0.0730472
	0.0589047	0.0546239	0.102254	0.0843412	0.101039
	0.122516	0.116864	0.204923	0.172876	0.204735
loop 122
	0.0573931	0.0556958	0.0999512	0.0826398	0.0987559
	0.0427663	0.0411731	0.0744202	0.0612501	0.074718
	0.0572447	0.0544579	0.101125	0.0835846	0.0999504
	0.105932	0.100613	0.178428	0.150065	0.178347
loop 123
	0.0573792	0.0556871	0.0999304	0.082624	0.0987355
	0.0439527	0.0410232	0.0756818	0.0624809	0.0744202
	0.0559872	0.0532306	0.099648	0.0821914	0.0984898
	0.0686909	0.0656543	0.119749	0.0988569	0.118283
loop 124
	0.0573931	0.0556958	0.0999408	0.0826319	0.0987559
	0.0428237	0.0412307	0.0744743	0.0613052	0.0747811
	0.055808	0.0530527	0.09936	0.0819378	0.0981924
	0.0932304	0.0882802	0.159449	0.132851	0.159668
loop 125
	0.0574948	0.0556915	0.0999408	0.0826319	0.0987457
	0.0428769	0.0412807	0.0745646	0.061381	0.0733035
	0.0597091	0.0568368	0.106387	0.0867147	0.103453
	0.098494	0.094958	0.166258	0.1383	0.166134
loop 126
	0.0573885	0.0556958	0.0999408	0.0826319	0.0987457
	0.0429629	0.0413653	0.0746999	0.0614912	0.073436
	0.0583339	0.0541021	0.101333	0.0835695	0.100132
	0.112637	0.10719	0.188139	0.157258	0.187995
loop 127
	0.0573931	0.0557002	0.0999512	0.0826398	0.0987559
	0.0430244	0.0401012	0.0732063	0.0600924	0.0719597
	0.0571201	0.0543362	0.099216	0.0818275	0.0980508
	0.0938543	0.0886109	0.156916	0.131348	0.156916

work load: gap.mips equake.mips swim.mips gcc.mips
