loop 0
	0.0422923	0.058732	0.0487638	0.0585014	0.308587	0.0467215	0.0465402	0.0439881
	0.0230176	0.0304759	0.0256304	0.0333357	0.594891	0.0252388	0.0300975	0.0222384
	0.0342232	0.0474222	0.0380786	0.0482861	0.616974	0.0373644	0.03839	0.0341892
	0.0882967	0.149954	0.131988	0.119777	1.06209	0.09795	0.116944	0.119999
	0.0312994	0.0468735	0.0363303	0.0441917	0.644706	0.0347726	0.0424524	0.03124
	0.0325508	0.0473451	0.0373932	0.0460042	0.63057	0.0503989	0.0426091	0.0313745
	0.0325017	0.0452631	0.0358308	0.0443963	0.615019	0.038286	0.0394813	0.031522
	0.0303325	0.0450629	0.0362198	0.0435687	0.625094	0.0377176	0.0402933	0.0305045
loop 1
	0.0441301	0.0612102	0.0506092	0.0608712	0.331737	0.0487354	0.0483924	0.0455788
	0.0230368	0.0305461	0.0256527	0.033324	0.594681	0.025261	0.03013	0.0222624
	0.032528	0.0457903	0.0364807	0.0466091	0.614351	0.0368986	0.0366084	0.0325369
	0.0883236	0.14999	0.132027	0.119808	1.06209	0.0979814	0.116979	0.12002
	0.0314219	0.0456397	0.0364505	0.0443474	0.644266	0.0349243	0.0426032	0.0313675
	0.0315839	0.0476475	0.0376632	0.0450336	0.630132	0.0487903	0.0427148	0.0316638
	0.0330723	0.0458628	0.037552	0.0462159	0.61809	0.0401467	0.0413515	0.0332667
	0.030305	0.0450581	0.036178	0.04356	0.624875	0.0376039	0.0402377	0.0304941
loop 2
	0.0419021	0.0582826	0.0483873	0.0581559	0.315139	0.0463626	0.0460722	0.0435388
	0.0229088	0.0302496	0.025517	0.0332395	0.59531	0.0251205	0.029985	0.0221248
	0.031826	0.0451119	0.0357624	0.0459228	0.615011	0.0350015	0.035903	0.0318106
	0.0883197	0.149981	0.132003	0.119871	1.06209	0.0979769	0.116967	0.120013
	0.0316596	0.0459359	0.0354368	0.0446628	0.644486	0.0338973	0.0414537	0.0303606
	0.0328239	0.0477282	0.0376416	0.0463648	0.631008	0.0501724	0.0428669	0.0316476
	0.0315395	0.0442274	0.0348448	0.0432806	0.611085	0.0371945	0.0385231	0.0306181
	0.0302975	0.0450057	0.0361571	0.0435556	0.625314	0.0377436	0.0401544	0.0304525
loop 3
	0.0424148	0.0602034	0.0488843	0.0586116	0.30807	0.0468489	0.0466725	0.0440436
	0.0227184	0.0311447	0.0264563	0.0342914	0.598334	0.0249171	0.0309831	0.0230583
	0.0324492	0.0469538	0.0376174	0.0464579	0.614131	0.0367977	0.0365724	0.0324643
	0.0883197	0.149972	0.131988	0.119796	1.06209	0.0979769	0.116973	0.12002
	0.0315347	0.0457743	0.0365772	0.0445112	0.644486	0.0350535	0.0426826	0.03147
	0.0327508	0.047577	0.0375984	0.0463094	0.63057	0.0516549	0.0426598	0.0315584
	0.0331449	0.0459924	0.0376674	0.046347	0.61765	0.0389031	0.0402558	0.0322193
	0.0303125	0.0450105	0.0362268	0.0435687	0.625314	0.0377566	0.0401822	0.0304551
loop 4
	0.0416031	0.0580356	0.0480836	0.0577659	0.318562	0.0460436	0.0444875	0.0432111
	0.0229776	0.030286	0.0255919	0.0333678	0.59552	0.0251945	0.030065	0.0221888
	0.0341479	0.0486056	0.0380349	0.0482648	0.617195	0.03849	0.0382709	0.0341048
	0.0883005	0.149944	0.13198	0.119846	1.06209	0.0979545	0.11695	0.119999
	0.0316428	0.0459045	0.0354305	0.0446177	0.644486	0.0338784	0.0414652	0.0303246
	0.0327644	0.0476173	0.0376488	0.0463186	0.630789	0.0502813	0.0428077	0.0315908
	0.0332871	0.046148	0.0378326	0.0465436	0.61875	0.0390891	0.0404121	0.032313
	0.0304625	0.0451867	0.0351303	0.0437386	0.625094	0.0379256	0.040333	0.0306138
loop 5
	0.0434203	0.0603721	0.0499411	0.0600101	0.313842	0.0492959	0.0476868	0.0449915
	0.0229504	0.0302938	0.0255596	0.0333036	0.59531	0.0251649	0.030035	0.0221744
	0.0323968	0.0468579	0.0375174	0.0464327	0.614571	0.0367872	0.0377458	0.0323887
	0.0882928	0.149935	0.131964	0.119771	1.06209	0.0979455	0.116944	0.119993
	0.0315924	0.0458192	0.0366325	0.0445727	0.644486	0.033827	0.0427144	0.0302742
	0.0326075	0.0473451	0.0374364	0.0461198	0.630351	0.0514709	0.0424908	0.0314313
	0.0331449	0.0472629	0.0376866	0.0463671	0.61875	0.0403774	0.0415432	0.0333827
	0.0305975	0.0440667	0.0353355	0.0426007	0.624875	0.0368794	0.0403608	0.0295375
loop 6
	0.0425615	0.0606105	0.0490481	0.0590233	0.331456	0.0471244	0.0467006	0.0441134
	0.0228976	0.0313583	0.0255028	0.0332599	0.59552	0.0251076	0.0299725	0.0221184
	0.0335412	0.0467886	0.0374444	0.0463217	0.617416	0.0366584	0.0376826	0.0335238
	0.0883044	0.149944	0.131972	0.119846	1.06209	0.097959	0.11695	0.119999
	0.0315251	0.0457654	0.036548	0.0444908	0.644486	0.0350451	0.0426707	0.03146
	0.0326697	0.0474963	0.0375156	0.046166	0.631884	0.0515158	0.0427655	0.0326968
	0.0339441	0.0467247	0.0384398	0.0471381	0.61765	0.0398238	0.0411598	0.032997
	0.0305225	0.04522	0.0363695	0.0439085	0.629968	0.0378833	0.0414065	0.0306892
loop 7
	0.0423598	0.0600851	0.0488295	0.0585358	0.30762	0.0468048	0.0465696	0.0439881
	0.0227184	0.0312204	0.02645	0.0342732	0.59552	0.0249208	0.0310195	0.02306
	0.0342169	0.04869	0.0380548	0.0481795	0.617416	0.0373356	0.0384784	0.0342087
	0.0883236	0.149981	0.132019	0.119877	1.06209	0.0979769	0.116973	0.12002
	0.03253	0.046744	0.0362361	0.0455117	0.644486	0.034694	0.0423572	0.0311825
	0.0325967	0.0487089	0.0374364	0.0460458	0.631446	0.0499067	0.0426725	0.0326181
	0.0339786	0.0468526	0.0384318	0.0471588	0.61787	0.0410236	0.041186	0.0330001
	0.03027	0.0450057	0.0361258	0.0435034	0.625533	0.0377956	0.0412959	0.0304031
loop 8
	0.0416195	0.0581132	0.0481422	0.0578869	0.309402	0.0460722	0.0445661	0.0432425
	0.022968	0.0303563	0.0255798	0.0333066	0.5951	0.0251834	0.030055	0.0221952
	0.0335079	0.0467673	0.0374444	0.0463016	0.617416	0.0366062	0.0376602	0.0335082
	0.0883236	0.14999	0.132019	0.119808	1.06209	0.0979769	0.116979	0.12002
	0.031758	0.0460257	0.0355372	0.043397	0.644706	0.0339893	0.0415075	0.0304183
	0.0324534	0.0486622	0.0385533	0.0459256	0.631008	0.0499459	0.0425077	0.0324973
	0.0314973	0.0442127	0.0360144	0.0432853	0.611085	0.0371283	0.0385191	0.0305872
	0.03058	0.0442609	0.0354296	0.0438649	0.625971	0.0367633	0.0405195	0.0307204
loop 9
	0.0413327	0.057704	0.0477798	0.0574499	0.311324	0.0457437	0.0455199	0.0430181
	0.0229184	0.030286	0.0255251	0.0332482	0.5951	0.0251298	0.0300075	0.0221376
	0.0333446	0.047811	0.0372599	0.0473662	0.616974	0.0376848	0.037504	0.0333451
	0.0883197	0.149981	0.132019	0.119871	1.06209	0.0979769	0.116973	0.120013
	0.0313715	0.0469151	0.0363791	0.0442982	0.644486	0.0348878	0.0425437	0.0313075
	0.0316828	0.0465549	0.0378036	0.0451189	0.631008	0.0489804	0.0416522	0.0317179
	0.0329634	0.0470391	0.0375174	0.0462008	0.61831	0.0399968	0.0413515	0.0332291
	0.0305	0.0440482	0.0351773	0.0437734	0.625094	0.0367696	0.0404084	0.0306268
loop 10
	0.0449801	0.0620598	0.0514575	0.0617259	0.328229	0.0496034	0.0479367	0.0464531
	0.0228896	0.030299	0.0254927	0.0332016	0.594891	0.0250983	0.0299925	0.0221152
	0.0325834	0.0471403	0.0377096	0.0466494	0.615011	0.0369439	0.036702	0.0325672
	0.0883044	0.149972	0.132003	0.119784	1.06209	0.0979545	0.116967	0.120013
	0.0315539	0.0458013	0.0365967	0.0445235	0.644486	0.0350732	0.0427263	0.030255
	0.0325994	0.0474005	0.0374148	0.0460735	0.630132	0.0485241	0.0425289	0.0314232
	0.0339378	0.0480902	0.0384795	0.0472055	0.621833	0.0411506	0.0424525	0.0341795
	0.03051	0.044002	0.0351706	0.0437168	0.625094	0.0367665	0.0403647	0.0306164
loop 11
	0.0421929	0.0586283	0.0486804	0.0584921	0.322822	0.0467054	0.046315	0.0424971
	0.0237576	0.0311068	0.0263294	0.0341281	0.597913	0.0259714	0.0309259	0.022949
	0.0333234	0.0477781	0.0383842	0.0473558	0.617636	0.0376884	0.0374519	0.0332886
	0.0883005	0.149944	0.131972	0.11984	1.06209	0.09795	0.11695	0.119999
	0.0314363	0.0456442	0.0364635	0.0443884	0.644486	0.0349608	0.0426231	0.0313875
	0.03174	0.0465794	0.0366445	0.0452985	0.630789	0.0492339	0.0417137	0.0317936
	0.0336963	0.0478329	0.0381619	0.0481422	0.620729	0.0408093	0.0421697	0.033978
	0.0303575	0.0451343	0.0362616	0.0435905	0.625971	0.0377989	0.0402417	0.0304785
loop 12
	0.0423556	0.0601295	0.048835	0.0585152	0.304687	0.0467656	0.0465794	0.0439742
	0.0230112	0.0303745	0.0256264	0.033359	0.5951	0.0252315	0.03008	0.0222256
	0.0325688	0.0470444	0.0364844	0.0466292	0.614791	0.0357055	0.0366336	0.032552
	0.0882928	0.149926	0.131964	0.119771	1.06209	0.0979455	0.116938	0.119993
	0.0315419	0.0457878	0.0365772	0.0445153	0.644486	0.0350844	0.0427342	0.0302454
	0.0326778	0.0475013	0.0375012	0.0462169	0.630351	0.0488072	0.0426218	0.0315016
	0.0313007	0.045243	0.0357768	0.0442773	0.611522	0.0383328	0.0395756	0.0315744
	0.03062	0.0441083	0.0352682	0.0426134	0.625314	0.03814	0.0404719	0.0295225
loop 13
	0.0419553	0.0570823	0.047164	0.0568511	0.315169	0.0450794	0.0448158	0.042275
	0.0230144	0.0304395	0.0256304	0.0333765	0.5951	0.025237	0.03011	0.0222352
	0.0327379	0.0459924	0.0366593	0.0455504	0.614571	0.0358165	0.0367848	0.0327154
	0.0904192	0.154973	0.134194	0.12432	1.05913	0.0999096	0.11939	0.122529
	0.0315948	0.0458237	0.0366325	0.0445768	0.644486	0.0351378	0.0427382	0.030279
	0.0327752	0.047587	0.0376272	0.0450112	0.630789	0.050351	0.0427021	0.0315773
	0.0337528	0.0478876	0.0382691	0.0469774	0.620729	0.0408847	0.042219	0.0340203
	0.0305625	0.0441315	0.0353657	0.0437691	0.622426	0.0378963	0.0405156	0.029495
loop 14
	0.044196	0.0609948	0.0493661	0.0606816	0.313468	0.0486709	0.0471429	0.0444783
	0.022744	0.0312204	0.0264733	0.0342732	0.59531	0.0249412	0.0298375	0.0219744
	0.0335412	0.0468472	0.0374137	0.0463268	0.617636	0.0366932	0.0376826	0.0335082
	0.0883044	0.149963	0.132003	0.119784	1.06209	0.097959	0.116955	0.119999
	0.032395	0.0466192	0.0373774	0.0453469	0.644486	0.0358843	0.0435978	0.031055
	0.0316776	0.0465304	0.0365923	0.0451728	0.630351	0.0475873	0.041685	0.0317477
	0.034104	0.0470231	0.0386938	0.0474751	0.621833	0.0412697	0.041382	0.0331632
	0.03038	0.04512	0.0350394	0.0436645	0.625094	0.0377501	0.0403409	0.0305331
loop 15
	0.0440456	0.0609357	0.0491813	0.060699	0.329431	0.0472815	0.046872	0.0442211
	0.022992	0.0303537	0.0256061	0.0333328	0.5951	0.0252111	0.0300625	0.0222128
	0.0332629	0.0477836	0.0383644	0.0472366	0.617195	0.0376236	0.0374779	0.0332573
	0.0883044	0.149963	0.132003	0.119852	1.06209	0.097959	0.116955	0.119999
	0.0314867	0.045707	0.0365155	0.0444334	0.644486	0.0350142	0.0426112	0.0314275
	0.0316958	0.0464765	0.036554	0.0451863	0.630132	0.0474767	0.0415457	0.0317612
	0.0338908	0.0468313	0.038412	0.0471744	0.62095	0.0410077	0.0423941	0.0329562
	0.0306875	0.0440945	0.0353926	0.0427063	0.625094	0.0367445	0.0393549	0.02963
loop 16
	0.0426852	0.0604623	0.0491581	0.0589561	0.314954	0.0471625	0.0455675	0.0430136
	0.022768	0.0313069	0.0265135	0.0343247	0.59531	0.0249726	0.0298575	0.0219968
	0.0324755	0.0469805	0.0375751	0.0465133	0.614791	0.0368116	0.036576	0.0324673
	0.0882928	0.149944	0.131996	0.119777	1.06209	0.0979455	0.116944	0.119999
	0.0316476	0.0458821	0.036678	0.0446464	0.644486	0.0338784	0.0427461	0.0303246
	0.0329212	0.047829	0.0378036	0.0465452	0.631884	0.0491875	0.042964	0.0316828
	0.0313232	0.0453085	0.0358128	0.0443344	0.611958	0.038322	0.0395264	0.031589
	0.0295611	0.044358	0.0354969	0.0427823	0.622426	0.0370205	0.0394279	0.02972
loop 17
	0.0427823	0.0578874	0.0479717	0.0576852	0.304154	0.0458913	0.0457246	0.0431348
	0.0229648	0.0303615	0.0255798	0.0332861	0.594891	0.0251834	0.0300175	0.0221872
	0.0334293	0.0466661	0.0373445	0.0474854	0.616753	0.0365818	0.0375821	0.0334141
	0.0883236	0.149981	0.132019	0.119815	1.06209	0.0979814	0.116979	0.120027
	0.0313571	0.0469151	0.0363953	0.0442819	0.644266	0.0348681	0.042504	0.0312975
	0.0327184	0.0474963	0.0375768	0.0461984	0.631446	0.0487016	0.0427401	0.0315151
	0.0337747	0.0479807	0.0383088	0.0470085	0.62095	0.0409323	0.0422415	0.034069
	0.030485	0.0440898	0.0353119	0.0436602	0.622426	0.0380165	0.0404759	0.029435
loop 18
	0.0425711	0.0589921	0.0477159	0.0587425	0.314797	0.0470008	0.0454676	0.0429193
	0.0229344	0.0302912	0.0255433	0.0332832	0.59531	0.0251501	0.030025	0.0221632
	0.03493	0.0494426	0.0387809	0.0489773	0.619824	0.0392165	0.039178	0.0349049
	0.0883197	0.149981	0.132019	0.119877	1.06209	0.0979769	0.116973	0.120013
	0.0314531	0.0456935	0.0364798	0.0444088	0.644266	0.0349833	0.042631	0.031405
	0.0317868	0.0466529	0.0367002	0.0453703	0.631008	0.049141	0.0417219	0.0318288
	0.0340225	0.0482709	0.0386144	0.0473766	0.622275	0.0412974	0.0425647	0.0342705
	0.0311652	0.0459571	0.0357882	0.0444456	0.625094	0.0386053	0.0412344	0.0313231
loop 19
	0.0448276	0.0618971	0.051345	0.0615707	0.322239	0.0493968	0.0477652	0.0450008
	0.0229536	0.0304031	0.0255636	0.033257	0.594891	0.0251686	0.030055	0.0221712
	0.0334595	0.0467939	0.0374329	0.0462512	0.614351	0.0365714	0.0376119	0.0334705
	0.0883197	0.14999	0.132027	0.119802	1.06209	0.0979769	0.116979	0.120027
	0.0314939	0.045725	0.0365253	0.0444498	0.644266	0.0350367	0.0426707	0.0314475
	0.0325643	0.0474106	0.0373896	0.0460735	0.631008	0.0499415	0.0426134	0.0326069
	0.0346343	0.0487744	0.0391414	0.047913	0.623595	0.0417587	0.0419766	0.0336986
	0.0312614	0.04606	0.0358961	0.0445219	0.625094	0.0386894	0.0412344	0.0301846
loop 20
	0.0435598	0.0601264	0.0487017	0.0599963	0.328755	0.0481082	0.0463721	0.0438082
	0.0227648	0.0312907	0.026505	0.0343005	0.59531	0.0249689	0.0298325	0.0219888
	0.0324726	0.0469698	0.037602	0.0464478	0.614791	0.0368325	0.0366084	0.0324764
	0.0883005	0.149963	0.132003	0.119852	1.06209	0.0979545	0.116955	0.119999
	0.031662	0.0459135	0.0354274	0.0446669	0.644486	0.0338919	0.0414768	0.0303534
	0.0327292	0.0476425	0.0375984	0.0462492	0.630351	0.0487312	0.0427993	0.0315449
	0.0321081	0.0461169	0.0365663	0.0451486	0.614581	0.0390556	0.0403868	0.0323342
	0.0302425	0.0448962	0.0361293	0.0434467	0.625094	0.0376429	0.0401107	0.0303667
loop 21
	0.0426598	0.0590933	0.0478544	0.0575171	0.302469	0.0457865	0.045539	0.0430001
	0.0229856	0.0303277	0.025598	0.0333299	0.59531	0.0252037	0.0300525	0.0222016
	0.0342828	0.0475262	0.0381619	0.0483234	0.617195	0.0373788	0.0384669	0.0342737
	0.0883005	0.149963	0.132003	0.119784	1.06209	0.0979545	0.116955	0.119999
	0.0314819	0.0457339	0.0365285	0.0444375	0.644706	0.0349664	0.0426271	0.031435
	0.0327941	0.0476778	0.037638	0.0463325	0.631008	0.0486636	0.0427993	0.031626
	0.03369	0.0478493	0.0382135	0.0469411	0.623373	0.0407338	0.0421517	0.0339488
	0.0303	0.04502	0.0361746	0.0435426	0.625094	0.0376429	0.0401742	0.0304291
loop 22
	0.0416686	0.0581485	0.0481848	0.0579004	0.312334	0.0461293	0.0458722	0.0432695
	0.0228976	0.030286	0.0255028	0.0332249	0.5951	0.0251094	0.030005	0.0221216
	0.0327438	0.0460495	0.0366742	0.0455798	0.615231	0.0358804	0.0368496	0.0327245
	0.0883005	0.149954	0.131996	0.119852	1.06209	0.0979545	0.116955	0.119999
	0.0314675	0.0457025	0.036509	0.0444088	0.644486	0.0349805	0.0426072	0.031405
	0.0315735	0.0464814	0.0377028	0.0450381	0.63057	0.047489	0.0416481	0.0316449
	0.0346831	0.0489094	0.0392397	0.0493661	0.625148	0.0419553	0.0433084	0.0349217
	0.030485	0.0452914	0.0353254	0.0436863	0.625314	0.0366379	0.0403568	0.030606
loop 23
	0.0423598	0.0588187	0.0488295	0.0585772	0.308496	0.0468097	0.0452962	0.0427802
	0.0229184	0.0303823	0.0255251	0.0332045	0.594681	0.0251298	0.0300225	0.0221424
	0.0332296	0.0477398	0.0383445	0.0472211	0.617195	0.0375984	0.03737	0.0332228
	0.0883236	0.149981	0.132019	0.119877	1.06209	0.0979769	0.116967	0.12002
	0.0315179	0.0457609	0.0365675	0.0444703	0.644486	0.0350338	0.0427104	0.03145
	0.0315215	0.0474761	0.0376524	0.0449753	0.629913	0.0487185	0.0426556	0.0316016
	0.0346538	0.0488362	0.0391864	0.047961	0.624482	0.0418611	0.0432344	0.0348847
	0.0315319	0.0463001	0.0361432	0.0436036	0.629308	0.0376722	0.0412017	0.0304655
loop 24
	0.0453852	0.062511	0.0504887	0.0621775	0.331641	0.0500017	0.0482797	0.0454678
	0.0227808	0.030221	0.0265262	0.0342914	0.594891	0.0249874	0.0298725	0.0220224
	0.0348455	0.049327	0.0399136	0.0488404	0.619602	0.0391242	0.0390946	0.0348376
	0.0883236	0.14999	0.132027	0.119808	1.06209	0.0979814	0.116979	0.12002
	0.0315323	0.0457609	0.0365577	0.0444908	0.644486	0.0350479	0.0426747	0.03146
	0.0316542	0.0464422	0.0377424	0.0450875	0.63057	0.0489044	0.0415908	0.0317341
	0.0354465	0.0496563	0.0398756	0.0486707	0.623595	0.0426429	0.0427905	0.0344776
	0.0303775	0.0451295	0.0362268	0.0436253	0.625752	0.0378898	0.041345	0.0305175
loop 25
	0.0420987	0.0585013	0.0472729	0.0583845	0.315046	0.0465864	0.0449268	0.0424405
	0.023016	0.0304057	0.0256345	0.033362	0.5951	0.025237	0.0301075	0.0222288
	0.0341385	0.0485944	0.0380349	0.0481528	0.619602	0.0384789	0.0382901	0.0341307
	0.0883197	0.149981	0.132019	0.119871	1.06209	0.0979769	0.116973	0.120013
	0.03253	0.0467764	0.0362426	0.0454948	0.644266	0.0347417	0.0424207	0.0311875
	0.0318883	0.0468048	0.0367942	0.045514	0.631008	0.0480788	0.0418816	0.0307386
	0.0332175	0.0460547	0.0365291	0.0451241	0.617431	0.0389663	0.0403699	0.0322798
	0.03048	0.044002	0.0351605	0.043743	0.625314	0.0368888	0.0402893	0.0305904
loop 26
	0.0435731	0.0599964	0.0487145	0.0598137	0.306109	0.0480206	0.0465157	0.0438956
	0.022792	0.0312664	0.0265262	0.0343337	0.5951	0.0249929	0.0298675	0.0220224
	0.0334323	0.0479643	0.0373406	0.0474906	0.617416	0.0365331	0.0375635	0.0334172
	0.0883159	0.149981	0.132011	0.119802	1.06209	0.0979724	0.116979	0.12002
	0.0317028	0.0459763	0.0354744	0.0433296	0.644486	0.0339325	0.0414691	0.0303847
	0.031805	0.0465598	0.0367106	0.0452536	0.630351	0.0490945	0.0416154	0.0317963
	0.0347708	0.0490556	0.0393503	0.0481901	0.624704	0.0419799	0.0434009	0.0350327
	0.0304175	0.0452247	0.0350832	0.043621	0.625094	0.0367069	0.0402139	0.0305357
loop 27
	0.04173	0.0581838	0.0482221	0.0579407	0.316583	0.046196	0.0445985	0.0420572
	0.0228976	0.0302366	0.0255028	0.0332016	0.5951	0.0251094	0.02996	0.02212
	0.032388	0.0469805	0.0375328	0.0464528	0.617416	0.0367594	0.0377756	0.0324099
	0.0883005	0.149963	0.132003	0.119852	1.06209	0.0979545	0.116955	0.119999
	0.031698	0.0459539	0.0354776	0.0433415	0.644486	0.0339298	0.041519	0.0303727
	0.032759	0.0476122	0.0375768	0.046277	0.631227	0.0501027	0.0428077	0.0315719
	0.035618	0.0498584	0.0401629	0.0489992	0.62736	0.0427823	0.0430263	0.0346559
	0.0302025	0.0450391	0.0362059	0.0432812	0.625094	0.0376916	0.0400869	0.0303251
loop 28
	0.0433232	0.0602348	0.0498535	0.0598861	0.31357	0.0492153	0.0475986	0.0449037
	0.0230784	0.0304785	0.0256993	0.0334086	0.594891	0.0253054	0.030115	0.022296
	0.0333355	0.0478821	0.0384279	0.047444	0.617636	0.0376992	0.0374965	0.0332824
	0.0882928	0.149944	0.131988	0.119771	1.06209	0.0979455	0.116944	0.119993
	0.0314363	0.0470076	0.0364733	0.0443884	0.644706	0.0348934	0.0425874	0.03137
	0.032713	0.0475013	0.037548	0.046203	0.631227	0.0502987	0.0427486	0.0315313
	0.0353153	0.0496043	0.041003	0.0498937	0.626914	0.0425204	0.0439393	0.0355828
	0.0294699	0.0443025	0.0343094	0.0425415	0.622426	0.0369421	0.04046	0.0295725
loop 29
	0.0425247	0.0605961	0.0490055	0.0589897	0.331846	0.047072	0.0466721	0.0440685
	0.022744	0.0313069	0.0264839	0.0342642	0.5951	0.0249467	0.029835	0.0219824
	0.0333053	0.0477891	0.0372291	0.0473403	0.616974	0.0376596	0.0374221	0.0333231
	0.0883044	0.149963	0.132003	0.119852	1.06209	0.097959	0.116955	0.120006
	0.0315948	0.0458327	0.0366325	0.0445809	0.644486	0.0351265	0.0427501	0.030279
	0.0327292	0.0476173	0.037602	0.046314	0.632103	0.0505252	0.0428246	0.0315205
	0.0321489	0.0462309	0.0366667	0.0452515	0.617431	0.0392119	0.0404797	0.032434
	0.0304925	0.0439881	0.035174	0.0437125	0.625314	0.0368166	0.0402893	0.030593
loop 30
	0.0436428	0.0600555	0.0487912	0.0599125	0.309493	0.0467558	0.0465451	0.0439557
	0.0230848	0.0303667	0.0257074	0.0335019	0.59573	0.0253128	0.030105	0.0222976
	0.0324726	0.0469485	0.0376174	0.0464478	0.617416	0.0367802	0.0366588	0.0324946
	0.0883236	0.149981	0.132027	0.119877	1.06209	0.0979769	0.116979	0.12002
	0.031614	0.0458776	0.0366552	0.0446136	0.644706	0.0338433	0.0427422	0.0302934
	0.0316724	0.0465059	0.0365679	0.0451638	0.630789	0.0489889	0.0416604	0.0317477
	0.0346733	0.0489881	0.0392602	0.0480782	0.624926	0.0419226	0.0432806	0.0349318
	0.030325	0.045101	0.0362268	0.0435426	0.625094	0.0377436	0.0401266	0.0304369
loop 31
	0.0416522	0.0581485	0.0481795	0.0579205	0.30762	0.0460912	0.0445661	0.043274
	0.022992	0.0303043	0.0256081	0.0333532	0.59531	0.0252111	0.0300525	0.0222096
	0.0339409	0.0483638	0.0390226	0.047929	0.619824	0.0382742	0.0381402	0.0339293
	0.0883197	0.14999	0.132027	0.119808	1.06209	0.0979769	0.116979	0.12002
	0.0314603	0.0456711	0.036483	0.0444047	0.644486	0.0349496	0.042639	0.0314
	0.0328022	0.047708	0.037638	0.0463602	0.630789	0.0487016	0.0428288	0.0316233
	0.0365783	0.0495581	0.0411163	0.0500175	0.62736	0.0425542	0.0440583	0.0355863
	0.0302425	0.04492	0.0361432	0.0435208	0.624656	0.0376137	0.0401425	0.0304057

work load: swim parser vpr bzip2 twolf equake ammp mesa
