loop 0
	0.0306375	0.029035	0.0520056	0.0435386	0.0508919
	0.115859	0.110133	0.199768	0.16596	0.198216
	0.137581	0.133416	0.22562	0.188976	0.224571
	0.0306375	0.029035	0.0520056	0.0435386	0.0508919
loop 1
	0.0296091	0.0280101	0.0522958	0.042455	0.0511797
	0.115847	0.110117	0.199781	0.16597	0.19823
	0.142906	0.138656	0.232195	0.197318	0.233478
	0.0296091	0.0280101	0.0522958	0.042455	0.0511797
loop 2
	0.0306125	0.0290074	0.0519563	0.0435006	0.0522465
	0.115847	0.110122	0.199768	0.16597	0.19823
	0.103676	0.099741	0.169622	0.144178	0.171163
	0.0306125	0.0290074	0.0519563	0.0435006	0.0522465
loop 3
	0.0315085	0.0298973	0.0528975	0.0444268	0.0531844
	0.11587	0.110144	0.199795	0.166001	0.198269
	0.111012	0.106902	0.18111	0.152679	0.180384
	0.0315085	0.0298973	0.0528975	0.0444268	0.0531844
loop 4
	0.0306825	0.0290742	0.0520822	0.0436062	0.0523725
	0.11587	0.110144	0.199808	0.166001	0.198269
	0.114973	0.108948	0.185287	0.156773	0.186736
	0.0306825	0.0290742	0.0520822	0.0436062	0.0523725
loop 5
	0.030655	0.0290488	0.0520275	0.043564	0.0523177
	0.115876	0.11015	0.199781	0.16598	0.198256
	0.116705	0.112792	0.191578	0.161428	0.193195
	0.030655	0.0290488	0.0520275	0.043564	0.0523177
loop 6
	0.0305775	0.0289751	0.0533081	0.0434499	0.0521918
	0.11587	0.110144	0.199808	0.16597	0.198256
	0.1017	0.0977516	0.168052	0.140392	0.167435
	0.0305775	0.0289751	0.0533081	0.0434499	0.0521918
loop 7
	0.0303625	0.0287654	0.0530325	0.0445401	0.051907
	0.115853	0.110128	0.199768	0.16597	0.19823
	0.104542	0.100537	0.171155	0.143381	0.170522
	0.0303625	0.0287654	0.0530325	0.0445401	0.051907
loop 8
	0.0305625	0.028959	0.0518906	0.0434414	0.0521808
	0.115847	0.110122	0.199768	0.16596	0.19823
	0.107542	0.103509	0.177093	0.148871	0.176335
	0.0305625	0.028959	0.0518906	0.0434414	0.0521808
loop 9
	0.0306225	0.0290166	0.0519727	0.0435175	0.0522629
	0.115853	0.110128	0.199768	0.16596	0.198216
	0.111963	0.107942	0.183592	0.155304	0.182758
	0.0306225	0.0290166	0.0519727	0.0435175	0.0522629
loop 10
	0.0305625	0.028959	0.0518796	0.043433	0.0521699
	0.11587	0.110144	0.199795	0.166001	0.198269
	0.107487	0.103697	0.178411	0.149109	0.177906
	0.0305625	0.028959	0.0518796	0.043433	0.0521699
loop 11
	0.0314539	0.0298468	0.0528131	0.0443528	0.0531
	0.11587	0.110139	0.199795	0.165991	0.198256
	0.105459	0.101507	0.171606	0.146066	0.173175
	0.0314539	0.0298468	0.0528131	0.0443528	0.0531
loop 12
	0.0306925	0.0290811	0.0520932	0.0436104	0.0509772
	0.115865	0.110139	0.199795	0.166001	0.198256
	0.111784	0.107763	0.181215	0.153041	0.182768
	0.0306925	0.0290811	0.0520932	0.0436104	0.0509772
loop 13
	0.030735	0.0291226	0.0521589	0.0436738	0.0510465
	0.118579	0.112886	0.20515	0.17152	0.200147
	0.125616	0.121594	0.206548	0.173377	0.205661
	0.030735	0.0291226	0.0521589	0.0436738	0.0510465
loop 14
	0.0304325	0.0288369	0.0530775	0.0432556	0.0519618
	0.115841	0.110117	0.199781	0.16595	0.198216
	0.128626	0.122626	0.209822	0.176574	0.211308
	0.0304325	0.0288369	0.0530775	0.0432556	0.0519618
loop 15
	0.03066	0.0290534	0.0520275	0.043564	0.0523232
	0.115888	0.110161	0.199822	0.166001	0.198269
	0.12747	0.121469	0.208747	0.175462	0.207946
	0.03066	0.0290534	0.0520275	0.043564	0.0523232
loop 16
	0.030435	0.0288323	0.0531394	0.0432936	0.052011
	0.115882	0.110155	0.199795	0.166001	0.198269
	0.105038	0.10112	0.173225	0.145569	0.172626
	0.030435	0.0288323	0.0531394	0.0432936	0.052011
loop 17
	0.0306475	0.0290396	0.0520056	0.0435471	0.0523013
	0.115876	0.110155	0.199795	0.165991	0.198269
	0.126818	0.122903	0.210867	0.175887	0.210139
	0.0306475	0.0290396	0.0520056	0.0435471	0.0523013
loop 18
	0.03062	0.0290166	0.0519727	0.0435133	0.0522629
	0.11587	0.110144	0.199781	0.16597	0.19823
	0.149107	0.142682	0.239884	0.204424	0.241021
	0.03062	0.0290166	0.0519727	0.0435133	0.0522629
loop 19
	0.0306325	0.0290235	0.0519946	0.0435302	0.0508813
	0.115859	0.110133	0.199795	0.16596	0.19823
	0.154131	0.147588	0.245786	0.209967	0.246864
	0.0306325	0.0290235	0.0519946	0.0435302	0.0508813
loop 20
	0.03042	0.0288184	0.0531169	0.0432725	0.0519946
	0.115859	0.110133	0.199781	0.16597	0.19823
	0.135676	0.131078	0.213065	0.183882	0.216457
	0.03042	0.0288184	0.0531169	0.0432725	0.0519946
loop 21
	0.030695	0.029088	0.0520822	0.0436147	0.0509719
	0.115847	0.110122	0.199781	0.16597	0.198243
	0.135757	0.131247	0.216832	0.183236	0.217831
	0.030695	0.029088	0.0520822	0.0436147	0.0509719
loop 22
	0.0306	0.0289935	0.0519399	0.0434879	0.0522356
	0.115882	0.110155	0.199808	0.166001	0.198269
	0.130349	0.124156	0.211776	0.177523	0.210667
	0.0306	0.0289935	0.0519399	0.0434879	0.0522356
loop 23
	0.030625	0.0290189	0.0519837	0.0435217	0.0508706
	0.115876	0.11015	0.199781	0.165991	0.198256
	0.126559	0.122011	0.200801	0.169704	0.201777
	0.030625	0.0290189	0.0519837	0.0435217	0.0508706
loop 24
	0.0304225	0.0288207	0.0531225	0.0432767	0.0519946
	0.115876	0.11015	0.199795	0.16597	0.198243
	0.128067	0.12348	0.202669	0.173721	0.206068
	0.0304225	0.0288207	0.0531225	0.0432767	0.0519946
loop 25
	0.0306925	0.0290834	0.0520932	0.0436147	0.0509825
	0.115853	0.110128	0.199768	0.16597	0.19823
	0.127094	0.122507	0.19945	0.170548	0.202865
	0.0306925	0.0290834	0.0520932	0.0436147	0.0509825
loop 26
	0.0304825	0.0288852	0.053145	0.0433189	0.052033
	0.115847	0.110122	0.199768	0.16596	0.19823
	0.127931	0.123365	0.202418	0.173516	0.205811
	0.0304825	0.0288852	0.053145	0.0433189	0.052033
loop 27
	0.0305425	0.0289428	0.0532519	0.0434034	0.0521315
	0.115859	0.110133	0.199768	0.16596	0.198216
	0.12638	0.121827	0.200828	0.171923	0.201749
	0.0305425	0.0289428	0.0532519	0.0434034	0.0521315
loop 28
	0.0296139	0.0280145	0.0523122	0.0424673	0.0511957
	0.115882	0.110155	0.199795	0.166001	0.198269
	0.126321	0.121785	0.20047	0.171697	0.201498
	0.0296139	0.0280145	0.0523122	0.0424673	0.0511957
loop 29
	0.030315	0.0287217	0.0529481	0.0444617	0.0518194
	0.115876	0.110155	0.199808	0.165991	0.198256
	0.129574	0.12499	0.204172	0.175221	0.20756
	0.030315	0.0287217	0.0529481	0.0444617	0.0518194
loop 30
	0.03082	0.0292078	0.0522903	0.0437837	0.0511744
	0.115876	0.11015	0.199781	0.166001	0.198256
	0.125737	0.121153	0.198197	0.169252	0.199178
	0.03082	0.0292078	0.0522903	0.0437837	0.0511744
loop 31
	0.0307025	0.0290926	0.0521041	0.0436274	0.0509932
	0.115859	0.110133	0.199781	0.16597	0.198243
	0.13276	0.126298	0.210146	0.179494	0.211221
	0.0307025	0.0290926	0.0521041	0.0436274	0.0509932
loop 32
	0.0296403	0.028041	0.0523506	0.0425042	0.051233
	0.115853	0.110128	0.199768	0.16595	0.198216
	0.108432	0.104404	0.175728	0.149687	0.177101
	0.0296403	0.028041	0.0523506	0.0425042	0.051233
loop 33
	0.03033	0.0287332	0.0529706	0.0444878	0.0518468
	0.115841	0.110117	0.199781	0.16595	0.198216
	0.10885	0.103396	0.179928	0.15129	0.17942
	0.03033	0.0287332	0.0529706	0.0444878	0.0518468
loop 34
	0.0295827	0.027988	0.0522629	0.0424264	0.0511477
	0.115882	0.110155	0.199822	0.166001	0.198269
	0.094539	0.0894052	0.158197	0.131151	0.157926
	0.0295827	0.027988	0.0522629	0.0424264	0.0511477
loop 35
	0.0296572	0.0280565	0.0523889	0.0425329	0.0512756
	0.115882	0.110155	0.199795	0.166001	0.198269
	0.137271	0.130758	0.217321	0.18645	0.218359
	0.0296572	0.0280565	0.0523889	0.0425329	0.0512756
loop 36
	0.0305425	0.0289428	0.0532575	0.0434076	0.052137
	0.115876	0.110155	0.199795	0.165991	0.198269
	0.128306	0.124038	0.208005	0.175846	0.209243
	0.0305425	0.0289428	0.0532575	0.0434076	0.052137
loop 37
	0.03042	0.0288161	0.0531112	0.0432682	0.0519891
	0.11587	0.110144	0.199781	0.16597	0.19823
	0.132259	0.128032	0.214162	0.181939	0.215428
	0.03042	0.0288161	0.0531112	0.0432682	0.0519891
loop 38
	0.0306125	0.0290074	0.0519563	0.0435048	0.052252
	0.115859	0.110133	0.199795	0.16596	0.19823
	0.125843	0.121421	0.200898	0.170323	0.201983
	0.0306125	0.0290074	0.0519563	0.0435048	0.052252
loop 39
	0.0296139	0.0280167	0.0523177	0.0424755	0.051201
	0.115859	0.110133	0.199781	0.16597	0.19823
	0.12376	0.119301	0.196891	0.168528	0.197962
	0.0296139	0.0280167	0.0523177	0.0424755	0.051201
loop 40
	0.0295443	0.0291502	0.0521972	0.042369	0.0510785
	0.115847	0.110122	0.199781	0.16597	0.198243
	0.123643	0.119189	0.196864	0.168461	0.19788
	0.0295443	0.0291502	0.0521972	0.042369	0.0510785
loop 41
	0.03065	0.0290442	0.052011	0.0435513	0.0509026
	0.115882	0.110155	0.199808	0.166001	0.198269
	0.1245	0.118536	0.203234	0.172326	0.204704
	0.03065	0.0290442	0.052011	0.0435513	0.0509026
loop 42
	0.0304375	0.0288369	0.053145	0.0432936	0.052022
	0.115876	0.11015	0.199781	0.165991	0.198256
	0.116266	0.110555	0.192414	0.160398	0.191734
	0.0304375	0.0288369	0.053145	0.0432936	0.052022
loop 43
	0.0295707	0.0291779	0.0522465	0.04241	0.0511264
	0.115876	0.11015	0.199795	0.16597	0.198243
	0.113587	0.109635	0.186577	0.156362	0.185797
	0.0295707	0.0291779	0.0522465	0.04241	0.0511264
loop 44
	0.0305975	0.0289958	0.0519289	0.0434795	0.0522246
	0.115853	0.110128	0.199768	0.16597	0.19823
	0.117386	0.111589	0.192347	0.162107	0.191587
	0.0305975	0.0289958	0.0519289	0.0434795	0.0522246
loop 45
	0.030705	0.0290995	0.0520987	0.0436274	0.0509879
	0.115847	0.110122	0.199768	0.16596	0.19823
	0.0840215	0.079221	0.14247	0.118729	0.14051
	0.030705	0.0290995	0.0520987	0.0436274	0.0509879
loop 46
	0.0303975	0.0287954	0.0530719	0.0445793	0.0519508
	0.115859	0.110133	0.199768	0.16596	0.198216
	0.0832183	0.0799656	0.141842	0.118013	0.141753
	0.0303975	0.0287954	0.0530719	0.0445793	0.0519508
loop 47
	0.03067	0.0290604	0.0520713	0.0435936	0.0509506
	0.115882	0.110155	0.199795	0.166001	0.198269
	0.0838561	0.0806414	0.142222	0.118499	0.142132
	0.03067	0.0290604	0.0520713	0.0435936	0.0509506
loop 48
	0.0307225	0.0291133	0.052137	0.0436569	0.0510252
	0.115876	0.110155	0.199808	0.165991	0.198256
	0.0890274	0.0856195	0.149991	0.125206	0.14976
	0.0307225	0.0291133	0.052137	0.0436569	0.0510252
loop 49
	0.030645	0.0290396	0.0520165	0.0435513	0.0509026
	0.115876	0.11015	0.199781	0.166001	0.198256
	0.11318	0.107924	0.192374	0.160155	0.192054
	0.030645	0.0290396	0.0520165	0.0435513	0.0509026
loop 50
	0.0314669	0.0298564	0.0528412	0.0443746	0.0531281
	0.115859	0.110133	0.199781	0.16598	0.198243
	0.191651	0.181648	0.327632	0.27104	0.327201
	0.0314669	0.0298564	0.0528412	0.0443746	0.0531281
loop 51
	0.03078	0.0291663	0.0522191	0.043733	0.0511104
	0.115853	0.110128	0.199768	0.16595	0.198216
	0.14086	0.135573	0.244368	0.201704	0.241928
	0.03078	0.0291663	0.0522191	0.043733	0.0511104
loop 52
	0.030705	0.0290949	0.0521041	0.0436231	0.0509879
	0.115841	0.110117	0.199781	0.16595	0.198216
	0.096623	0.0917807	0.167374	0.139143	0.165578
	0.030705	0.0290949	0.0521041	0.0436231	0.0509879
loop 53
	0.030645	0.0290396	0.0520056	0.0435429	0.0522958
	0.115888	0.110161	0.199822	0.166001	0.198269
	0.147842	0.138895	0.255822	0.211612	0.253574
	0.030645	0.0290396	0.0520056	0.0435429	0.0522958
loop 54
	0.190133	0.183027	0.297364	0.256356	0.302585
	0.115882	0.110155	0.199795	0.166001	0.198269
	0.179445	0.171312	0.300392	0.250838	0.30201
	0.190133	0.183027	0.297364	0.256356	0.302585
loop 55
	0.218497	0.210957	0.338234	0.289929	0.342938
	0.115876	0.110155	0.199795	0.165991	0.198269
	0.144236	0.138165	0.238455	0.199579	0.239985
	0.218497	0.210957	0.338234	0.289929	0.342938
loop 56
	0.0419553	0.03913	0.0726693	0.059893	0.0715009
	0.11587	0.110144	0.199781	0.16597	0.19823
	0.146572	0.140469	0.242908	0.204014	0.241967
	0.0419553	0.03913	0.0726693	0.059893	0.0715009
loop 57
	0.0393719	0.037828	0.0686578	0.0573568	0.0675054
	0.115859	0.110133	0.199795	0.16596	0.19823
	0.126374	0.120758	0.2124	0.178269	0.21199
	0.0393719	0.037828	0.0686578	0.0573568	0.0675054
loop 58
	0.0410315	0.0382104	0.0718102	0.0590031	0.0706364
	0.115859	0.110133	0.199781	0.16597	0.19823
	0.0953473	0.090081	0.16096	0.133097	0.16089
	0.0410315	0.0382104	0.0718102	0.0590031	0.0706364
loop 59
	0.038664	0.0371083	0.0666315	0.0553279	0.0654678
	0.115847	0.110122	0.199781	0.16597	0.198243
	0.0757089	0.0724216	0.13305	0.108445	0.131505
	0.038664	0.0371083	0.0666315	0.0553279	0.0654678
loop 60
	0.0383508	0.0368055	0.0676188	0.054902	0.0664651
	0.115882	0.110155	0.199808	0.166001	0.198269
	0.0876953	0.0828345	0.153292	0.126969	0.151722
	0.0383508	0.0368055	0.0676188	0.054902	0.0664651
loop 61
	0.040066	0.0372606	0.0692017	0.0579599	0.0680533
	0.115876	0.11015	0.199781	0.165991	0.198256
	0.105297	0.100194	0.182032	0.150139	0.180078
	0.040066	0.0372606	0.0692017	0.0579599	0.0680533
loop 62
	0.0412657	0.0384156	0.0707921	0.0579599	0.069591
	0.115876	0.11015	0.199795	0.16597	0.198243
	0.131606	0.126039	0.222399	0.185855	0.22222
	0.0412657	0.0384156	0.0707921	0.0579599	0.069591
loop 63
	0.0416768	0.0388658	0.0722451	0.0595278	0.0710768
	0.115853	0.110128	0.199768	0.16597	0.19823
	0.124846	0.119287	0.210834	0.176753	0.210602
	0.0416768	0.0388658	0.0722451	0.0595278	0.0710768
loop 64
	0.038628	0.0370713	0.0665522	0.0552731	0.0669008
	0.115847	0.110122	0.199768	0.16596	0.19823
	0.126089	0.118595	0.211885	0.175704	0.211717
	0.038628	0.0370713	0.0665522	0.0552731	0.0669008
loop 65
	0.0409442	0.0394091	0.0716953	0.0588955	0.0705066
	0.115859	0.110133	0.199768	0.16596	0.198216
	0.117204	0.111716	0.19747	0.164139	0.197347
	0.0409442	0.0394091	0.0716953	0.0588955	0.0705066
loop 66
	0.0400622	0.0372606	0.0691932	0.0579533	0.068045
	0.115882	0.110155	0.199795	0.166001	0.198269
	0.114492	0.110729	0.192415	0.160582	0.192187
	0.0400622	0.0372606	0.0691932	0.0579533	0.068045
loop 67
	0.0426345	0.0398277	0.0746792	0.0604558	0.073516
	0.115876	0.110155	0.199808	0.165991	0.198256
	0.143044	0.135409	0.24192	0.202397	0.24164
	0.0426345	0.0398277	0.0746792	0.0604558	0.073516
loop 68
	0.0414188	0.0399123	0.0732672	0.0605616	0.0721188
	0.115876	0.11015	0.199781	0.166001	0.198256
	0.126671	0.119149	0.212856	0.176543	0.212689
	0.0414188	0.0399123	0.0732672	0.0605616	0.0721188
loop 69
	0.044936	0.0420979	0.0786497	0.0642675	0.0774
	0.115859	0.110133	0.199781	0.16597	0.198243
	0.119256	0.11376	0.202197	0.168575	0.199826
	0.044936	0.0420979	0.0786497	0.0642675	0.0774
loop 70
	0.0437588	0.0409887	0.07681	0.0627092	0.0756539
	0.115853	0.110128	0.199768	0.16595	0.198216
	0.106858	0.103312	0.181945	0.151258	0.18189
	0.0437588	0.0409887	0.07681	0.0627092	0.0756539
loop 71
	0.0413737	0.0385905	0.0716946	0.0590801	0.0705466
	0.115841	0.110117	0.199781	0.16595	0.198216
	0.126528	0.119356	0.218291	0.180804	0.216164
	0.0413737	0.0385905	0.0716946	0.0590801	0.0705466
loop 72
	0.0417055	0.0388882	0.0722993	0.0595692	0.0711298
	0.115888	0.110161	0.199822	0.166001	0.198269
	0.0920116	0.0872167	0.160934	0.132772	0.15943
	0.0417055	0.0388882	0.0722993	0.0595692	0.0711298
loop 73
	0.039011	0.0374764	0.0680947	0.056864	0.0684342
	0.115882	0.110155	0.199795	0.166001	0.198269
	0.128084	0.122765	0.222753	0.182666	0.220535
	0.039011	0.0374764	0.0680947	0.056864	0.0684342
loop 74
	0.040166	0.0373476	0.0694133	0.0566976	0.0682437
	0.115876	0.110155	0.199795	0.165991	0.198269
	0.122721	0.117137	0.2066	0.172593	0.20644
	0.040166	0.0373476	0.0694133	0.0566976	0.0682437
loop 75
	0.0416522	0.0388547	0.0721278	0.0594521	0.0709796
	0.11587	0.110144	0.199781	0.16597	0.19823
	0.11675	0.111197	0.197944	0.16421	0.197733
	0.0416522	0.0388547	0.0721278	0.0594521	0.0709796
loop 76
	0.0440057	0.0411935	0.0759381	0.0632011	0.0747479
	0.115859	0.110122	0.199795	0.16596	0.19823
	0.0953038	0.091736	0.159675	0.133647	0.15963
	0.0440057	0.0411935	0.0759381	0.0632011	0.0747479
loop 77
	0.0432507	0.040456	0.0750745	0.0609501	0.0739171
	0.115859	0.110133	0.199781	0.16597	0.19823
	0.126206	0.120548	0.212954	0.176418	0.212755
	0.0432507	0.040456	0.0750745	0.0609501	0.0739171
loop 78
	0.0412754	0.03977	0.0730092	0.06035	0.0718571
	0.115847	0.110122	0.199781	0.16597	0.198243
	0.115976	0.112339	0.196612	0.16522	0.1964
	0.0412754	0.03977	0.0730092	0.06035	0.0718571
loop 79
	0.0415744	0.0387691	0.0721188	0.0594038	0.0709442
	0.115882	0.110155	0.199808	0.166001	0.198269
	0.104118	0.0987668	0.17678	0.146333	0.174604
	0.0415744	0.0387691	0.0721188	0.0594038	0.0709442
loop 80
	0.0449129	0.0421233	0.0781295	0.0639654	0.07697
	0.115876	0.11015	0.199781	0.165991	0.198256
	0.0695489	0.0664339	0.122103	0.100589	0.120564
	0.0449129	0.0421233	0.0781295	0.0639654	0.07697
loop 81
	0.0438575	0.0410747	0.07703	0.0628833	0.0758695
	0.115876	0.11015	0.199795	0.16597	0.198243
	0.0541575	0.0511298	0.0946376	0.0776337	0.0932426
	0.0438575	0.0410747	0.07703	0.0628833	0.0758695
loop 82
	0.0423049	0.0395202	0.0725944	0.0599901	0.0729539
	0.115853	0.110128	0.199768	0.16597	0.19823
	0.0925549	0.0874124	0.156985	0.129678	0.155025
	0.0423049	0.0395202	0.0725944	0.0599901	0.0729539
loop 83
	0.0476022	0.0460246	0.0818555	0.0687192	0.082061
	0.115847	0.110122	0.199768	0.16596	0.19823
	0.109068	0.10375	0.185076	0.154728	0.18496
	0.0476022	0.0460246	0.0818555	0.0687192	0.082061
loop 84
	0.0411443	0.039647	0.0728156	0.0601806	0.0716675
	0.115859	0.110133	0.199768	0.16596	0.198216
	0.108077	0.104647	0.185446	0.153268	0.185359
	0.0411443	0.039647	0.0728156	0.0601806	0.0716675
loop 85
	0.0434266	0.0419542	0.0778132	0.0637099	0.07666
	0.115882	0.110155	0.199795	0.166001	0.198269
	0.10342	0.0999631	0.176527	0.146611	0.1765
	0.0434266	0.0419542	0.0778132	0.0637099	0.07666
loop 86
	0.0434535	0.0419838	0.07631	0.0637409	0.07669
	0.115876	0.110155	0.199808	0.165991	0.198256
	0.10624	0.100977	0.179661	0.149626	0.179577
	0.0434535	0.0419838	0.07631	0.0637409	0.07669
loop 87
	0.0439024	0.0411156	0.0756049	0.0629665	0.0744406
	0.115876	0.11015	0.199781	0.166001	0.198256
	0.107157	0.101858	0.180972	0.150787	0.178783
	0.0439024	0.0411156	0.0756049	0.0629665	0.0744406
loop 88
	0.0435882	0.0408248	0.07654	0.0624897	0.0753893
	0.115859	0.110133	0.199781	0.16597	0.198243
	0.0924556	0.088975	0.157464	0.12989	0.155407
	0.0435882	0.0408248	0.07654	0.0624897	0.0753893
loop 89
	0.0428369	0.0400671	0.0743926	0.061801	0.0747575
	0.115853	0.110128	0.199768	0.16595	0.198216
	0.104566	0.101008	0.179262	0.14871	0.177003
	0.0428369	0.0400671	0.0743926	0.061801	0.0747575
loop 90
	0.0438351	0.0410296	0.0757127	0.0629968	0.0745078
	0.115841	0.110117	0.199781	0.16595	0.198216
	0.0969133	0.0918162	0.165025	0.137701	0.163051
	0.0438351	0.0410296	0.0757127	0.0629968	0.0745078
loop 91
	0.0397585	0.0382356	0.0702212	0.05754	0.0690662
	0.115888	0.110161	0.199822	0.166001	0.198269
	0.0908478	0.0876312	0.158184	0.131823	0.156403
	0.0397585	0.0382356	0.0702212	0.05754	0.0690662
loop 92
	0.0420683	0.0392895	0.0737854	0.0611307	0.0726221
	0.115882	0.110155	0.199795	0.166001	0.198269
	0.0945818	0.0897895	0.166513	0.136547	0.164754
	0.0420683	0.0392895	0.0737854	0.0611307	0.0726221
loop 93
	0.0422247	0.0394433	0.0739736	0.0598772	0.0728156
	0.115876	0.110155	0.199795	0.165991	0.198269
	0.0558632	0.0530006	0.0993477	0.0813286	0.0980817
	0.0422247	0.0394433	0.0739736	0.0598772	0.0728156
loop 94
	0.041558	0.0387542	0.0720737	0.0593763	0.0709001
	0.11587	0.110144	0.199781	0.16597	0.19823
	0.0585526	0.0542997	0.101857	0.0839104	0.10057
	0.041558	0.0387542	0.0720737	0.0593763	0.0709001
loop 95
	0.0421317	0.0393549	0.0738418	0.0611958	0.0726958
	0.115859	0.110133	0.199795	0.16596	0.19823
	0.056672	0.052423	0.0983591	0.0804905	0.0970824
	0.0421317	0.0393549	0.0738418	0.0611958	0.0726958
loop 96
	0.0437543	0.0409805	0.07683	0.0627243	0.0756735
	0.115859	0.110133	0.199781	0.16597	0.19823
	0.0838782	0.0808703	0.147514	0.120777	0.145908
	0.0437543	0.0409805	0.07683	0.0627243	0.0756735
loop 97
	0.0422162	0.0394356	0.0739547	0.0598631	0.0727972
	0.115847	0.110122	0.199781	0.16597	0.198243
	0.0792993	0.074796	0.138157	0.113829	0.136615
	0.0422162	0.0394356	0.0739547	0.0598631	0.0727972
loop 98
	0.0457389	0.0429066	0.0793721	0.0650235	0.0781295
	0.115882	0.110155	0.199808	0.166001	0.198269
	0.074771	0.0715742	0.130218	0.108204	0.128583
	0.0457389	0.0429066	0.0793721	0.0650235	0.0781295
loop 99
	0.0444135	0.0429371	0.0788935	0.0647542	0.0777418
	0.115876	0.11015	0.199781	0.165991	0.198256
	0.0645554	0.061491	0.114037	0.0931579	0.112578
	0.0444135	0.0429371	0.0788935	0.0647542	0.0777418
loop 100
	0.0420599	0.0392857	0.0737289	0.0610946	0.072576
	0.115876	0.11015	0.199795	0.16597	0.198243
	0.0788296	0.074081	0.135038	0.111609	0.133362
	0.0420599	0.0392857	0.0737289	0.0610946	0.072576
loop 101
	0.0444783	0.0417008	0.0775276	0.0634311	0.07636
	0.115853	0.110128	0.199768	0.16597	0.19823
	0.0842036	0.08101	0.144506	0.120713	0.144684
	0.0444783	0.0417008	0.0775276	0.0634311	0.07636
loop 102
	0.0420768	0.0393049	0.0737383	0.0611091	0.0725852
	0.115847	0.110122	0.199768	0.16596	0.19823
	0.093172	0.0882477	0.159303	0.132718	0.15746
	0.0420768	0.0393049	0.0737383	0.0611091	0.0725852
loop 103
	0.0406624	0.037872	0.0711121	0.0584383	0.0699531
	0.115859	0.110133	0.199768	0.16596	0.198216
	0.0775619	0.0744333	0.135688	0.112137	0.134084
	0.0406624	0.037872	0.0711121	0.0584383	0.0699531
loop 104
	0.0429589	0.0401822	0.0745751	0.0605383	0.0734278
	0.115882	0.110155	0.199795	0.166001	0.198269
	0.0935814	0.0887756	0.162048	0.134038	0.160332
	0.0429589	0.0401822	0.0745751	0.0605383	0.0734278
loop 105
	0.0413041	0.0397777	0.0717848	0.0591007	0.0721098
	0.115876	0.110155	0.199808	0.165991	0.198256
	0.101678	0.0969639	0.180621	0.146826	0.17885
	0.0413041	0.0397777	0.0717848	0.0591007	0.0721098
loop 106
	0.0426409	0.0411607	0.0755755	0.0615273	0.074431
	0.115876	0.11015	0.199781	0.166001	0.198256
	0.0915574	0.0869208	0.161779	0.132571	0.160167
	0.0426409	0.0411607	0.0755755	0.0615273	0.074431
loop 107
	0.04285	0.040079	0.0744022	0.0618232	0.0732585
	0.115859	0.110133	0.199781	0.16597	0.198243
	0.0968335	0.0904959	0.167641	0.13819	0.165997
	0.04285	0.040079	0.0744022	0.0618232	0.0732585
loop 108
	0.0421951	0.0394125	0.0739171	0.0598349	0.0727695
	0.115853	0.110128	0.199768	0.16595	0.198216
	0.0954296	0.0906532	0.165201	0.137339	0.163366
	0.0421951	0.0394125	0.0739171	0.0598349	0.0727695
loop 109
	0.0439204	0.0411361	0.0756147	0.0629816	0.0744598
	0.115841	0.110117	0.199781	0.16595	0.198216
	0.0729935	0.0696652	0.12371	0.103393	0.123676
	0.0439204	0.0411361	0.0756147	0.0629816	0.0744598
loop 110
	0.0439024	0.0424105	0.07713	0.0629665	0.0759676
	0.115882	0.110155	0.199822	0.166001	0.198269
	0.0981978	0.0931216	0.167252	0.138205	0.165075
	0.0439024	0.0424105	0.07713	0.0629665	0.0759676
loop 111
	0.0422627	0.0394817	0.07403	0.0599337	0.0728801
	0.115882	0.110155	0.199795	0.166001	0.198269
	0.143472	0.137808	0.241938	0.20243	0.241402
	0.0422627	0.0394817	0.07403	0.0599337	0.0728801
loop 112
	0.0647631	0.0630361	0.109719	0.0920604	0.109608
	0.115876	0.110155	0.199795	0.165991	0.198269
	0.134965	0.127449	0.225251	0.188822	0.2248
	0.0647631	0.0630361	0.109719	0.0920604	0.109608
loop 113
	0.0402582	0.0374382	0.0695487	0.0568128	0.0683845
	0.11587	0.110144	0.199781	0.16597	0.19823
	0.100367	0.095061	0.168282	0.140238	0.168207
	0.0402582	0.0374382	0.0695487	0.0568128	0.0683845
loop 114
	0.0422627	0.039474	0.0740771	0.0599548	0.072917
	0.115859	0.110133	0.199795	0.16596	0.19823
	0.08801	0.0848221	0.154796	0.128034	0.153273
	0.0422627	0.039474	0.0740771	0.0599548	0.072917
loop 115
	0.0412017	0.0397008	0.0728986	0.0602512	0.0717397
	0.115859	0.110133	0.199781	0.16597	0.19823
	0.118516	0.113407	0.205912	0.171503	0.206115
	0.0412017	0.0397008	0.0728986	0.0602512	0.0717397
loop 116
	0.041386	0.0398738	0.0732764	0.0591145	0.0721007
	0.115847	0.110122	0.199781	0.16597	0.198243
	0.122438	0.116777	0.205142	0.172976	0.20486
	0.041386	0.0398738	0.0732764	0.0591145	0.0721007
loop 117
	0.0404124	0.0388993	0.070688	0.0580886	0.069538
	0.115882	0.110155	0.199808	0.166001	0.198269
	0.119682	0.113968	0.200644	0.16618	0.198065
	0.0404124	0.0388993	0.070688	0.0580886	0.069538
loop 118
	0.0453914	0.0426235	0.0798858	0.0657477	0.0787271
	0.115876	0.11015	0.199781	0.165991	0.198256
	0.119292	0.11367	0.201421	0.167334	0.198944
	0.0453914	0.0426235	0.0798858	0.0657477	0.0787271
loop 119
	0.0448158	0.0420092	0.0782009	0.0639654	0.077
	0.115876	0.11015	0.199795	0.16597	0.198243
	0.129517	0.122361	0.223196	0.183515	0.221
	0.0448158	0.0420092	0.0782009	0.0639654	0.077
loop 120
	0.0439787	0.0411935	0.07718	0.0630271	0.0760264
	0.115853	0.110128	0.199768	0.16597	0.19823
	0.116688	0.109748	0.202014	0.167689	0.200128
	0.0439787	0.0411935	0.07718	0.0630271	0.0760264
loop 121
	0.0408093	0.0392826	0.0713772	0.0586535	0.0702126
	0.115847	0.110122	0.199768	0.16596	0.19823
	0.122516	0.116864	0.204923	0.172876	0.204735
	0.0408093	0.0392826	0.0713772	0.0586535	0.0702126
loop 122
	0.0446632	0.0418867	0.077752	0.0636402	0.07659
	0.115859	0.110133	0.199768	0.16596	0.198216
	0.105932	0.100613	0.178428	0.150065	0.178347
	0.0446632	0.0418867	0.077752	0.0636402	0.07659
loop 123
	0.0448158	0.0420218	0.0780581	0.0638803	0.07688
	0.115882	0.110155	0.199795	0.166001	0.198269
	0.0686909	0.0656543	0.119749	0.0988569	0.118283
	0.0448158	0.0420218	0.0780581	0.0638803	0.07688
loop 124
	0.0440667	0.042606	0.0782901	0.0642552	0.07714
	0.115876	0.110155	0.199808	0.165991	0.198256
	0.0932304	0.0882802	0.159449	0.132851	0.159668
	0.0440667	0.042606	0.0782901	0.0642552	0.07714
loop 125
	0.0448819	0.0434311	0.0790158	0.0650187	0.0778635
	0.115876	0.11015	0.199781	0.166001	0.198256
	0.098494	0.094958	0.166258	0.1383	0.166134
	0.0448819	0.0434311	0.0790158	0.0650187	0.0778635
loop 126
	0.0451914	0.0424405	0.0795145	0.065448	0.0783733
	0.115859	0.110133	0.199781	0.16598	0.198243
	0.112637	0.10719	0.188139	0.157258	0.187995
	0.0451914	0.0424405	0.0795145	0.065448	0.0783733
loop 127
	0.0441807	0.0413327	0.0749592	0.0621486	0.0752473
	0.11856	0.112875	0.205108	0.171488	0.203527
	0.0938543	0.0886109	0.156916	0.131348	0.156916
	0.0441807	0.0413327	0.0749592	0.0621486	0.0752473

work load: parser.mips gzip.mips gcc.mips parser.mips
