loop 0
	0.000614952	0.00093024	0.0006894	0.00094968
	0.00085585	0.00138342	0.00109843	0.00139787
	0.000331164	0.000365442	0.000304092	0.000464576
	0.000991152	0.00132727	0.00105253	0.00136237
loop 1
	0.0007424	0.000910512	0.000815782	0.000929952
	0.000855825	0.00138376	0.0010984	0.00139758
	0.000314352	0.000455104	0.000393323	0.000445504
	0.000983664	0.00131872	0.0010456	0.00135225
loop 2
	0.000839377	0.00100301	0.000913248	0.00102617
	0.000852325	0.00138033	0.00109426	0.00139327
	0.000396116	0.00053865	0.000364903	0.000529416
	0.000898425	0.00107095	0.00096408	0.00109799
loop 3
	0.000544896	0.0007106	0.000626859	0.0007317
	0.00085585	0.00138342	0.00109843	0.00139787
	0.000295236	0.000431104	0.000369999	0.000535734
	0.000892617	0.00106622	0.0009576	0.00109275
loop 4
	0.000595431	0.000901584	0.000806465	0.000919728
	0.000855825	0.00138376	0.0010984	0.00139758
	0.000296784	0.000433152	0.000371861	0.000538083
	0.000883905	0.00122069	0.000948528	0.00125322
loop 5
	0.0007186	0.00103698	0.000792429	0.00106047
	0.000852325	0.00138033	0.00109426	0.00139327
	0.00024465	0.000387933	0.000323028	0.000375144
	0.000865634	0.00119854	0.000929808	0.00123088
loop 6
	0.000551488	0.0007163	0.000636255	0.000742
	0.00085585	0.00138342	0.00109843	0.00139787
	0.000327024	0.000362061	0.000300384	0.0004608
	0.000854744	0.00118247	0.0010794	0.00121481
loop 7
	0.0007309	0.00089568	0.000801867	0.0009144
	0.000855825	0.00138376	0.0010984	0.00139758
	0.00031266	0.000454528	0.000391265	0.000443584
	0.000875193	0.00121442	0.000938448	0.00124421
loop 8
	0.000629856	0.000948672	0.0007075	0.000816387
	0.000852325	0.00138033	0.00109426	0.00139327
	0.000299844	0.000437376	0.000375634	0.000542457
	0.000900845	0.00107383	0.000965232	0.00110053
loop 9
	0.000722	0.000885744	0.000796785	0.000908064
	0.00085585	0.00138342	0.00109843	0.00139787
	0.000309024	0.000449728	0.000386855	0.000556065
	0.000871563	0.00120814	0.00093528	0.0012397
loop 10
	0.000539968	0.000706	0.000619893	0.0007261
	0.000855825	0.00138376	0.0010984	0.00139758
	0.000320364	0.000463104	0.000400673	0.000452352
	0.000883421	0.00122343	0.000948384	0.00125342
loop 11
	0.000599238	0.000906192	0.000811426	0.0009252
	0.000852325	0.00138033	0.00109426	0.00139327
	0.000322704	0.000466112	0.000403564	0.000455104
	0.000888987	0.00122872	0.00095328	0.00108718
loop 12
	0.000717	0.00103479	0.000941616	0.0010576
	0.00085585	0.00138342	0.00109843	0.00139787
	0.00029556	0.00043168	0.00037044	0.000536301
	0.000874104	0.00121324	0.0009396	0.00124225
loop 13
	0.000371772	0.000530048	0.000335088	0.000425712
	0.000855825	0.00138376	0.0010984	0.00139758
	0.000296064	0.000432192	0.000371028	0.00053703
	0.000892738	0.00123421	0.000957168	0.00109191
loop 14
	0.000598509	0.000906192	0.0008107	0.000924768
	0.000852325	0.00138033	0.00109426	0.00139327
	0.000393764	0.000535734	0.000473856	0.000526905
	0.000847484	0.00117816	0.00107045	0.0012054
loop 15
	0.000611955	0.000922464	0.000832117	0.000945072
	0.00085585	0.00138342	0.00109843	0.00139787
	0.000327528	0.000362551	0.000300816	0.000461248
	0.000886083	0.00122774	0.000951696	0.00125734
loop 16
	0.000610497	0.000920016	0.0006871	0.00094536
	0.000855825	0.00138376	0.0010984	0.00139758
	0.0002337	0.000372057	0.00030888	0.000471936
	0.000877734	0.00121598	0.000942048	0.00124656
loop 17
	0.000518656	0.000824857	0.000596322	0.00084579
	0.00113473	0.00164059	0.00143046	0.00145502
	0.000307512	0.000447744	0.000385042	0.000553878
	0.000885357	0.00122304	0.00094968	0.00125538
loop 18
	0.0007333	0.000898848	0.000804287	0.000918864
	0.00077202	0.00129632	0.00131301	0.00114355
	0.000307152	0.000447104	0.000384601	0.00055323
	0.000884026	0.00122598	0.00094896	0.00108177
loop 19
	0.000828729	0.00115464	0.000902016	0.00117914
	0.00077256	0.00129705	0.0013139	0.00114317
	0.000321732	0.00046496	0.000402388	0.000454016
	0.000893222	0.00106605	0.000958896	0.00109191
loop 20
	0.00035514	0.000511936	0.000436639	0.000533632
	0.000774756	0.00130029	0.00131746	0.0011529
	0.000328176	0.000362355	0.000301356	0.00046112
	0.000871079	0.00120344	0.000934416	0.00123892
loop 21
	0.000599481	0.000906048	0.000811789	0.000925344
	0.000774144	0.0012994	0.00131633	0.00115219
	0.000318312	0.000460416	0.000398223	0.000450112
	0.000867691	0.00119736	0.0009324	0.00123166
loop 22
	0.0007215	0.00103986	0.000796059	0.00106436
	0.00077238	0.00129681	0.00131398	0.00115014
	0.000393715	0.000538083	0.000473856	0.000529335
	0.000874104	0.00120736	0.000938016	0.00124186
loop 23
	0.0005136	0.000816024	0.000591705	0.000840708
	0.000774036	0.00129859	0.00131503	0.00114534
	0.000315648	0.000461184	0.00039494	0.00057024
	0.000892496	0.00123598	0.000958032	0.00109089
loop 24
	0.000521408	0.000830302	0.000598428	0.00085063
	0.000773532	0.00129811	0.00131471	0.0011447
	0.000326844	0.000476352	0.000408562	0.00046368
	0.000875072	0.00121402	0.00094032	0.00124401
loop 25
	0.0007229	0.000888192	0.000793155	0.00090576
	0.000772596	0.00129632	0.00131325	0.00114374
	0.000316476	0.000462272	0.00039592	0.000571374
	0.000873499	0.00120599	0.00093672	0.00123931
loop 26
	0.000849299	0.00118012	0.00092448	0.00104053
	0.000774936	0.00129981	0.00131633	0.00115322
	0.000322056	0.000469888	0.000402731	0.000458112
	0.000862851	0.00119521	0.00108954	0.00122539
loop 27
	0.000460943	0.000623376	0.000545152	0.000647514
	0.00077454	0.0012994	0.00131568	0.00115264
	0.00024625	0.000395528	0.00032508	0.000381955
	0.000871442	0.00120285	0.000936432	0.00123892
loop 28
	0.000606447	0.000916416	0.0006788	0.000936288
	0.0007722	0.00129689	0.00131398	0.00114989
	0.000256225	0.000410669	0.000338004	0.000395283
	0.000994896	0.00133425	0.00105642	0.00136665
loop 29
	0.0007191	0.0010358	0.000792913	0.00105929
	0.000774324	0.00129956	0.00131617	0.00114586
	0.000250375	0.000401653	0.000330372	0.000387198
	0.000860552	0.00119344	0.00108413	0.001225
loop 30
	0.000616572	0.000927504	0.0006944	0.000801141
	0.000773604	0.00129875	0.0013156	0.00114477
	0.00032454	0.000473216	0.000405769	0.000460928
	0.0010008	0.00134415	0.00106284	0.00137475
loop 31
	0.000628398	0.000794849	0.0007051	0.000813241
	0.000772632	0.00129721	0.00131414	0.00114362
	0.000307872	0.00045056	0.000385434	0.000558738
	0.00101088	0.00135585	0.00107281	0.00120893

work load: ammp.mips bzip2.mips crafty.mips equake.mips
