loop 0
	0.15382	0.171168	0.144087	0.172732	0.843366	0.150425	0.439248	0.139152
	0.102506	0.117133	0.0974133	0.126123	1.32816	0.103871	0.0897473	0.0861695
	0.19902	0.214773	0.171553	0.215904	1.43859	0.1849	0.155331	0.148326
	1.61182	2.33889	1.85953	1.15777	4.66315	1.00828	0.880861	1.60767
	0.202572	0.235297	0.183412	0.220183	1.54798	0.19133	0.1629	0.156578
	0.322529	0.36072	0.296557	0.36606	1.61151	0.315002	0.265753	0.249206
	0.221224	0.234054	0.1919	0.239373	1.42627	0.199411	0.171359	0.163196
	0.251181	0.281799	0.23042	0.282973	1.55463	0.243358	0.205589	0.196133
loop 1
	0.159994	0.176709	0.148286	0.178531	0.779507	0.157511	0.470895	0.136821
	0.095875	0.112788	0.0930118	0.121613	1.32402	0.0990825	0.0847827	0.081585
	0.189407	0.209526	0.166722	0.21083	1.42963	0.17965	0.15397	0.146957
	1.61192	2.33889	1.85967	1.15793	4.66315	1.00845	0.880962	1.60767
	0.199919	0.231988	0.180381	0.221194	1.54944	0.187787	0.163776	0.153721
	0.325655	0.363618	0.29519	0.364373	1.61325	0.313566	0.269017	0.252162
	0.233239	0.243504	0.197487	0.24888	1.44075	0.209284	0.181561	0.169331
	0.2558	0.291367	0.234874	0.28775	1.55798	0.248461	0.210715	0.19703
loop 2
	0.162217	0.175144	0.146992	0.177364	0.795998	0.155951	0.458331	0.138568
	0.0917706	0.111473	0.0916875	0.116655	1.32009	0.097805	0.0832712	0.079989
	0.191541	0.20963	0.166624	0.21098	1.4335	0.179847	0.154124	0.146982
	1.61202	2.33889	1.85981	1.15788	4.66254	1.00841	0.880928	1.60779
	0.198835	0.231541	0.180167	0.220986	1.54822	0.192036	0.163513	0.153318
	0.322263	0.360388	0.292611	0.365967	1.60939	0.3103	0.265851	0.249595
	0.229191	0.238532	0.19624	0.243692	1.43101	0.20401	0.176175	0.164203
	0.261638	0.293469	0.237069	0.28988	1.55849	0.250658	0.21318	0.203235
loop 3
	0.155722	0.168147	0.143878	0.174017	0.786442	0.152804	0.455396	0.132163
	0.0939343	0.114104	0.0905175	0.11893	1.32445	0.096415	0.0820748	0.0824708
	0.20966	0.2248	0.177719	0.226203	1.45217	0.19143	0.162254	0.154906
	1.60257	2.33908	1.86063	1.15846	4.66377	1.00892	0.871791	1.60779
	0.201859	0.234533	0.183079	0.223894	1.55353	0.190533	0.162216	0.156286
	0.324979	0.362705	0.294516	0.367615	1.61032	0.312273	0.267926	0.251723
	0.224237	0.236833	0.19069	0.242154	1.42652	0.20219	0.174175	0.162309
	0.259501	0.291301	0.234987	0.288109	1.55952	0.248619	0.210696	0.20105
loop 4
	0.19234	0.196219	0.168096	0.201384	0.871829	0.176021	0.475558	0.159957
	0.102812	0.117383	0.0977785	0.122493	1.33318	0.104141	0.0861953	0.0863568
	0.199471	0.214957	0.171806	0.216611	1.44344	0.185526	0.155866	0.148499
	1.60267	2.33963	1.86022	1.15856	4.66315	1.009	0.871857	1.60815
	0.198959	0.231135	0.183836	0.220255	1.54798	0.191535	0.163086	0.157156
	0.331778	0.367048	0.299215	0.372027	1.61469	0.316966	0.272938	0.256542
	0.232396	0.240992	0.198813	0.246399	1.43675	0.206759	0.178961	0.166754
	0.268323	0.298647	0.242123	0.299538	1.56774	0.255993	0.21852	0.204532
loop 5
	0.161474	0.175449	0.145716	0.177473	0.82143	0.155756	0.454772	0.139429
	0.0966975	0.112805	0.0931002	0.12171	1.32533	0.0992412	0.0849285	0.0815806
	0.194878	0.217159	0.174433	0.218683	1.44103	0.187742	0.158272	0.150549
	1.60247	2.33944	1.86049	1.1584	4.66377	1.00887	0.871757	1.60767
	0.212307	0.242653	0.191055	0.227307	1.55787	0.198951	0.170915	0.160314
	0.312085	0.354092	0.286224	0.354617	1.60541	0.303784	0.259216	0.243308
	0.23437	0.247228	0.201134	0.248724	1.43725	0.209178	0.181468	0.168975
	0.256203	0.284838	0.229017	0.28564	1.55285	0.241713	0.208438	0.195307
loop 6
	0.166728	0.179634	0.151435	0.181506	0.784176	0.160631	0.472044	0.139796
	0.0936246	0.113575	0.0937582	0.118465	1.32467	0.0999434	0.0855319	0.0822698
	0.214853	0.232202	0.185599	0.233818	1.45901	0.199254	0.170325	0.162313
	1.61202	2.33889	1.85967	1.15793	4.66315	1.00845	0.880995	1.60767
	0.201534	0.234565	0.183117	0.223958	1.55451	0.190583	0.162259	0.156365
	0.317215	0.359131	0.291121	0.36405	1.60488	0.308585	0.264305	0.248386
	0.228978	0.242493	0.196407	0.243842	1.43176	0.208205	0.176288	0.167823
	0.25395	0.285725	0.230106	0.282837	1.55336	0.243171	0.2054	0.195826
loop 7
	0.152857	0.16808	0.139726	0.170285	0.80144	0.148387	0.440422	0.130889
	0.0938167	0.113905	0.0938883	0.11875	1.32576	0.09627	0.0857203	0.0823736
	0.198153	0.219832	0.177031	0.221577	1.44054	0.186551	0.161261	0.153294
	1.61182	2.33889	1.85953	1.15772	4.66315	1.00828	0.880828	1.60767
	0.202888	0.231375	0.184002	0.220733	1.54847	0.19181	0.163316	0.157052
	0.317271	0.359629	0.29139	0.359823	1.59918	0.309098	0.264723	0.248688
	0.232615	0.243245	0.197285	0.248681	1.4335	0.209072	0.177462	0.169153
	0.252992	0.288637	0.232768	0.285655	1.55824	0.246079	0.208401	0.198637
loop 8
	0.195923	0.197101	0.167488	0.202924	0.830064	0.178435	0.487802	0.158682
	0.105445	0.119971	0.096638	0.125162	1.33472	0.102972	0.0889675	0.0854444
	0.195064	0.211798	0.17183	0.217319	1.44006	0.182232	0.156639	0.148627
	1.61192	2.33889	1.85967	1.15793	4.66315	1.00841	0.880962	1.60731
	0.201447	0.234013	0.18261	0.223036	1.55378	0.194425	0.166061	0.156115
	0.324187	0.362153	0.293787	0.366913	1.60461	0.311465	0.267261	0.251108
	0.235987	0.246408	0.20041	0.247803	1.4335	0.208446	0.180816	0.168594
	0.253222	0.288784	0.232596	0.285671	1.56414	0.246127	0.208429	0.198549
loop 9
	0.159828	0.173538	0.14635	0.178978	0.844627	0.157127	0.448226	0.141611
	0.0946978	0.110874	0.0910175	0.115712	1.31879	0.09709	0.0826517	0.0795362
	0.199821	0.214005	0.173542	0.219394	1.44467	0.18452	0.159021	0.150555
	1.60267	2.33963	1.86036	1.15856	4.66315	1.009	0.87189	1.60827
	0.202128	0.235064	0.183457	0.21984	1.55402	0.191055	0.162665	0.15662
	0.317571	0.359653	0.291875	0.360028	1.61005	0.309398	0.264974	0.24899
	0.241392	0.249486	0.203136	0.250747	1.43849	0.211247	0.179716	0.171181
	0.259316	0.291101	0.234811	0.287828	1.55798	0.248437	0.210865	0.20094
loop 10
	0.167078	0.180559	0.151649	0.182655	0.800698	0.16156	0.464949	0.143154
	0.0945634	0.111264	0.091385	0.11607	1.31814	0.097355	0.0828744	0.0798155
	0.199158	0.216983	0.177015	0.222399	1.451	0.187442	0.157978	0.153946
	1.60247	2.33963	1.86063	1.15846	4.66377	1.00892	0.871791	1.60779
	0.203285	0.231447	0.184176	0.220607	1.55451	0.191789	0.163305	0.15732
	0.32496	0.362177	0.294188	0.367194	1.60594	0.311806	0.26753	0.251415
	0.238252	0.245896	0.199804	0.251366	1.43849	0.211756	0.180148	0.171657
	0.25684	0.284451	0.232818	0.285947	1.55875	0.24176	0.208512	0.194808
loop 11
	0.157084	0.172824	0.144586	0.174824	0.779507	0.153379	0.458543	0.136319
	0.0943305	0.110729	0.0910525	0.115792	1.31901	0.0970675	0.0826285	0.0795193
	0.19809	0.214925	0.174976	0.216507	1.44103	0.185779	0.156103	0.151749
	1.60257	2.33963	1.86022	1.15856	4.66315	1.009	0.871857	1.60815
	0.203285	0.231458	0.184252	0.220752	1.55427	0.191909	0.163404	0.157277
	0.32152	0.363498	0.295063	0.363888	1.60779	0.313171	0.268677	0.247954
	0.237821	0.249486	0.203213	0.250776	1.43849	0.211258	0.17975	0.171181
	0.266366	0.296834	0.23689	0.294016	1.56903	0.250104	0.212911	0.203061
loop 12
	0.160279	0.173825	0.145694	0.18009	0.802443	0.154719	0.450073	0.13762
	0.09616	0.113028	0.093186	0.121788	1.32402	0.0992568	0.0849325	0.0816999
	0.185296	0.207611	0.167752	0.209516	1.43278	0.178325	0.152411	0.144209
	1.61182	2.33889	1.85994	1.15777	4.66315	1.00832	0.880861	1.60767
	0.212618	0.243102	0.191217	0.22773	1.55787	0.199383	0.171289	0.160442
	0.321825	0.363426	0.294771	0.363726	1.60779	0.312991	0.268521	0.251913
	0.243614	0.25155	0.205169	0.252718	1.44348	0.213301	0.18583	0.173468
	0.261221	0.292928	0.236648	0.290007	1.559	0.250375	0.212911	0.203122
loop 13
	0.192442	0.197316	0.165837	0.202549	0.854149	0.177472	0.481237	0.158571
	0.102194	0.120463	0.0970678	0.125647	1.33384	0.10336	0.0893055	0.0857037
	0.208007	0.222786	0.178447	0.224678	1.45513	0.189916	0.160525	0.155505
	1.61202	2.33889	1.85967	1.15793	4.66315	1.00845	0.880995	1.60767
	0.204331	0.237638	0.185717	0.222216	1.55329	0.193659	0.165386	0.159033
	0.321234	0.363066	0.295063	0.363495	1.6062	0.312901	0.268478	0.248054
	0.258778	0.264143	0.214001	0.265828	1.45874	0.226863	0.19169	0.182562
	0.2708	0.305535	0.250097	0.305984	1.55664	0.263075	0.226552	0.212585
loop 14
	0.165988	0.176207	0.150086	0.182476	0.841085	0.156401	0.452871	0.142631
	0.0913997	0.111846	0.0882824	0.116659	1.3164	0.0940664	0.0833796	0.0803297
	0.200568	0.214611	0.174571	0.215997	1.45002	0.18528	0.155671	0.151572
	1.61182	2.33889	1.85953	1.15772	4.66315	1.00828	0.880828	1.60755
	0.202152	0.235265	0.183223	0.219867	1.55353	0.191076	0.162686	0.156438
	0.321329	0.362946	0.294698	0.362918	1.60541	0.312345	0.268011	0.247709
	0.248976	0.257109	0.206986	0.258691	1.44999	0.219512	0.188054	0.175293
	0.267739	0.302644	0.247276	0.302446	1.55355	0.259903	0.223341	0.209817
loop 15
	0.157887	0.174276	0.14587	0.175959	0.771805	0.154856	0.466136	0.1382
	0.0910564	0.108491	0.0883568	0.116749	1.31662	0.0940904	0.0796512	0.0804905
	0.197638	0.214979	0.174798	0.216008	1.44491	0.185177	0.155604	0.151782
	1.60257	2.33908	1.86022	1.15851	4.66377	1.00896	0.871824	1.60779
	0.202144	0.234915	0.182776	0.219569	1.55402	0.190837	0.162478	0.156109
	0.32013	0.362009	0.294042	0.366725	1.60488	0.316094	0.267232	0.251269
	0.24889	0.254427	0.204349	0.25593	1.45348	0.21654	0.185097	0.176294
	0.266907	0.296715	0.245362	0.300987	1.54949	0.258245	0.217047	0.207451
loop 16
	0.156696	0.172604	0.144469	0.174925	0.802829	0.153326	0.446485	0.135734
	0.09621	0.113442	0.0932849	0.11777	1.3164	0.0993504	0.0850135	0.0820599
	0.2093	0.226416	0.18363	0.228087	1.4595	0.193487	0.168526	0.15677
	1.60267	2.33963	1.86022	1.15856	4.66315	1.009	0.871857	1.60815
	0.201938	0.235127	0.183442	0.219867	1.55378	0.191126	0.162725	0.156572
	0.331416	0.37104	0.301943	0.375821	1.61496	0.320537	0.271957	0.255347
	0.250756	0.255516	0.209509	0.261315	1.45297	0.222071	0.186772	0.177823
	0.266538	0.300691	0.245444	0.300541	1.55129	0.258007	0.221095	0.207678
loop 17
	0.187931	0.190761	0.162706	0.197129	0.813037	0.172705	0.471608	0.151589
	0.104267	0.120037	0.0964723	0.124817	1.33186	0.102703	0.0887223	0.0854828
	0.19753	0.21695	0.177321	0.21863	1.44663	0.187847	0.15834	0.153966
	1.60247	2.33963	1.86063	1.1584	4.66377	1.00892	0.871791	1.60779
	0.204954	0.234088	0.18653	0.223276	1.5528	0.194562	0.166168	0.155726
	0.317928	0.359629	0.291085	0.359868	1.59786	0.309009	0.264667	0.248602
	0.250698	0.256172	0.206277	0.257768	1.44569	0.218561	0.187251	0.174679
	0.269381	0.299506	0.244171	0.303735	1.54949	0.256618	0.219899	0.2106
loop 18
	0.162254	0.177154	0.148402	0.182035	0.850842	0.15551	0.460886	0.143151
	0.0946306	0.110955	0.0913175	0.11621	1.31944	0.0974125	0.0829266	0.0796251
	0.21161	0.226951	0.183267	0.22827	1.45876	0.193755	0.164691	0.160337
	1.60257	2.33944	1.86022	1.15856	4.66377	1.009	0.871857	1.60815
	0.205821	0.234873	0.183041	0.219587	1.55378	0.190766	0.162413	0.156322
	0.324322	0.361336	0.296898	0.366327	1.60435	0.315566	0.266737	0.250273
	0.24827	0.250551	0.204484	0.256064	1.44797	0.216641	0.185211	0.176385
	0.268114	0.302663	0.247276	0.302446	1.55509	0.259862	0.222948	0.209629
loop 19
	0.166111	0.175751	0.150553	0.182129	0.8066	0.156411	0.460853	0.141203
	0.0938623	0.113609	0.0937348	0.118512	1.3262	0.0999928	0.0855805	0.0822389
	0.196619	0.214189	0.174693	0.219797	1.44977	0.184734	0.15922	0.151658
	1.61182	2.33889	1.85953	1.15777	4.66315	1.00828	0.880861	1.60767
	0.213544	0.239298	0.187744	0.228642	1.56368	0.195565	0.167504	0.161178
	0.321177	0.358064	0.293823	0.362848	1.59733	0.312057	0.263289	0.247248
	0.249805	0.256641	0.206448	0.257949	1.45246	0.218733	0.187422	0.174914
	0.272381	0.30026	0.244924	0.304432	1.55638	0.257464	0.220502	0.207202
loop 20
	0.161073	0.174107	0.146028	0.180238	0.788373	0.154905	0.466445	0.13804
	0.0947339	0.110834	0.091165	0.116004	1.31966	0.0972275	0.0827717	0.0796103
	0.19244	0.215206	0.171814	0.216955	1.43691	0.181914	0.156365	0.148365
	1.61192	2.33889	1.85967	1.15793	4.66315	1.00845	0.880962	1.60767
	0.200074	0.232373	0.180832	0.217101	1.54895	0.188207	0.159742	0.15397
	0.322893	0.364991	0.295788	0.369851	1.60408	0.314418	0.270245	0.253489
	0.255014	0.257525	0.211446	0.263219	1.45645	0.224028	0.188836	0.180013
	0.268963	0.299506	0.244239	0.303247	1.54949	0.256591	0.219753	0.210666
loop 21
	0.164463	0.177504	0.149383	0.179843	0.812329	0.15858	0.449884	0.137153
	0.102416	0.117729	0.0943372	0.122816	1.33208	0.100513	0.0864111	0.0830661
	0.197611	0.217523	0.17398	0.21932	1.43981	0.184306	0.158858	0.150778
	1.61202	2.33889	1.85981	1.15788	4.66254	1.00841	0.880928	1.60779
	0.205141	0.238006	0.186081	0.222815	1.5528	0.19415	0.165808	0.159389
	0.323124	0.364748	0.295622	0.369448	1.60329	0.314126	0.270014	0.25337
	0.25741	0.263193	0.217022	0.269096	1.459	0.225992	0.194894	0.181698
	0.270756	0.305461	0.250055	0.309454	1.55941	0.262678	0.22228	0.212563
loop 22
	0.190701	0.195356	0.164749	0.200758	0.832756	0.171465	0.484399	0.154753
	0.0961225	0.113891	0.09007	0.118274	1.32271	0.099764	0.0853679	0.0823316
	0.20976	0.227355	0.183798	0.228877	1.45488	0.194317	0.165195	0.156975
	1.60257	2.33908	1.86063	1.15846	4.66377	1.00892	0.871791	1.60779
	0.201273	0.234703	0.18289	0.219515	1.55353	0.190766	0.162413	0.156195
	0.32324	0.36504	0.299929	0.3694	1.61085	0.318723	0.269928	0.253668
	0.253341	0.25625	0.206403	0.257828	1.45272	0.218687	0.187359	0.178468
	0.262815	0.297317	0.241737	0.301484	1.54518	0.254397	0.217985	0.207981
loop 23
	0.159297	0.173033	0.146013	0.178899	0.848821	0.15247	0.442871	0.141466
	0.0952405	0.11114	0.0914825	0.116429	1.32053	0.0976825	0.0831648	0.0796928
	0.22574	0.238944	0.19555	0.240895	1.47338	0.206813	0.174043	0.165404
	1.60267	2.33963	1.86022	1.15856	4.66315	1.009	0.871857	1.60815
	0.202326	0.235148	0.183245	0.219804	1.55427	0.191034	0.162648	0.156468
	0.32681	0.368429	0.298784	0.373228	1.61138	0.317706	0.273509	0.256421
	0.254379	0.261499	0.211553	0.263266	1.45594	0.22429	0.189057	0.179985
	0.269093	0.303373	0.247583	0.3033	1.55001	0.260522	0.219826	0.20985
loop 24
	0.161589	0.173945	0.149467	0.180048	0.783984	0.154664	0.464854	0.1375
	0.0973975	0.113672	0.09042	0.118915	1.32554	0.09635	0.0857911	0.082314
	0.197711	0.220248	0.177445	0.221609	1.44589	0.186697	0.161376	0.153852
	1.60247	2.33944	1.86049	1.1584	4.66377	1.00887	0.871757	1.60767
	0.205448	0.233812	0.182542	0.223285	1.55305	0.194483	0.166101	0.155799
	0.326536	0.367985	0.298615	0.372748	1.61138	0.317391	0.27326	0.256361
	0.257594	0.257588	0.211672	0.263375	1.45594	0.224194	0.189002	0.180022
	0.271107	0.305924	0.246204	0.305542	1.5538	0.263116	0.222651	0.212754

work load: swim parser vpr bzip2 twolf equake ammp mesa
