loop 0
0.0579407	0.055158	0.101702	0.0842074
0.0430682	0.040035	0.0728148	0.0608
0.115847	0.110122	0.199781	0.16598
0.0306375	0.029035	0.0520056	0.0435386
loop 1
0.0594099	0.0565325	0.103075	0.0850358
0.0419245	0.0402612	0.0402612	0.0596016
0.115847	0.110122	0.199768	0.16597
0.0296091	0.0280101	0.0522958	0.0522958
loop 2
0.0564288	0.0536456	0.100426	0.0812606
0.0420845	0.0390594	0.0718389	0.05982
0.115841	0.110111	0.199781	0.16597
0.0306125	0.0290074	0.0519563	0.0435006
loop 3
0.0569036	0.0541476	0.102194	0.083079
0.042092	0.0390695	0.0718389	0.0598262
0.115882	0.110155	0.199822	0.165991
0.0315085	0.0298973	0.0528975	0.0528975
loop 4
0.0559936	0.0532365	0.099648	0.0821914
0.042118	0.0390897	0.0718713	0.0598512
0.115876	0.11015	0.199795	0.166001
0.0306825	0.0290742	0.0520822	0.0436062
loop 5
0.0583535	0.0555043	0.103117	0.0852475
0.0420994	0.0390729	0.0718308	0.05982
0.115876	0.11015	0.199795	0.16598
0.030655	0.0290488	0.0520275	0.043564
loop 6
0.0576064	0.0547662	0.10077	0.0829479
0.0418836	0.040223	0.0730964	0.0595329
0.115853	0.110128	0.199768	0.16596
0.0305775	0.0289751	0.0533081	0.0434499
loop 7
0.0580954	0.055314	0.101911	0.082843
0.0429798	0.0399549	0.0742716	0.0606784
0.115835	0.110106	0.199781	0.16596
0.0303625	0.0287654	0.0530325	0.0445401
loop 8
0.0562112	0.0534262	0.0983765	0.0809578
0.0420733	0.0390527	0.0717822	0.0717822
0.115847	0.110122	0.199781	0.16597
0.0305625	0.028959	0.0518906	0.0434414
loop 9
0.0557696	0.0530171	0.0992736	0.0818717
0.0420696	0.040404	0.0718065	0.0597888
0.115876	0.110144	0.199808	0.166011
0.0306225	0.0290166	0.0519727	0.0435175
loop 10
0.0612639	0.0583872	0.106569	0.0884714
0.0420064	0.0403413	0.0717093	0.0597076
0.11587	0.110144	0.199795	0.166001
0.0305625	0.028959	0.0518796	0.043433
loop 11
0.0569152	0.0541081	0.0995518	0.0819312
0.0420473	0.0403796	0.071766	0.0597576
0.115876	0.11015	0.199781	0.165991
0.0314539	0.0298468	0.0528131	0.0443528
loop 12
0.0581962	0.0540198	0.101985	0.0829104
0.0421031	0.0390762	0.0718632	0.0598387
0.115859	0.110133	0.199795	0.16597
0.0306925	0.0290811	0.0520932	0.0436104
loop 13
0.0552141	0.0524461	0.0973566	0.0799388
0.042051	0.0403866	0.0717498	0.0597513
0.118591	0.112909	0.20515	0.171509
0.030735	0.0291226	0.0521589	0.0436738
loop 14
0.0589829	0.0561565	0.103444	0.0840902
0.0429336	0.0399097	0.0742124	0.0606208
0.115859	0.110133	0.199768	0.16596
0.0304325	0.0288369	0.0530775	0.0432556
loop 15
0.058944	0.0546713	0.102298	0.0843853
0.0418947	0.0402334	0.0731047	0.0595391
0.115882	0.110155	0.199781	0.165991
0.03066	0.0290534	0.0520275	0.043564
loop 16
0.0572907	0.0545005	0.101199	0.083652
0.0422296	0.0391973	0.0720333	0.0599885
0.115876	0.110155	0.199808	0.16598
0.030435	0.0288323	0.0531394	0.0432936
loop 17
0.0560256	0.0532602	0.0996912	0.0822355
0.0430566	0.0400245	0.0727734	0.0607616
0.115876	0.11015	0.199795	0.165991
0.0306475	0.0290396	0.0520056	0.0435471
loop 18
0.0557824	0.0530349	0.0993024	0.0818937
0.0419468	0.0402821	0.0732206	0.0596265
0.115859	0.110133	0.199781	0.16598
0.03062	0.0290166	0.0519727	0.0435133
loop 19
0.0596957	0.0568243	0.106387	0.0867033
0.0421366	0.0391099	0.0719037	0.0598824
0.115859	0.110133	0.199768	0.16596
0.0306325	0.0290235	0.0519946	0.0435302
loop 20
0.0569664	0.0541496	0.101448	0.0836687
0.0420324	0.0403692	0.0717417	0.0597389
0.115847	0.110122	0.199781	0.16596
0.03042	0.0288184	0.0531169	0.0432725
loop 21
0.0571004	0.054318	0.0991728	0.0817945
0.0419617	0.0402961	0.0732703	0.059664
0.115882	0.110161	0.199822	0.165991
0.030695	0.029088	0.0520822	0.0436147
loop 22
0.0562176	0.0534321	0.100051	0.0809686
0.0419282	0.0402682	0.0731709	0.0595891
0.115876	0.110155	0.199795	0.166001
0.0306	0.0289935	0.0519399	0.0434879
loop 23
0.0566805	0.0539225	0.100232	0.0828093
0.0421329	0.0391031	0.0718875	0.0598637
0.115876	0.11015	0.199795	0.165991
0.030625	0.0290189	0.0519837	0.0435217
loop 24
0.0604286	0.0575545	0.10584	0.0860678
0.0420361	0.0403726	0.0717336	0.0597264
0.115853	0.110128	0.199768	0.16596
0.0304225	0.0288207	0.0531225	0.0432767
loop 25
0.056704	0.0539183	0.0991553	0.0816067
0.0417422	0.0400907	0.0728645	0.0608512
0.115853	0.110128	0.199781	0.16596
0.0306925	0.0290834	0.0520932	0.0436147
loop 26
0.0580281	0.0552703	0.101717	0.0842532
0.0420287	0.0403622	0.0403622	0.0597389
0.115859	0.110133	0.199768	0.16597
0.0304825	0.0288852	0.053145	0.0433189
loop 27
0.0560384	0.053278	0.09972	0.0806982
0.0409104	0.0392512	0.0721467	0.0600821
0.115882	0.110155	0.199795	0.166001
0.0305425	0.0289428	0.0532519	0.0434034
loop 28
0.0581501	0.0553036	0.102765	0.0849442
0.0418538	0.0401916	0.0730881	0.0610304
0.115882	0.110155	0.199795	0.166001
0.0296139	0.0280145	0.0523122	0.0424673
loop 29
0.0573632	0.0545349	0.102082	0.0826126
0.0421515	0.03912	0.0719199	0.0598886
0.115876	0.11015	0.199781	0.16598
0.030315	0.0287217	0.0529481	0.0444617
loop 30
0.0582433	0.0540624	0.102149	0.083034
0.0419878	0.0403274	0.073262	0.0596702
0.11587	0.110144	0.199808	0.16597
0.03082	0.0292078	0.0522903	0.0437837
loop 31
0.0573759	0.053195	0.099648	0.0821803
0.0419245	0.0402612	0.0731626	0.0595891
0.115853	0.110128	0.199781	0.16597
0.0307025	0.0290926	0.0521041	0.0436274

work load: swim.mips twolf.mips bzip2.mips parser.mips
