loop 0
	0.0450819	0.0423055	0.0781132	0.0640254	0.0769155
	0.0401813	0.0386136	0.0712505	0.0583142	0.0700227
	0.115847	0.110122	0.199781	0.16598	0.198243
	0.0306375	0.029035	0.0520056	0.0435386	0.0508919
loop 1
	0.0433368	0.0405586	0.0748992	0.062308	0.0752227
	0.0401467	0.0385812	0.0696672	0.0582617	0.0699634
	0.115847	0.110122	0.199768	0.16597	0.198203
	0.0296091	0.0280101	0.0522958	0.042455	0.0511797
loop 2
	0.0423403	0.0408412	0.0753697	0.0612685	0.0741717
	0.0414403	0.0385668	0.0711553	0.0582354	0.0699296
	0.115841	0.110111	0.199781	0.16597	0.198203
	0.0306125	0.0290074	0.0519563	0.0435006	0.0522465
loop 3
	0.0444274	0.0416374	0.07611	0.0634698	0.074909
	0.0414761	0.0385992	0.0712764	0.0583207	0.0700396
	0.115882	0.110155	0.199822	0.165991	0.198269
	0.0315085	0.0298973	0.0528975	0.0444268	0.0531844
loop 4
	0.0447677	0.0432784	0.0792492	0.0650997	0.0780404
	0.0403428	0.038772	0.0699634	0.0585241	0.0687571
	0.115876	0.11015	0.199795	0.166001	0.198269
	0.0306825	0.0290742	0.0520822	0.0436062	0.0523725
loop 5
	0.0441916	0.0414134	0.0772522	0.0631446	0.07605
	0.0405196	0.037654	0.0687406	0.0573376	0.0690387
	0.115876	0.11015	0.199795	0.16598	0.198256
	0.030655	0.0290488	0.0520275	0.043564	0.0523177
loop 6
	0.0441037	0.042606	0.0771604	0.0630516	0.07595
	0.0417499	0.0388548	0.0717002	0.0586816	0.0704713
	0.115853	0.110128	0.199768	0.16596	0.198216
	0.0305775	0.0289751	0.0533081	0.0434499	0.0521918
loop 7
	0.0460453	0.0432605	0.0791325	0.0650187	0.077926
	0.0414086	0.038538	0.0711121	0.0582026	0.0698872
	0.115835	0.110106	0.199781	0.16596	0.19823
	0.0303625	0.0287654	0.0530325	0.0445401	0.051907
loop 8
	0.0439974	0.0425015	0.0770278	0.064374	0.077344
	0.0405119	0.0389376	0.070302	0.057376	0.0690884
	0.115847	0.110122	0.199781	0.16597	0.19823
	0.0305625	0.028959	0.0518906	0.0434414	0.0521808
loop 9
	0.0443025	0.0415233	0.077395	0.0632762	0.0762
	0.0403928	0.0388188	0.070065	0.0571648	0.0688482
	0.115876	0.110144	0.199808	0.166011	0.198269
	0.0306225	0.0290166	0.0519727	0.0435175	0.0522629
loop 10
	0.0441037	0.0426104	0.0771196	0.064469	0.07592
	0.0404004	0.0388296	0.070065	0.0571776	0.0688565
	0.11587	0.110144	0.199795	0.166001	0.198269
	0.0305625	0.028959	0.0518796	0.043433	0.0521699
loop 11
	0.0444181	0.0416289	0.07608	0.0634466	0.0748796
	0.0415475	0.038664	0.0714321	0.0584388	0.0701835
	0.115876	0.11015	0.199781	0.165991	0.198243
	0.0314539	0.0298468	0.0528131	0.0443528	0.0531
loop 12
	0.0432201	0.0417261	0.07622	0.0621415	0.0750267
	0.0405465	0.0376783	0.070302	0.0573696	0.0690801
	0.115859	0.110133	0.199795	0.16597	0.19823
	0.0306925	0.0290811	0.0520932	0.0436104	0.0509772
loop 13
	0.0434266	0.0406446	0.0750463	0.0624291	0.0738548
	0.0404735	0.038898	0.0701835	0.0572736	0.0689642
	0.118591	0.112909	0.20515	0.171509	0.200133
	0.030735	0.0291226	0.0521589	0.0436738	0.0510465
loop 14
	0.0440066	0.0425146	0.0769869	0.0643502	0.0773134
	0.0402428	0.0386712	0.069828	0.0583995	0.0701242
	0.115859	0.110133	0.199768	0.16596	0.198216
	0.0304325	0.0288369	0.0530775	0.0432556	0.0519618
loop 15
	0.045139	0.0423534	0.0782485	0.0641284	0.0770482
	0.0406349	0.0377619	0.068931	0.0574976	0.0692292
	0.115882	0.110155	0.199781	0.165991	0.198256
	0.03066	0.0290534	0.0520275	0.043564	0.0523232
loop 16
	0.0443118	0.0415191	0.07597	0.0633382	0.07629
	0.03945	0.0378733	0.0691215	0.0576512	0.0678942
	0.115876	0.110155	0.199808	0.16598	0.198256
	0.030435	0.0288323	0.0531394	0.0432936	0.052011
loop 17
	0.0449676	0.0421835	0.07803	0.0653751	0.0768237
	0.0403697	0.0387972	0.0700227	0.0571328	0.0687985
	0.115876	0.11015	0.199795	0.165991	0.198256
	0.0306475	0.0290396	0.0520056	0.0435471	0.0523013
loop 18
	0.0439742	0.0424797	0.0769869	0.0643423	0.0773032
	0.0409799	0.039424	0.0719339	0.0590502	0.0707229
	0.115859	0.110133	0.199781	0.16598	0.198256
	0.03062	0.0290166	0.0519727	0.0435133	0.0522629
loop 19
	0.043238	0.0417388	0.07635	0.0622172	0.0751345
	0.0411268	0.039558	0.0707229	0.059299	0.0710169
	0.115859	0.110133	0.199768	0.16596	0.198216
	0.0306325	0.0290235	0.0519946	0.0435302	0.0508813
loop 20
	0.0433278	0.0418275	0.07642	0.0623004	0.0752227
	0.0413609	0.0384948	0.0710256	0.0581305	0.0698026
	0.115847	0.110122	0.199781	0.16596	0.19823
	0.03042	0.0288184	0.0531169	0.0432725	0.0519946
loop 21
	0.04522	0.0424187	0.0784878	0.0642948	0.0772624
	0.0414403	0.0385704	0.071164	0.058242	0.069938
	0.115882	0.110161	0.199822	0.165991	0.198269
	0.030695	0.029088	0.0520822	0.0436147	0.0509719
loop 22
	0.043467	0.0406733	0.0751737	0.0625199	0.07397
	0.0403774	0.0388008	0.0700481	0.057152	0.0688234
	0.115876	0.110155	0.199795	0.166001	0.198269
	0.0306	0.0289935	0.0519399	0.0434879	0.0522356
loop 23
	0.04415	0.0413712	0.0772318	0.0631213	0.07603
	0.0414562	0.0398817	0.0711986	0.0597158	0.0699804
	0.115876	0.11015	0.199795	0.165991	0.198269
	0.030625	0.0290189	0.0519837	0.0435217	0.0508706
loop 24
	0.0467754	0.0439835	0.0813865	0.0671957	0.0801574
	0.040239	0.0386712	0.071337	0.0583995	0.0701242
	0.115853	0.110128	0.199768	0.16596	0.198216
	0.0304225	0.0288207	0.0531225	0.0432767	0.0519946
loop 25
	0.0450724	0.042288	0.0781757	0.0640492	0.0769665
	0.0403658	0.0387936	0.0700057	0.0585635	0.0687903
	0.115853	0.110128	0.199781	0.16596	0.19823
	0.0306925	0.0290834	0.0520932	0.0436147	0.0509825
loop 26
	0.0432111	0.0417092	0.07629	0.0621642	0.0750757
	0.040289	0.038718	0.0698788	0.0584519	0.0686661
	0.115859	0.110133	0.199768	0.16597	0.19823
	0.0304825	0.0288852	0.053145	0.0433189	0.052033
loop 27
	0.0441638	0.042654	0.077395	0.0632143	0.07617
	0.0413292	0.0384624	0.0710429	0.0581305	0.0698111
	0.115882	0.110155	0.199795	0.166001	0.198269
	0.0305425	0.0289428	0.0532519	0.0434034	0.0521315
loop 28
	0.0452962	0.0424928	0.0770176	0.064366	0.0773338
	0.039331	0.0377584	0.0689228	0.0574848	0.0677079
	0.115882	0.110155	0.199795	0.166001	0.198269
	0.0296139	0.0280145	0.0523122	0.0424673	0.0511957
loop 29
	0.045101	0.0423055	0.0783005	0.0641363	0.0770686
	0.0403812	0.0388116	0.0700481	0.057152	0.0688234
	0.115876	0.11015	0.199781	0.16598	0.198256
	0.030315	0.0287217	0.0529481	0.0444617	0.0518194
loop 30
	0.044284	0.0414979	0.0774256	0.063284	0.07622
	0.0401775	0.03861	0.069718	0.0583142	0.0700142
	0.11587	0.110144	0.199808	0.16597	0.198256
	0.03082	0.0292078	0.0522903	0.0437837	0.0511744
loop 31
	0.0448867	0.0433907	0.0794826	0.065286	0.0782485
	0.0413609	0.0384984	0.0710342	0.058137	0.0698195
	0.115853	0.110128	0.199781	0.16597	0.19823
	0.0307025	0.0290926	0.0521041	0.0436274	0.0509932

work load: vpr.mips mesa.mips bzip2.mips parser.mips
