loop 0
	0.0579407	0.055158	0.101702	0.0842074	0.100525
	0.035496	0.034084	0.0624267	0.0520312	0.0613877
	0.0401813	0.0386136	0.0712505	0.0583142	0.0700227
	0.0360226	0.0342734	0.0622727	0.0514855	0.0609982
loop 1
	0.0594099	0.0565325	0.103075	0.0850358	0.101846
	0.035514	0.0341009	0.0624591	0.0520499	0.0614115
	0.0401467	0.0385812	0.0696672	0.0582617	0.0699634
	0.0360198	0.0342682	0.0622789	0.0514807	0.0609982
loop 2
	0.0564288	0.0536456	0.100426	0.0812606	0.0975794
	0.0354924	0.0340807	0.0624267	0.052025	0.0613798
	0.0414403	0.0385668	0.0711553	0.0582354	0.0699296
	0.036017	0.0342708	0.0622665	0.0514807	0.0609921
loop 3
	0.0569036	0.0541476	0.102194	0.083079	0.09936
	0.035478	0.0340672	0.0624024	0.0520063	0.0613561
	0.0414761	0.0385992	0.0712764	0.0583207	0.0700396
	0.0360001	0.0342552	0.0622477	0.0514616	0.0609738
loop 4
	0.0559936	0.0532365	0.099648	0.0821914	0.0984898
	0.0355284	0.0341143	0.0624753	0.0520749	0.0614353
	0.0403428	0.038772	0.0699634	0.0585241	0.0687571
	0.0359917	0.0342448	0.062254	0.0514616	0.0609738
loop 5
	0.0583535	0.0555043	0.103117	0.0852475	0.101909
	0.0355068	0.0340941	0.0624429	0.0520437	0.0614036
	0.0405196	0.037654	0.0687406	0.0573376	0.0690387
	0.0366949	0.0349546	0.0643765	0.0535808	0.0630976
loop 6
	0.0576064	0.0547662	0.10077	0.0829479	0.0995705
	0.0354672	0.0340538	0.0623862	0.0519875	0.0613402
	0.0417499	0.0388548	0.0717002	0.0586816	0.0704713
	0.0359496	0.0342031	0.0621728	0.051395	0.0608948
loop 7
	0.0580954	0.055314	0.101911	0.082843	0.10073
	0.0355068	0.0340908	0.0624429	0.0520375	0.0613957
	0.0414086	0.038538	0.0711121	0.0582026	0.0698872
	0.0359524	0.0342058	0.0621853	0.0514045	0.0609069
loop 8
	0.0562112	0.0534262	0.0983765	0.0809578	0.0972034
	0.035514	0.0341009	0.0624591	0.0520499	0.0614115
	0.0405119	0.0389376	0.070302	0.057376	0.0690884
	0.0359721	0.034224	0.0622103	0.0514283	0.0609313
loop 9
	0.0557696	0.0530171	0.0992736	0.0818717	0.0981074
	0.0354816	0.0340706	0.0624105	0.0520125	0.061364
	0.0403928	0.0388188	0.070065	0.0571648	0.0688482
	0.0359552	0.0342058	0.0621916	0.0514093	0.060913
loop 10
	0.0612639	0.0583872	0.106569	0.0884714	0.105334
	0.0354924	0.0340807	0.0624267	0.052025	0.0613798
	0.0404004	0.0388296	0.070065	0.0571776	0.0688565
	0.0359636	0.0342162	0.0621916	0.051414	0.060913
loop 11
	0.0569152	0.0541081	0.0995518	0.0819312	0.0983731
	0.0355104	0.0340975	0.062451	0.0520437	0.0614036
	0.0415475	0.038664	0.0714321	0.0584388	0.0701835
	0.0359608	0.0342136	0.0621916	0.051414	0.0609191
loop 12
	0.0581962	0.0540198	0.101985	0.0829104	0.100818
	0.035478	0.0340639	0.0624024	0.0520063	0.0613561
	0.0405465	0.0376783	0.070302	0.0573696	0.0690801
	0.0359749	0.0342292	0.0622165	0.0514283	0.0609434
loop 13
	0.0552141	0.0524461	0.0973566	0.0799388	0.0961926
	0.0354888	0.0340773	0.0624105	0.0520187	0.0613719
	0.0404735	0.038898	0.0701835	0.0572736	0.0689642
	0.0359833	0.0342344	0.062229	0.0514426	0.0609495
loop 14
	0.0589829	0.0561565	0.103444	0.0840902	0.102238
	0.0355356	0.0341211	0.0624834	0.050771	0.0614432
	0.0402428	0.0386712	0.069828	0.0583995	0.0701242
	0.0359805	0.0342318	0.0622165	0.0514331	0.0609434
loop 15
	0.058944	0.0546713	0.102298	0.0843853	0.101081
	0.0355068	0.0340908	0.0624429	0.0520437	0.0614036
	0.0406349	0.0377619	0.068931	0.0574976	0.0692292
	0.0359692	0.0342188	0.0622228	0.0514331	0.0609434
loop 16
	0.0572907	0.0545005	0.101199	0.083652	0.100022
	0.0354744	0.0340605	0.0623943	0.052	0.0613481
	0.03945	0.0378733	0.0691215	0.0576512	0.0678942
	0.0366862	0.0349438	0.06437	0.0535707	0.0630848
loop 17
	0.0560256	0.0532602	0.0996912	0.0822355	0.0985322
	0.0354996	0.0340874	0.0624348	0.0520312	0.0613877
	0.0403697	0.0387972	0.0700227	0.0571328	0.0687985
	0.0359664	0.0342162	0.0622103	0.0514236	0.0609252
loop 18
	0.0557824	0.0530349	0.0993024	0.0818937	0.0981357
	0.0354996	0.0340874	0.0624348	0.0520312	0.0613877
	0.0409799	0.039424	0.0719339	0.0590502	0.0707229
	0.0359692	0.0342188	0.0622228	0.0514283	0.0609373
loop 19
	0.0596957	0.0568243	0.106387	0.0867033	0.103439
	0.0354924	0.0340773	0.0624186	0.0520187	0.0613719
	0.0411268	0.039558	0.0707229	0.059299	0.0710169
	0.0359749	0.0342292	0.0622228	0.0514378	0.0609495
loop 20
	0.0569664	0.0541496	0.101448	0.0836687	0.100246
	0.035496	0.034084	0.0624267	0.0520312	0.0613877
	0.0413609	0.0384948	0.0710256	0.0581305	0.0698026
	0.0359692	0.0342214	0.0622103	0.0514283	0.0609313
loop 21
	0.0571004	0.054318	0.0991728	0.0817945	0.0980224
	0.0355176	0.0341042	0.0624672	0.0520624	0.0614194
	0.0414403	0.0385704	0.071164	0.058242	0.069938
	0.0359636	0.0342136	0.0622103	0.0514188	0.0609313
loop 22
	0.0562176	0.0534321	0.100051	0.0809686	0.0972174
	0.035478	0.0340672	0.0624024	0.0520063	0.061364
	0.0403774	0.0388008	0.0700481	0.057152	0.0688234
	0.0359721	0.0342266	0.062204	0.0514236	0.0609313
loop 23
	0.0566805	0.0539225	0.100232	0.0828093	0.0990576
	0.0354744	0.0340605	0.0623862	0.0519938	0.0613481
	0.0414562	0.0398817	0.0711986	0.0597158	0.0699804
	0.0359608	0.0342136	0.0621916	0.0514093	0.060913
loop 24
	0.0604286	0.0575545	0.10584	0.0860678	0.104595
	0.0355176	0.0341042	0.0624591	0.0520562	0.0614194
	0.040239	0.0386712	0.071337	0.0583995	0.0701242
	0.0359552	0.0342084	0.0621916	0.0514093	0.060913
loop 25
	0.056704	0.0539183	0.0991553	0.0816067	0.0979832
	0.0354996	0.0340874	0.0624348	0.0520375	0.0613957
	0.0403658	0.0387936	0.0700057	0.0585635	0.0687903
	0.0359692	0.0342214	0.0621978	0.0514188	0.0609191
loop 26
	0.0580281	0.0552703	0.101717	0.0842532	0.100554
	0.0354744	0.0340605	0.0623943	0.052	0.0613481
	0.040289	0.038718	0.0698788	0.0584519	0.0686661
	0.036017	0.0342682	0.0622914	0.0514902	0.0610104
loop 27
	0.0560384	0.053278	0.09972	0.0806982	0.0985606
	0.035514	0.0341009	0.0624591	0.0520499	0.0614115
	0.0413292	0.0384624	0.0710429	0.0581305	0.0698111
	0.0366833	0.0349384	0.0643831	0.0535808	0.063104
loop 28
	0.0581501	0.0553036	0.102765	0.0849442	0.101563
	0.0355068	0.0340941	0.062451	0.0520437	0.0614036
	0.039331	0.0377584	0.0689228	0.0574848	0.0677079
	0.036017	0.0342708	0.0622789	0.0514855	0.0610043
loop 29
	0.0573632	0.0545349	0.102082	0.0826126	0.0991946
	0.0354744	0.0340639	0.0623943	0.052	0.0613481
	0.0403812	0.0388116	0.0700481	0.057152	0.0688234
	0.0360226	0.034276	0.0622852	0.051495	0.0610104
loop 30
	0.0582433	0.0540624	0.102149	0.083034	0.0993024
	0.0355068	0.0340941	0.0624429	0.0520437	0.0613957
	0.0401775	0.03861	0.069718	0.0583142	0.0700142
	0.0360114	0.034263	0.0622665	0.0514759	0.0609921
loop 31
	0.0573759	0.053195	0.099648	0.0821803	0.0984756
	0.0355284	0.0341143	0.0624753	0.0520687	0.0614274
	0.0413609	0.0384984	0.0710342	0.058137	0.0698195
	0.0360086	0.034263	0.0622665	0.0514759	0.0609921
loop 32
	0.0558592	0.0531001	0.0994176	0.0804386	0.098249
	0.0354888	0.0340773	0.0624186	0.0520187	0.0613719
	0.0404158	0.0388404	0.0700988	0.0571968	0.0688731
	0.0360198	0.0342682	0.0622852	0.0514902	0.0610043
loop 33
	0.0612363	0.0569117	0.106493	0.0884131	0.10526
	0.0354744	0.0340639	0.0623943	0.052	0.0613561
	0.0412776	0.0384192	0.0709045	0.0580255	0.0696841
	0.0360142	0.0342656	0.0622665	0.0514759	0.060986
loop 34
	0.0568704	0.0540725	0.0994952	0.0818771	0.0983174
	0.0355068	0.0340908	0.0624429	0.0520437	0.0614036
	0.0400891	0.0385236	0.0710861	0.0581829	0.0698703
	0.0360058	0.0342578	0.0622602	0.0514664	0.0609799
loop 35
	0.0582164	0.0540381	0.102015	0.0829442	0.100847
	0.0354852	0.034074	0.0624186	0.0520187	0.0613719
	0.0422052	0.0393384	0.0718632	0.0589695	0.0706277
	0.036031	0.0342838	0.0623226	0.0515188	0.0610408
loop 36
	0.0563584	0.0535863	0.098603	0.0811633	0.0974541
	0.0354816	0.0340672	0.0624024	0.0520063	0.061364
	0.0410395	0.0394798	0.0720311	0.0591309	0.0708094
	0.0360367	0.0342864	0.0623039	0.051514	0.0610286
loop 37
	0.0586535	0.0558382	0.102893	0.0852149	0.101696
	0.0355104	0.0340975	0.062451	0.0520499	0.0614036
	0.0413927	0.0385272	0.0710948	0.0581829	0.0698619
	0.0360367	0.0342864	0.0623164	0.051514	0.0610347
loop 38
	0.0590621	0.0547662	0.102499	0.0845507	0.101279
	0.0355068	0.0340908	0.0624429	0.0520437	0.0614036
	0.0403466	0.0387756	0.0699888	0.0585504	0.0687737
	0.0359608	0.034211	0.0621853	0.0514093	0.060913
loop 39
	0.0573628	0.0545674	0.101316	0.0821693	0.100138
	0.0354888	0.0340773	0.0624105	0.0520187	0.0613719
	0.0401852	0.0386208	0.0712332	0.058301	0.0700142
	0.0367066	0.0349654	0.0644028	0.0535909	0.0631168
loop 40
	0.0571988	0.0544335	0.0993168	0.0819157	0.0981641
	0.0354996	0.0340874	0.0624348	0.0520375	0.0613957
	0.0412895	0.0397217	0.0709391	0.0595007	0.0712418
	0.0370769	0.0353278	0.06336	0.0525623	0.0620792
loop 41
	0.0571004	0.0529519	0.0991872	0.0817834	0.0980224
	0.0355104	0.0340975	0.062451	0.0520499	0.0614115
	0.0403043	0.038736	0.0699211	0.0584848	0.0702258
	0.0370769	0.0353251	0.0633536	0.0525574	0.062073
loop 42
	0.0596755	0.0568056	0.10462	0.0866804	0.103409
	0.0354996	0.034084	0.0624267	0.0520312	0.0613877
	0.0404004	0.038826	0.070065	0.0571712	0.0688482
	0.0370711	0.0353224	0.0633408	0.0525476	0.0620605
loop 43
	0.0570944	0.05428	0.10165	0.0838451	0.100444
	0.0354888	0.0340773	0.0624186	0.0520187	0.0613798
	0.0402275	0.0386532	0.0698449	0.058406	0.0701327
	0.0370682	0.0353196	0.0633472	0.0525525	0.0620667
loop 44
	0.0571332	0.0529638	0.0992448	0.0818496	0.0980791
	0.0355176	0.0341009	0.0624591	0.0520562	0.0614194
	0.0402544	0.0386856	0.069828	0.058406	0.0701242
	0.0370711	0.0353224	0.0633536	0.0525574	0.0620792
loop 45
	0.0561472	0.0533669	0.0999504	0.080882	0.098773
	0.0354924	0.0340773	0.0624024	0.052025	0.0613798
	0.0409482	0.0393905	0.0718985	0.0590165	0.0706796
	0.0371003	0.0353494	0.0633856	0.0525868	0.0621104
loop 46
	0.0567461	0.0539894	0.100335	0.0828992	0.0991584
	0.0354672	0.0340538	0.0623781	0.0519875	0.0613402
	0.0412776	0.0384156	0.0709132	0.0594738	0.0696926
	0.0371032	0.0353548	0.063392	0.0525917	0.0621104
loop 47
	0.0591868	0.0563135	0.104449	0.0863599	0.103219
	0.0355284	0.0341143	0.0624753	0.0520687	0.0614353
	0.0404273	0.0388476	0.0701666	0.058675	0.068931
	0.0370799	0.0353305	0.0633728	0.0525721	0.0620979
loop 48
	0.0567936	0.0540013	0.0993111	0.0817365	0.0981364
	0.0355032	0.0340908	0.0624429	0.0520375	0.0613957
	0.0403466	0.0387792	0.0699804	0.0585372	0.0687654
	0.037074	0.0353224	0.0633664	0.0525623	0.0620792
loop 49
	0.0581693	0.0554014	0.101941	0.0844478	0.100774
	0.0354888	0.0340773	0.0624105	0.0520187	0.0613719
	0.0402121	0.038646	0.0697688	0.058347	0.070065
	0.0370099	0.0352602	0.0632448	0.0524741	0.0619731
loop 50
	0.0562816	0.0535152	0.0984473	0.0810227	0.097287
	0.0354996	0.034084	0.0624348	0.0520312	0.0613877
	0.0404504	0.0388692	0.0702004	0.0572672	0.0689807
	0.0378095	0.0360648	0.0639763	0.0532279	0.0642716
loop 51
	0.0595208	0.0552366	0.102663	0.0848543	0.101448
	0.0355176	0.0341009	0.0624591	0.0520562	0.0614194
	0.0413173	0.038448	0.0710169	0.0581042	0.0697857
	0.0371032	0.0353548	0.0634048	0.0526064	0.0621292
loop 52
	0.0587078	0.0544519	0.101938	0.0840767	0.100727
	0.0354816	0.0340672	0.0624024	0.0520063	0.061364
	0.0413371	0.0384732	0.0709996	0.0581042	0.0697772
	0.0371119	0.0353602	0.0634176	0.0526113	0.0621416
loop 53
	0.0580819	0.0553015	0.101866	0.0843791	0.100701
	0.035496	0.034084	0.0624267	0.0520312	0.0613877
	0.0409839	0.039424	0.0719604	0.0590636	0.0707402
	0.0370828	0.0353359	0.0633792	0.052577	0.0621042
loop 54
	0.056192	0.0534084	0.0983481	0.0809253	0.0971756
	0.0355212	0.0341076	0.0624672	0.0520624	0.0614274
	0.0414364	0.0385632	0.0711553	0.058242	0.069938
	0.0370944	0.035344	0.0633856	0.0525819	0.0621042
loop 55
	0.0557248	0.0529756	0.0992016	0.0818055	0.0980366
	0.0354888	0.034074	0.0624186	0.0520187	0.0613798
	0.0402659	0.0386964	0.0698449	0.0584257	0.0686329
	0.0370974	0.0353467	0.0634048	0.0525966	0.0621167
loop 56
	0.0612225	0.0568992	0.106448	0.0883781	0.105215
	0.0354744	0.0340605	0.0623943	0.052	0.0613481
	0.041349	0.038484	0.0710083	0.0581173	0.0697857
	0.0370799	0.0353305	0.0633664	0.0525672	0.0620855
loop 57
	0.0569792	0.0541673	0.0996934	0.0820394	0.0985123
	0.0355032	0.0340908	0.0624348	0.0520375	0.0613957
	0.0413768	0.0385092	0.0710602	0.0581567	0.0698365
	0.0370828	0.0353332	0.06336	0.0525672	0.0620792
loop 58
	0.0570807	0.0542997	0.100774	0.0817504	0.0996192
	0.0354888	0.0340773	0.0624186	0.0520187	0.0613798
	0.0413887	0.0385236	0.0710948	0.0581829	0.0698788
	0.0371382	0.0340393	0.061892	0.0526505	0.0621853
loop 59
	0.05616	0.0533906	0.0999648	0.0809037	0.0971477
	0.0354888	0.0340773	0.0624186	0.0520187	0.0613719
	0.0404927	0.0389088	0.0702766	0.0573376	0.069047
	0.0371207	0.0353683	0.0634432	0.0526309	0.0621604
loop 60
	0.0584047	0.0556011	0.102461	0.0848485	0.101272
	0.0354924	0.0340773	0.0624267	0.052025	0.0613798
	0.0395245	0.0379429	0.0692374	0.056325	0.0680157
	0.0370332	0.0352872	0.063296	0.0525084	0.0620168
loop 61
	0.059154	0.054861	0.102658	0.084683	0.101435
	0.035514	0.0341009	0.0624591	0.0520499	0.0614115
	0.0402006	0.0386316	0.0697434	0.0583339	0.0700396
	0.0378579	0.0361097	0.0640616	0.0533035	0.0643634
loop 62
	0.0574612	0.0546769	0.101491	0.0823127	0.0986455
	0.0354852	0.034074	0.0624105	0.0520125	0.0613719
	0.0411149	0.0395542	0.0721724	0.0592452	0.0709477
	0.0371148	0.0353656	0.0634112	0.0526113	0.0621354
loop 63
	0.0572513	0.0544822	0.0994032	0.0819819	0.098249
	0.0354924	0.0340773	0.0624267	0.052025	0.0613798
	0.0403159	0.0387432	0.0699465	0.0585044	0.068724
	0.0371061	0.0353575	0.0634048	0.0526015	0.0621229
loop 64
	0.0571135	0.0543484	0.0992016	0.0818055	0.0980366
	0.0355068	0.0340941	0.0624429	0.0520437	0.0614036
	0.0405427	0.0376783	0.0702851	0.0573632	0.0690718
	0.0371586	0.0354062	0.0619232	0.0526848	0.0622228
loop 65
	0.059615	0.0567494	0.104501	0.0865888	0.103292
	0.035496	0.034084	0.0624267	0.0520312	0.0613877
	0.0404158	0.0388404	0.0700904	0.0571904	0.0688731
	0.0371644	0.0340627	0.0619045	0.051176	0.0621978
loop 66
	0.0575168	0.0546832	0.100628	0.0828289	0.0994313
	0.035478	0.0340672	0.0624024	0.0520063	0.0613561
	0.0403889	0.0388152	0.0700481	0.0571584	0.0688317
	0.0371673	0.0340679	0.061917	0.0511855	0.0622165
loop 67
	0.057166	0.0529993	0.0993024	0.0819047	0.0981357
	0.0355212	0.0341076	0.0624672	0.0520624	0.0614194
	0.0421929	0.0393272	0.0718455	0.058956	0.0706191
	0.0371353	0.0353818	0.0634624	0.0526505	0.0621853
loop 68
	0.0562048	0.0534203	0.100037	0.0809469	0.0972034
	0.035496	0.034084	0.0624348	0.0520312	0.0613877
	0.0413887	0.03852	0.0710688	0.0581698	0.0698534
	0.0371119	0.0353575	0.0634304	0.0526211	0.0621541
loop 69
	0.0568445	0.0540868	0.100496	0.083034	0.0993168
	0.0354744	0.0340605	0.0623943	0.052	0.0613561
	0.0413609	0.0384984	0.0710342	0.058137	0.0698111
	0.0371353	0.0353845	0.063456	0.0526407	0.0621728
loop 70
	0.0603479	0.0574796	0.105676	0.0859329	0.104449
	0.0354996	0.0340874	0.0624348	0.0520375	0.0613957
	0.0422461	0.0393756	0.0718897	0.0590098	0.070671
	0.0371323	0.0353764	0.063456	0.0526407	0.0621791
loop 71
	0.056768	0.0539776	0.0992828	0.0817041	0.0980946
	0.0355248	0.034111	0.0624753	0.0520687	0.0614274
	0.0410553	0.0394947	0.0720664	0.0591578	0.070844
	0.0370507	0.035298	0.0633216	0.052528	0.0620418
loop 72
	0.0581088	0.0553389	0.101851	0.0843677	0.100686
	0.0354852	0.034074	0.0624105	0.0520125	0.0613719
	0.0402467	0.0386784	0.0698111	0.0583929	0.0701158
	0.0378397	0.0360928	0.0640157	0.0532733	0.0627392
loop 73
	0.0550955	0.0523306	0.0971477	0.0797691	0.0959873
	0.0354888	0.0340773	0.0624186	0.0520187	0.0613798
	0.0403966	0.0388224	0.0700565	0.0571712	0.06884
	0.0359496	0.0342031	0.0621666	0.0513902	0.0608887
loop 74
	0.0591645	0.056325	0.103801	0.0859705	0.102589
	0.0355068	0.0340941	0.0624429	0.0520437	0.0614036
	0.0412855	0.0384264	0.0709218	0.0580386	0.069701
	0.0359833	0.0342344	0.0622228	0.0514426	0.0609495
loop 75
	0.058721	0.054446	0.101952	0.0840877	0.100741
	0.0354816	0.0340672	0.0624105	0.0520063	0.061364
	0.0423117	0.0394352	0.0720399	0.0591174	0.0708094
	0.0359749	0.0342266	0.0622228	0.0514283	0.0609434
loop 76
	0.0581693	0.0553826	0.102015	0.0844822	0.100833
	0.0354852	0.034074	0.0624105	0.0520125	0.061364
	0.0404427	0.0388656	0.0701412	0.0572352	0.0689228
	0.0359496	0.0342031	0.0621916	0.0514093	0.0609191
loop 77
	0.0561472	0.0533729	0.0999216	0.0808604	0.0970921
	0.0355104	0.0340975	0.062451	0.0520499	0.0614274
	0.0393533	0.0377758	0.0689642	0.0575232	0.0677484
	0.0359636	0.0342162	0.0621978	0.0514188	0.0609252
loop 78
	0.0558272	0.0530764	0.0993744	0.0819599	0.0982207
	0.0354996	0.034084	0.0624348	0.0520312	0.0613957
	0.0403851	0.0388116	0.0700481	0.0585963	0.0688317
	0.0359721	0.034224	0.062204	0.0514236	0.0609313
loop 79
	0.0597898	0.0569242	0.106493	0.0867949	0.105275
	0.0354744	0.0340639	0.0623943	0.052	0.0613561
	0.0410315	0.0394686	0.0720222	0.0591241	0.0708007
	0.0359552	0.0342084	0.0621916	0.0514045	0.060913
loop 80
	0.0568704	0.0540666	0.101218	0.0834813	0.100019
	0.0354924	0.0340807	0.0624267	0.052025	0.0613877
	0.0402659	0.0386964	0.0698534	0.0584257	0.0686329
	0.0359749	0.0342292	0.0622103	0.0514283	0.0609373
loop 81
	0.0571857	0.0530112	0.0993024	0.0819047	0.0981499
	0.0355104	0.0340975	0.062451	0.0520437	0.0614036
	0.0401967	0.038628	0.0697434	0.0583339	0.0700481
	0.0359833	0.0342344	0.0622415	0.0514474	0.0609617
loop 82
	0.056256	0.0534855	0.0984756	0.0810335	0.0973009
	0.0354924	0.0340807	0.0624186	0.052025	0.0613798
	0.0405657	0.0376957	0.0688068	0.0573952	0.0691049
	0.0359805	0.0342318	0.062229	0.0514426	0.0609495
loop 83
	0.0583105	0.0555137	0.102298	0.0831464	0.101111
	0.0354924	0.0340807	0.0624267	0.052025	0.0613798
	0.0412062	0.0396324	0.0708526	0.0594133	0.0696333
	0.0366512	0.034914	0.064324	0.0535354	0.0630464
loop 84
	0.0593311	0.0550211	0.102931	0.0849145	0.101718
	0.0355176	0.0341042	0.0624591	0.0520562	0.0614194
	0.0404389	0.038862	0.0701412	0.0572288	0.0689145
	0.0360058	0.0342578	0.0622665	0.0514759	0.0609921
loop 85
	0.0574284	0.0546404	0.101462	0.0822796	0.100267
	0.0354888	0.0340773	0.0624186	0.0520187	0.0613798
	0.0413887	0.03852	0.0710775	0.0581698	0.0698534
	0.0360142	0.0342682	0.0622727	0.0514807	0.0609982
loop 86
	0.0570938	0.0543301	0.100818	0.0833374	0.099648
	0.0354708	0.0340571	0.0623862	0.0519938	0.0613402
	0.0415515	0.038664	0.0713975	0.0584257	0.070175
	0.0359945	0.03425	0.0622415	0.0514521	0.0609617
loop 87
	0.0571201	0.0543545	0.100847	0.0817945	0.0980224
	0.0355284	0.0341143	0.0624753	0.0520687	0.0614353
	0.0412776	0.0384192	0.0708786	0.0580124	0.0696672
	0.0359777	0.0342266	0.0622477	0.0514521	0.0609678
loop 88
	0.059736	0.056868	0.104724	0.0851464	0.103497
	0.035514	0.0341009	0.062451	0.0520499	0.0614115
	0.0409839	0.039424	0.0719604	0.0590703	0.0707402
	0.0359777	0.0342344	0.0622165	0.0514331	0.0609373
loop 89
	0.0572544	0.0544401	0.101894	0.082472	0.0990136
	0.0354744	0.0340605	0.0623943	0.052	0.0613561
	0.0412736	0.0397031	0.0709564	0.0594872	0.0712505
	0.0359692	0.0342266	0.0621978	0.0514188	0.0609191
loop 90
	0.0569954	0.0542206	0.100701	0.0816732	0.0995328
	0.0354888	0.0340773	0.0624186	0.052025	0.0613798
	0.0402813	0.0387144	0.0698619	0.0584454	0.0686495
	0.0359861	0.0342396	0.062229	0.0514426	0.0609495
loop 91
	0.056224	0.0534381	0.0983906	0.0809686	0.0972313
	0.0355068	0.0340941	0.062451	0.0520437	0.0614036
	0.0402813	0.0387108	0.0698788	0.0584519	0.0686661
	0.0359777	0.0342318	0.0622165	0.0514378	0.0609495
loop 92
	0.055904	0.0531476	0.0978383	0.0805035	0.0966743
	0.035478	0.0340639	0.0624024	0.052	0.0613561
	0.0421929	0.0393235	0.0734003	0.0604096	0.0721548
	0.0359861	0.0342396	0.0622228	0.0514426	0.0609556
loop 93
	0.0613328	0.0584576	0.106675	0.0885648	0.105438
	0.0355032	0.0340874	0.0624348	0.0520375	0.0613957
	0.0405081	0.0376435	0.0702343	0.0573184	0.0690139
	0.0359749	0.0342266	0.0622165	0.0514331	0.0609434
loop 94
	0.0567872	0.0539895	0.0993253	0.0817473	0.0981503
	0.0355284	0.0341177	0.0624753	0.0520687	0.0614353
	0.0406503	0.0377723	0.0689642	0.0575168	0.0677484
	0.0366658	0.0349249	0.0643372	0.0535354	0.0630464
loop 95
	0.058129	0.0553577	0.101881	0.0843906	0.100715
	0.0354852	0.034074	0.0624186	0.0520187	0.0613719
	0.0405427	0.0376749	0.068782	0.0573696	0.0690718
	0.0360114	0.0342656	0.0622602	0.0514759	0.060986
loop 96
	0.0550955	0.0523306	0.0971756	0.0797903	0.0960146
	0.035478	0.0340672	0.0624024	0.0520063	0.0613561
	0.041357	0.0384948	0.0710083	0.0581173	0.0697941
	0.036003	0.0342526	0.0622602	0.0514664	0.0609799
loop 97
	0.0589628	0.0561316	0.103444	0.0856729	0.102238
	0.0355104	0.0340975	0.0624429	0.0520437	0.0614036
	0.0401583	0.0385992	0.0711813	0.0582682	0.0699634
	0.0360001	0.0342526	0.0622415	0.0514569	0.0609617
loop 98
	0.0587275	0.0558937	0.101966	0.0840987	0.100756
	0.035496	0.034084	0.0624348	0.0520312	0.0613877
	0.0413332	0.0384732	0.070991	0.0581042	0.0697688
	0.0360339	0.0342864	0.0622977	0.0515045	0.0610225
loop 99
	0.0571726	0.054391	0.101008	0.0834835	0.0998352
	0.0354816	0.0340706	0.0624024	0.0520063	0.061364
	0.0403851	0.0388152	0.0700396	0.0571584	0.0688317
	0.0360254	0.034276	0.0622977	0.0515045	0.0610225
loop 100
	0.0559232	0.0531594	0.0995616	0.0821142	0.0983906
	0.0354924	0.0340773	0.0624186	0.052025	0.0613798
	0.0403466	0.0387684	0.0700481	0.0571328	0.0688151
	0.0360114	0.0342656	0.0622727	0.0514807	0.0609921
loop 101
	0.0558592	0.0531001	0.099432	0.0820039	0.0982632
	0.0355068	0.0340941	0.062451	0.0520437	0.0614036
	0.0404812	0.0376192	0.0686743	0.05728	0.0689724
	0.0360058	0.0342578	0.0622602	0.0514664	0.060986
loop 102
	0.0598033	0.0569304	0.106538	0.0868292	0.1036
	0.0354852	0.0340706	0.0624105	0.0520125	0.061364
	0.0413173	0.0384552	0.070965	0.058078	0.0697434
	0.0359973	0.03425	0.062254	0.0514616	0.0609738
loop 103
	0.056864	0.0540547	0.101246	0.0835033	0.100047
	0.035496	0.034084	0.0624267	0.0520312	0.0613877
	0.0402928	0.0387216	0.0699042	0.0584651	0.0686826
	0.0360001	0.03425	0.062254	0.0514664	0.0609799
loop 104
	0.0571529	0.0543666	0.0992448	0.0818606	0.0980932
	0.035514	0.0341009	0.0624591	0.0520499	0.0614115
	0.0412458	0.0383904	0.070844	0.0579796	0.0696249
	0.0360058	0.0342552	0.0622852	0.0514807	0.0609982
loop 105
	0.0561536	0.0533788	0.0999648	0.0808929	0.0987871
	0.0354924	0.0340807	0.0624267	0.052025	0.0613798
	0.0409125	0.039357	0.0718278	0.0589628	0.0706104
	0.0367095	0.0349654	0.0644028	0.053601	0.0631168
loop 106
	0.0580079	0.0552266	0.101807	0.084299	0.100613
	0.035478	0.0340672	0.0624024	0.0520063	0.0613561
	0.0401544	0.038592	0.0696587	0.0582617	0.069955
	0.0359692	0.034224	0.0622165	0.0514283	0.0609373
loop 107
	0.0593967	0.0565204	0.103061	0.0850138	0.101832
	0.0355284	0.0341143	0.0624753	0.0520749	0.0614353
	0.0403889	0.0388188	0.0700481	0.0571584	0.0688317
	0.035958	0.034211	0.0622103	0.0514188	0.0609373
loop 108
	0.0564288	0.0536456	0.100426	0.0812606	0.0975794
	0.0355068	0.0340941	0.0624429	0.0520437	0.0614036
	0.0410077	0.0394426	0.0720576	0.0591309	0.0708267
	0.035958	0.034211	0.062204	0.0514188	0.0609252
loop 109
	0.0569429	0.0541841	0.100569	0.0831239	0.0994032
	0.0354672	0.0340538	0.0623862	0.0519875	0.0613402
	0.0402813	0.0387108	0.0713975	0.0584388	0.070175
	0.0359608	0.0342136	0.062204	0.0514188	0.0609252
loop 110
	0.0559616	0.0532068	0.0995904	0.0821362	0.0984189
	0.0355068	0.0340908	0.0624429	0.0520375	0.0613957
	0.040239	0.0386712	0.0698026	0.0583863	0.0701073
	0.0360001	0.03425	0.0622665	0.0514712	0.060986
loop 111
	0.0597091	0.0554131	0.102999	0.0851352	0.101779
	0.035514	0.0341009	0.0624591	0.0520499	0.0614115
	0.0404696	0.0376052	0.0701835	0.0572736	0.0689642
	0.0359664	0.0342214	0.0622165	0.0514283	0.0609373
loop 112
	0.057504	0.0546713	0.100614	0.0828181	0.0994174
	0.0354816	0.0340706	0.0624105	0.0520125	0.061364
	0.0402082	0.0386388	0.0697603	0.058347	0.0700565
	0.0359777	0.0342292	0.0622228	0.0514378	0.0609434
loop 113
	0.0582029	0.0540198	0.102074	0.0829779	0.0992448
	0.0354924	0.0340807	0.0624267	0.052025	0.0613798
	0.040968	0.0394128	0.071925	0.0590434	0.0707056
	0.0359917	0.0342448	0.0622477	0.0514569	0.0609678
loop 114
	0.0562368	0.0534499	0.0984048	0.0809794	0.0972452
	0.0355104	0.0340975	0.062451	0.0520437	0.0614036
	0.0413371	0.0384732	0.0709823	0.0580977	0.0697603
	0.0359917	0.0342448	0.0622477	0.0514616	0.0609738
loop 115
	0.0557248	0.0529756	0.099216	0.0818165	0.0980508
	0.035478	0.0340639	0.0624024	0.0520063	0.0613561
	0.0401698	0.0386064	0.0712159	0.0582945	0.0699973
	0.0360114	0.0342604	0.0622914	0.0514902	0.0610104
loop 116
	0.0612501	0.0583744	0.106538	0.0884481	0.105304
	0.0354888	0.0340773	0.0624105	0.0520187	0.0613719
	0.0413371	0.038466	0.0710688	0.0581436	0.069828
	0.0359271	0.0341823	0.0621541	0.0513807	0.0608826
loop 117
	0.0568064	0.0540132	0.0993819	0.0817798	0.098192
	0.0355356	0.0341211	0.0624834	0.050771	0.0614432
	0.0393719	0.0377967	0.0689807	0.0575424	0.0677646
	0.0366716	0.034933	0.0643568	0.0535505	0.063072
loop 118
	0.0581088	0.0553327	0.101851	0.0843677	0.100686
	0.0355068	0.0340908	0.0624429	0.0520437	0.0614036
	0.0393198	0.037748	0.0689062	0.0574784	0.0676917
	0.0360058	0.0342604	0.062254	0.0514664	0.0609799
loop 119
	0.0552578	0.0524923	0.0974262	0.0800131	0.0962747
	0.0354744	0.0340605	0.0623943	0.052	0.0613481
	0.0403312	0.0387612	0.0699804	0.0585307	0.0687654
	0.0359749	0.0342292	0.062229	0.0514426	0.0609556
loop 120
	0.0590031	0.0561815	0.103459	0.0841127	0.102267
	0.0354996	0.0340874	0.0624348	0.0520312	0.0613877
	0.0410792	0.039517	0.0721018	0.0591914	0.0708786
	0.0359552	0.0342084	0.0621853	0.0514045	0.0609069
loop 121
	0.0589047	0.0546239	0.102254	0.0843412	0.101039
	0.0354996	0.0340874	0.0624348	0.0520312	0.0613877
	0.0413054	0.0384444	0.0709304	0.0580583	0.069718
	0.035958	0.034211	0.0621791	0.0513998	0.0609008
loop 122
	0.0572447	0.0544579	0.101125	0.0835846	0.0999504
	0.0354924	0.0340773	0.0624186	0.0520187	0.0613719
	0.0411903	0.0383364	0.0707488	0.0593393	0.0695402
	0.0359552	0.034211	0.0621916	0.0514093	0.060913
loop 123
	0.0559872	0.0532306	0.099648	0.0821914	0.0984898
	0.035496	0.034084	0.0624267	0.0520312	0.0613877
	0.0413371	0.0384768	0.0709996	0.0581042	0.0697772
	0.0359861	0.0342422	0.0622353	0.0514474	0.0609617
loop 124
	0.055808	0.0530527	0.09936	0.0819378	0.0981924
	0.0355176	0.0341042	0.0624672	0.0520624	0.0614194
	0.0413054	0.0384372	0.0710083	0.0580977	0.0697772
	0.0359721	0.0342266	0.0622165	0.0514331	0.0609434
loop 125
	0.0597091	0.0568368	0.106387	0.0867147	0.103453
	0.035478	0.0340672	0.0624024	0.0520063	0.061364
	0.0414403	0.0385668	0.0711986	0.0582682	0.0699719
	0.0359692	0.0342214	0.0622165	0.0514236	0.0609373
loop 126
	0.0583339	0.0541021	0.101333	0.0835695	0.100132
	0.0354744	0.0340605	0.0623862	0.0519938	0.0613481
	0.0413729	0.0385092	0.0710602	0.0581633	0.0698449
	0.0359889	0.0342422	0.0622415	0.0514521	0.0609617
loop 127
	0.0571201	0.0543362	0.099216	0.0818275	0.0980508
	0.0355176	0.0341042	0.0624591	0.0520562	0.0614194
	0.0405888	0.0377132	0.0688648	0.0574336	0.0691546
	0.0359046	0.0341589	0.0621042	0.0513426	0.0608339

work load: swim.mips wupwise.mips mesa.mips mcf.mips
