loop 0
	0.0306375	0.029035	0.0520056	0.0435386	0.0508919	0.0592524	0.057024	0.0235357	0.0518906
	0.0487637	0.0467533	0.0837216	0.0696059	0.0821012	0.0943977	0.0916531	0.0385598	0.0835434
	0.0558272	0.0521717	0.10042	0.0817721	0.0994213	0.114628	0.112531	0.0433863	0.101757
	0.0573931	0.0556958	0.0999512	0.0826398	0.0987559	0.11474	0.109923	0.0461131	0.101708
	0.137581	0.133416	0.22562	0.188976	0.224571	0.257645	0.247506	0.110676	0.225235
	0.043864	0.0409386	0.0755436	0.0623609	0.0742848	0.0845379	0.0822228	0.0342863	0.0753869
	0.0360226	0.0342734	0.0622727	0.0514855	0.0609982	0.0701659	0.0677305	0.0282927	0.0621416
	0.0579407	0.055158	0.101702	0.0842074	0.100525	0.115527	0.113263	0.0450516	0.10318
loop 1
	0.0296091	0.0280101	0.0522958	0.042455	0.0511797	0.058112	0.0573361	0.0236853	0.0521808
	0.0457336	0.0437503	0.0788044	0.0648056	0.0772425	0.089491	0.0867391	0.0370522	0.0786343
	0.056049	0.0523885	0.099282	0.0820816	0.098281	0.115049	0.111366	0.0424029	0.100615
	0.0573792	0.0556827	0.0999304	0.082624	0.0987355	0.114715	0.111913	0.0460968	0.101687
	0.142906	0.138656	0.232195	0.197318	0.233478	0.267069	0.256814	0.115596	0.234245
	0.0428769	0.0399598	0.0729677	0.0613603	0.0732769	0.0835353	0.0812102	0.0333147	0.0743841
	0.0360198	0.0342682	0.0622789	0.0514807	0.0609982	0.0701659	0.0677305	0.028285	0.0621416
	0.0594099	0.0565325	0.103075	0.0850358	0.101846	0.119128	0.114989	0.0460392	0.104595
loop 2
	0.0306125	0.0290074	0.0519563	0.0435006	0.0522465	0.0591999	0.0584256	0.0235138	0.0532575
	0.0497683	0.0477612	0.0845739	0.0705088	0.0848057	0.09714	0.0924717	0.0395757	0.0843917
	0.0555864	0.0531471	0.100536	0.081757	0.099551	0.114877	0.111175	0.043037	0.100362
	0.0573931	0.0556958	0.0999512	0.0826398	0.0987559	0.11474	0.109923	0.0461131	0.101708
	0.103676	0.099741	0.169622	0.144178	0.171163	0.195184	0.188028	0.0835062	0.171483
	0.0428646	0.0412692	0.0745194	0.0613465	0.0732593	0.0851436	0.0812	0.0333035	0.074366
	0.036017	0.0342708	0.0622665	0.0514807	0.0609921	0.0701585	0.0677235	0.0282908	0.0621354
	0.0564288	0.0536456	0.100426	0.0812606	0.0975794	0.114361	0.11033	0.043499	0.100238
loop 3
	0.0315085	0.0298973	0.0528975	0.0444268	0.0531844	0.0601395	0.0593705	0.0243891	0.054202
	0.0498413	0.0478476	0.084607	0.0705792	0.0830088	0.0952461	0.0925093	0.0396758	0.0844331
	0.0557638	0.0533473	0.101846	0.0816914	0.0993342	0.116108	0.112429	0.0433371	0.101667
	0.0573931	0.0556958	0.0999512	0.0826398	0.0987559	0.11474	0.109911	0.0461131	0.101708
	0.111012	0.106902	0.18111	0.152679	0.180384	0.207322	0.199988	0.09022	0.180799
	0.0427704	0.0411808	0.074375	0.0612225	0.0731179	0.0849813	0.0826494	0.0332305	0.0742216
	0.0360001	0.0342552	0.0622477	0.0514616	0.0609738	0.0701363	0.0677023	0.0282753	0.0621167
	0.0569036	0.0541476	0.102194	0.083079	0.09936	0.116075	0.112064	0.0454031	0.102
loop 4
	0.0306825	0.0290742	0.0520822	0.0436062	0.0523725	0.0593377	0.0571052	0.0235676	0.0519727
	0.0597459	0.0577176	0.10069	0.0843917	0.100817	0.115419	0.110618	0.0479124	0.102449
	0.0550289	0.0526125	0.0996653	0.0809899	0.0986586	0.113882	0.11022	0.0425894	0.099491
	0.0573792	0.0556871	0.0999304	0.082624	0.0987355	0.114715	0.111925	0.0461001	0.101687
	0.114973	0.108948	0.185287	0.156773	0.186736	0.211471	0.206486	0.0922939	0.187199
	0.0427827	0.0411961	0.074375	0.0612294	0.0731179	0.0849921	0.0826598	0.0332445	0.0742216
	0.0359917	0.0342448	0.062254	0.0514616	0.0609738	0.0701437	0.0677023	0.0282656	0.0621167
	0.0559936	0.0532365	0.099648	0.0821914	0.0984898	0.113486	0.109494	0.044486	0.0994608
loop 5
	0.030655	0.0290488	0.0520275	0.043564	0.0523177	0.0592786	0.057049	0.0235491	0.0533306
	0.0698944	0.0661795	0.116525	0.0981513	0.116592	0.13339	0.128521	0.054905	0.116287
	0.054843	0.0524318	0.0993516	0.0807386	0.0983497	0.115112	0.111446	0.0424348	0.100686
	0.0573931	0.0556958	0.0999408	0.0826319	0.0987559	0.114727	0.109911	0.0461098	0.101698
	0.116705	0.112792	0.191578	0.161428	0.193195	0.219892	0.21259	0.0946496	0.193488
	0.0425861	0.0410039	0.0740501	0.0624315	0.074366	0.0846244	0.082306	0.0343476	0.0754698
	0.0366949	0.0349546	0.0643765	0.0535808	0.0630976	0.0722593	0.0698256	0.0290122	0.0642388
	0.0583535	0.0555043	0.103117	0.0852475	0.101909	0.117229	0.113159	0.0465313	0.102912
loop 6
	0.0305775	0.0289751	0.0533081	0.0434499	0.0521918	0.0591343	0.0583552	0.0234853	0.0531956
	0.0796486	0.0758591	0.133156	0.112294	0.133234	0.15263	0.147616	0.0644142	0.135025
	0.0549282	0.0525113	0.099491	0.0808444	0.098487	0.113695	0.110021	0.0425041	0.100827
	0.0574948	0.0556915	0.0999408	0.0826319	0.0987457	0.114727	0.111937	0.0461066	0.101698
	0.1017	0.0977516	0.168052	0.140392	0.167435	0.1915	0.184318	0.0814414	0.167743
	0.0440203	0.0410885	0.0758016	0.0625797	0.0745375	0.0864691	0.0825037	0.0344088	0.0756449
	0.0359496	0.0342031	0.0621728	0.051395	0.0608948	0.0700549	0.0692372	0.0282249	0.0620355
	0.0576064	0.0547662	0.10077	0.0829479	0.0995705	0.114869	0.110806	0.0444138	0.100571
loop 7
	0.0303625	0.0287654	0.0530325	0.0445401	0.051907	0.0602941	0.0580608	0.0244561	0.05292
	0.0801427	0.0763032	0.131969	0.110988	0.131891	0.151278	0.146305	0.0630726	0.133819
	0.0556716	0.0519816	0.0991734	0.0804582	0.098189	0.113451	0.10978	0.0419282	0.0990018
	0.0573885	0.0556958	0.0999408	0.0826319	0.0987457	0.114727	0.111937	0.0461098	0.101698
	0.104542	0.100537	0.171155	0.143381	0.170522	0.194642	0.189701	0.0841605	0.170839
	0.0439147	0.0409924	0.0756081	0.0624244	0.0743479	0.0862596	0.0839172	0.034333	0.0754606
	0.0359524	0.0342058	0.0621853	0.0514045	0.0609069	0.0700697	0.0692516	0.0282269	0.062048
	0.0580954	0.055314	0.101911	0.082843	0.10073	0.115757	0.11176	0.0451996	0.101702
loop 8
	0.0305625	0.028959	0.0518906	0.0434414	0.0521808	0.0591212	0.0583488	0.0234735	0.0531844
	0.0455587	0.0435935	0.0783088	0.06444	0.0767945	0.0889343	0.0861974	0.0369538	0.0781387
	0.0545649	0.0508959	0.0979017	0.0792572	0.0969172	0.112132	0.108468	0.0420578	0.0977327
	0.0573931	0.0557002	0.0999512	0.0826398	0.0987559	0.11474	0.109923	0.0461131	0.101708
	0.107542	0.103509	0.177093	0.148871	0.176335	0.200794	0.195855	0.0869546	0.176765
	0.0437499	0.040831	0.0754145	0.062241	0.0741494	0.0860391	0.083705	0.0341843	0.0752671
	0.0359721	0.034224	0.0622103	0.0514283	0.0609313	0.0700919	0.06766	0.0282482	0.0620792
	0.0562112	0.0534262	0.0983765	0.0809578	0.0972034	0.112165	0.109904	0.0433074	0.0998352
loop 9
	0.0306225	0.0290166	0.0519727	0.0435175	0.0522629	0.0592196	0.0584448	0.0235189	0.0532744
	0.0523551	0.0487339	0.0875019	0.073305	0.0858165	0.0981744	0.0954225	0.0405479	0.0873117
	0.0544741	0.0508133	0.0977834	0.0791423	0.0952893	0.111991	0.108314	0.04198	0.0976144
	0.0573838	0.0556871	0.0999408	0.082624	0.0987457	0.114727	0.111925	0.0461033	0.101698
	0.111963	0.107942	0.183592	0.155304	0.182758	0.20958	0.202309	0.0914512	0.183269
	0.0430121	0.0400863	0.0731974	0.0615463	0.0734978	0.0837899	0.081455	0.0334187	0.0746097
	0.0359552	0.0342058	0.0621916	0.0514093	0.060913	0.0700771	0.0692589	0.0282308	0.0620605
	0.0557696	0.0530171	0.0992736	0.0818717	0.0981074	0.113057	0.109068	0.0443019	0.099072
loop 10
	0.0305625	0.028959	0.0518796	0.043433	0.0521699	0.059108	0.058336	0.0234752	0.0531731
	0.110567	0.10634	0.182963	0.154895	0.182834	0.209597	0.204031	0.0883378	0.185089
	0.0543984	0.0507444	0.0976482	0.0790401	0.0966509	0.11185	0.108178	0.041923	0.0974792
	0.0573885	0.0556958	0.0999408	0.0826319	0.0987457	0.114727	0.111937	0.0461098	0.101698
	0.107487	0.103697	0.178411	0.149109	0.177906	0.203918	0.196764	0.0859842	0.180257
	0.0425779	0.0409924	0.0740411	0.060947	0.0743479	0.0846136	0.0822852	0.0343359	0.0754514
	0.0359636	0.0342162	0.0621916	0.051414	0.060913	0.0700697	0.0676388	0.0282424	0.0620543
	0.0612639	0.0583872	0.106569	0.0884714	0.105334	0.122654	0.118501	0.0479052	0.108093
loop 11
	0.0314539	0.0298468	0.0528131	0.0443528	0.0531	0.0600453	0.0592721	0.0243485	0.0541153
	0.0542191	0.050569	0.0893836	0.0751746	0.089528	0.101941	0.0991917	0.0424166	0.0910817
	0.0517226	0.0492608	0.0939062	0.0766087	0.0914094	0.106592	0.102932	0.0402923	0.0937344
	0.0573977	0.0557002	0.0999512	0.0826398	0.0987559	0.11474	0.109923	0.0461131	0.101708
	0.105459	0.101507	0.171606	0.146066	0.173175	0.197266	0.190089	0.0851891	0.173475
	0.0430817	0.0401533	0.0732858	0.0601596	0.0720375	0.083896	0.0815672	0.0334805	0.074709
	0.0359608	0.0342136	0.0621916	0.051414	0.0609191	0.0700771	0.0676388	0.0282366	0.0620605
	0.0569152	0.0541081	0.0995518	0.0819312	0.0983731	0.1135	0.109484	0.043878	0.101045
loop 12
	0.0306925	0.0290811	0.0520932	0.0436104	0.0509772	0.0593508	0.0571176	0.0235727	0.0519837
	0.0471084	0.0450766	0.0787304	0.0646762	0.0771197	0.0894115	0.0866629	0.0368049	0.0785603
	0.051075	0.04864	0.0928438	0.0757057	0.0918408	0.105427	0.103337	0.0397686	0.0926875
	0.0573838	0.0556871	0.0999408	0.082624	0.0987457	0.114727	0.111925	0.0461033	0.101687
	0.111784	0.107763	0.181215	0.153041	0.182768	0.207273	0.199956	0.08939	0.18314
	0.0426762	0.0410885	0.0741945	0.0610779	0.07295	0.0847866	0.0824621	0.0331574	0.0756173
	0.0359749	0.0342292	0.0622165	0.0514283	0.0609434	0.0700993	0.067667	0.0282462	0.0620792
	0.0581962	0.0540198	0.101985	0.0829104	0.100818	0.115845	0.111844	0.0452967	0.101777
loop 13
	0.030735	0.0291226	0.0521589	0.0436738	0.0510465	0.059423	0.0571925	0.0236096	0.0520494
	0.0416755	0.039665	0.071456	0.0592361	0.0717184	0.0821329	0.0793813	0.0329062	0.071296
	0.0516399	0.049184	0.09375	0.0764899	0.0927634	0.106444	0.104324	0.0402257	0.0935781
	0.0573931	0.0556958	0.0999408	0.0826319	0.0987457	0.114727	0.111937	0.0461098	0.101698
	0.125616	0.121594	0.206548	0.173377	0.205661	0.235338	0.227899	0.101289	0.206168
	0.0428073	0.0412115	0.0744292	0.0612708	0.0731709	0.0850462	0.0827222	0.0332558	0.0742758
	0.0359833	0.0342344	0.062229	0.0514426	0.0609495	0.0701141	0.0676812	0.0282559	0.0620917
	0.0552141	0.0524461	0.0973566	0.0799388	0.0961926	0.111145	0.107163	0.0436689	0.0988155
loop 14
	0.0304325	0.0288369	0.0530775	0.0432556	0.0519618	0.0603412	0.0581056	0.0245267	0.052965
	0.045673	0.0436594	0.0789301	0.064845	0.0773292	0.0896324	0.086883	0.0369442	0.07876
	0.0485686	0.044843	0.0854994	0.069683	0.0844945	0.0981611	0.0945163	0.0369459	0.0853514
	0.0573931	0.0557002	0.0999512	0.0826398	0.0987559	0.11474	0.109923	0.0461131	0.101708
	0.128626	0.122626	0.209822	0.176574	0.211308	0.24112	0.233663	0.104203	0.2118
	0.0429998	0.0400752	0.0731621	0.0615257	0.0719078	0.0837474	0.0814244	0.0334159	0.0745736
	0.0359805	0.0342318	0.0622165	0.0514331	0.0609434	0.0701067	0.067667	0.0282482	0.0620855
	0.0589829	0.0561565	0.103444	0.0840902	0.102238	0.117473	0.113416	0.0458793	0.10325
loop 15
	0.03066	0.0290534	0.0520275	0.043564	0.0523232	0.0592786	0.057049	0.0235525	0.053325
	0.0576652	0.0540057	0.09654	0.0803827	0.0947659	0.109198	0.10643	0.0458749	0.09634
	0.045945	0.0434419	0.082858	0.068411	0.0818496	0.0939813	0.0918723	0.0355109	0.0827048
	0.0573792	0.0556871	0.0999304	0.082624	0.0987355	0.114715	0.111925	0.0461001	0.101687
	0.12747	0.121469	0.208747	0.175462	0.207946	0.237656	0.230195	0.103028	0.208395
	0.0430162	0.0400938	0.0731798	0.0600722	0.0719337	0.0837687	0.0814448	0.0334327	0.0730295
	0.0359692	0.0342188	0.0622228	0.0514331	0.0609434	0.0701067	0.0676741	0.0282385	0.0620855
	0.058944	0.0546713	0.102298	0.0843853	0.101081	0.116455	0.112361	0.0456846	0.102096
loop 16
	0.030435	0.0288323	0.0531394	0.0432936	0.052011	0.0604084	0.058176	0.0245143	0.0530269
	0.0665711	0.0646277	0.112597	0.09448	0.112686	0.129281	0.124463	0.0533958	0.114365
	0.0459821	0.0446194	0.0816947	0.066703	0.0806353	0.0932351	0.0910433	0.0362052	0.0830482
	0.0575179	0.0557089	0.0999616	0.0826477	0.0987661	0.114753	0.109923	0.0461228	0.101719
	0.105038	0.10112	0.173225	0.145569	0.172626	0.196615	0.19173	0.084841	0.175096
	0.0429957	0.041396	0.0747541	0.0615394	0.073489	0.085414	0.081455	0.0334046	0.0746007
	0.0366862	0.0349438	0.06437	0.0535707	0.0630848	0.0722593	0.0698182	0.0290041	0.0642322
	0.0572907	0.0545005	0.101199	0.083652	0.100022	0.115103	0.111079	0.0443513	0.101008
loop 17
	0.0306475	0.0290396	0.0520056	0.0435471	0.0523013	0.0592524	0.057024	0.0235407	0.0518961
	0.0457403	0.0437378	0.0771486	0.0649069	0.077387	0.0877874	0.0850459	0.0370282	0.0788044
	0.0509952	0.0484087	0.0904642	0.0741251	0.0894165	0.10354	0.101355	0.0402364	0.0918341
	0.0573931	0.0556958	0.0999512	0.0826398	0.0987559	0.11474	0.109923	0.0461131	0.101708
	0.126818	0.122903	0.210867	0.175887	0.210139	0.239536	0.232139	0.102898	0.210503
	0.0440752	0.0411423	0.0743209	0.0626573	0.0746277	0.0849272	0.0825974	0.0344642	0.0757371
	0.0359664	0.0342162	0.0622103	0.0514236	0.0609252	0.0700993	0.06766	0.0282404	0.0620792
	0.0560256	0.0532602	0.0996912	0.0822355	0.0985322	0.11352	0.109543	0.0445084	0.099504
loop 18
	0.03062	0.0290166	0.0519727	0.0435133	0.0522629	0.059213	0.0584384	0.0235189	0.0532688
	0.04691	0.0448882	0.0784124	0.0661583	0.0786491	0.0890492	0.0863074	0.0366537	0.0800725
	0.0461172	0.043512	0.0813254	0.0665684	0.0802833	0.0927121	0.0905527	0.0364658	0.0826672
	0.0573792	0.0556827	0.0999304	0.082624	0.0987355	0.114715	0.111913	0.0460968	0.101687
	0.149107	0.142682	0.239884	0.204424	0.241021	0.27514	0.267335	0.121334	0.241924
	0.0431432	0.0402091	0.0733918	0.0602403	0.0721413	0.0840021	0.0816794	0.0335282	0.0732416
	0.0359692	0.0342188	0.0622228	0.0514283	0.0609373	0.0701067	0.0676741	0.0282385	0.0620855
	0.0557824	0.0530349	0.0993024	0.0818937	0.0981357	0.113091	0.109117	0.0443109	0.100774
loop 19
	0.0306325	0.0290235	0.0519946	0.0435302	0.0508813	0.0592393	0.0570115	0.0235256	0.0518851
	0.0470318	0.0434493	0.0785011	0.0645412	0.076939	0.0891552	0.0864174	0.0367785	0.0783384
	0.0512677	0.0487511	0.0913306	0.0752475	0.0902736	0.104161	0.102025	0.0395885	0.0926678
	0.0573931	0.0556958	0.0999512	0.0826398	0.0987559	0.11474	0.109923	0.0461131	0.101708
	0.154131	0.147588	0.245786	0.209967	0.246864	0.281233	0.27342	0.124038	0.247873
	0.0438935	0.0409655	0.0756357	0.0624315	0.074366	0.084646	0.0823269	0.0343009	0.0754883
	0.0359749	0.0342292	0.0622228	0.0514378	0.0609495	0.0701067	0.0676741	0.0282482	0.0620917
	0.0596957	0.0568243	0.106387	0.0867033	0.103439	0.120646	0.116523	0.0464342	0.106175
loop 20
	0.03042	0.0288184	0.0531169	0.0432725	0.0519946	0.0603882	0.0581504	0.0245002	0.0530044
	0.0418154	0.0398056	0.071616	0.0593831	0.0700989	0.0804509	0.0777193	0.0330338	0.071456
	0.050272	0.047764	0.0902016	0.0741762	0.0891577	0.103	0.0993198	0.0386334	0.0900288
	0.0573931	0.0556958	0.0999512	0.0826398	0.0987559	0.11474	0.109911	0.0461131	0.101708
	0.135676	0.131078	0.213065	0.183882	0.216457	0.243581	0.238263	0.110803	0.215141
	0.0427377	0.04115	0.0742938	0.0611605	0.0730472	0.0848948	0.0825661	0.033208	0.0741404
	0.0359692	0.0342214	0.0622103	0.0514283	0.0609313	0.0700919	0.06766	0.0282424	0.0620792
	0.0569664	0.0541496	0.101448	0.0836687	0.100246	0.115511	0.111444	0.0452401	0.101246
loop 21
	0.030695	0.029088	0.0520822	0.0436147	0.0509719	0.0593377	0.0571114	0.0235794	0.0519727
	0.0469448	0.0449304	0.0784642	0.066193	0.0786934	0.0891111	0.0863667	0.0366897	0.0801254
	0.054202	0.0517143	0.0984842	0.0794212	0.0974353	0.113014	0.109254	0.0426166	0.098304
	0.0573792	0.0556871	0.0999304	0.082624	0.0987355	0.114715	0.111925	0.0461001	0.101687
	0.135757	0.131247	0.216832	0.183236	0.217831	0.247247	0.239385	0.10925	0.216429
	0.0428442	0.0412461	0.0745375	0.0613465	0.0732681	0.0851652	0.0812204	0.0332726	0.0743841
	0.0359636	0.0342136	0.0622103	0.0514188	0.0609313	0.0700993	0.06766	0.0282346	0.0620792
	0.0571004	0.054318	0.0991728	0.0817945	0.0980224	0.112954	0.110679	0.0442256	0.100642
loop 22
	0.0306	0.0289935	0.0519399	0.0434879	0.0522356	0.0591802	0.0584064	0.0235004	0.0532406
	0.0416434	0.0396379	0.0713024	0.0591332	0.0715776	0.0819548	0.0792112	0.0328981	0.0711488
	0.0507904	0.048268	0.09108	0.0749149	0.0900356	0.103996	0.101843	0.0402439	0.0924286
	0.0573931	0.0556958	0.0999408	0.0826319	0.0987559	0.114727	0.109911	0.0461098	0.101698
	0.130349	0.124156	0.211776	0.177523	0.210667	0.241209	0.233639	0.105184	0.211396
	0.0428564	0.0412653	0.0744923	0.0613259	0.0732328	0.0834928	0.0811694	0.0333035	0.0743389
	0.0359721	0.0342266	0.062204	0.0514236	0.0609313	0.0700919	0.06766	0.0282424	0.062073
	0.0562176	0.0534321	0.100051	0.0809686	0.0972174	0.113932	0.10992	0.0433204	0.0998496
loop 23
	0.030625	0.0290189	0.0519837	0.0435217	0.0508706	0.0592261	0.0569991	0.0235206	0.0518741
	0.0470736	0.0434838	0.0786565	0.0646313	0.0770691	0.089332	0.0865783	0.0367905	0.0784864
	0.0545159	0.0507931	0.0969441	0.0795415	0.095903	0.111269	0.107584	0.0418403	0.0982984
	0.0574948	0.0556915	0.0999408	0.0826319	0.0987457	0.114727	0.111937	0.0461066	0.101698
	0.126559	0.122011	0.200801	0.169704	0.201777	0.228541	0.220775	0.101948	0.200442
	0.0427868	0.0412	0.0743841	0.0612363	0.0731267	0.0833655	0.0810571	0.0332473	0.0742306
	0.0359608	0.0342136	0.0621916	0.0514093	0.060913	0.0700771	0.0676388	0.0282346	0.0620605
	0.0566805	0.0539225	0.100232	0.0828093	0.0990576	0.115739	0.111743	0.0451904	0.101702
loop 24
	0.0304225	0.0288207	0.0531225	0.0432767	0.0519946	0.060395	0.0581568	0.0245002	0.05301
	0.0449564	0.0413985	0.0745941	0.0624665	0.0748765	0.0852115	0.0824735	0.0347211	0.076233
	0.0520484	0.0495177	0.092619	0.0749149	0.0915552	0.105607	0.10186	0.0402349	0.0924433
	0.0573885	0.0556958	0.0999408	0.0826319	0.0987457	0.114727	0.111937	0.0461098	0.101698
	0.128067	0.12348	0.202669	0.173721	0.206068	0.233016	0.225184	0.105308	0.204737
	0.0429629	0.0400454	0.0731091	0.0614774	0.0734095	0.0836838	0.0813632	0.0333878	0.0745194
	0.0359552	0.0342084	0.0621916	0.0514093	0.060913	0.0700771	0.0692661	0.0282327	0.0620605
	0.0604286	0.0575545	0.10584	0.0860678	0.104595	0.120161	0.116019	0.0470538	0.105632
loop 25
	0.0306925	0.0290834	0.0520932	0.0436147	0.0509825	0.0593508	0.0571176	0.0235743	0.0519837
	0.0490577	0.0470283	0.0823784	0.0682746	0.0825923	0.0930456	0.0903041	0.0387835	0.0821962
	0.0537901	0.050067	0.0962901	0.07744	0.0937344	0.109046	0.105377	0.0410914	0.0961127
	0.0573931	0.0557002	0.0999512	0.0826398	0.0987559	0.11474	0.109923	0.0461131	0.101708
	0.127094	0.122507	0.19945	0.170548	0.202865	0.229753	0.221935	0.104293	0.201517
	0.0419404	0.0403394	0.0736304	0.060442	0.0723662	0.0826494	0.08032	0.033635	0.0734802
	0.0359692	0.0342214	0.0621978	0.0514188	0.0609191	0.0700845	0.0676529	0.0282482	0.0620667
	0.056704	0.0539183	0.0991553	0.0816067	0.0979832	0.113061	0.109048	0.0437299	0.0989712
loop 26
	0.0304825	0.0288852	0.053145	0.0433189	0.052033	0.0604151	0.058176	0.023413	0.0530325
	0.0416055	0.0395974	0.0712448	0.059094	0.07152	0.0818928	0.079152	0.0328637	0.0728796
	0.050627	0.0480679	0.0898516	0.0735946	0.0888005	0.102841	0.099098	0.0387432	0.0896845
	0.0573838	0.0556871	0.0999408	0.082624	0.0987457	0.114727	0.111925	0.0461033	0.101698
	0.127931	0.123365	0.202418	0.173516	0.205811	0.232715	0.224896	0.105228	0.204455
	0.0418293	0.0402352	0.073436	0.0602807	0.0721846	0.0824309	0.08011	0.0335479	0.0732858
	0.036017	0.0342682	0.0622914	0.0514902	0.0610104	0.0701806	0.0677447	0.028285	0.0621541
	0.0580281	0.0552703	0.101717	0.0842532	0.100554	0.117289	0.113263	0.0451765	0.10318
loop 27
	0.0305425	0.0289428	0.0532519	0.0434034	0.0521315	0.0590687	0.0582976	0.0234617	0.0531394
	0.0456562	0.04365	0.0788192	0.0647887	0.0772425	0.0876144	0.0848802	0.036949	0.0786491
	0.0502704	0.0477959	0.08972	0.0738879	0.0886896	0.102349	0.100251	0.0387894	0.0910454
	0.0573885	0.0556958	0.0999408	0.0826319	0.0987457	0.114727	0.111937	0.0461098	0.101698
	0.12638	0.121827	0.200828	0.171923	0.201749	0.231106	0.223277	0.103697	0.202865
	0.0427786	0.0411885	0.074357	0.0612157	0.0731002	0.0849705	0.082639	0.034505	0.075774
	0.0366833	0.0349384	0.0643831	0.0535808	0.063104	0.0722748	0.069833	0.028996	0.0642453
	0.0560384	0.053278	0.09972	0.0806982	0.0985606	0.113571	0.109576	0.0432028	0.0995328
loop 28
	0.0296139	0.0280145	0.0523122	0.0424673	0.0511957	0.0581312	0.0573548	0.023687	0.0521972
	0.0501873	0.04815	0.0836325	0.0694998	0.083835	0.096236	0.093469	0.0398921	0.0853191
	0.0484837	0.045904	0.0865404	0.0702242	0.0854757	0.0979912	0.0958232	0.0377055	0.0863714
	0.0573977	0.0557002	0.0999512	0.0826398	0.0987559	0.11474	0.109923	0.0461131	0.101708
	0.126321	0.121785	0.20047	0.171697	0.201498	0.22818	0.2204	0.103708	0.20253
	0.0427254	0.0411346	0.0742848	0.0626291	0.0745916	0.084884	0.0825661	0.0344555	0.0757002
	0.036017	0.0342708	0.0622789	0.0514855	0.0610043	0.0701659	0.0677305	0.0282869	0.0621416
	0.0581501	0.0553036	0.102765	0.0849442	0.101563	0.116845	0.114531	0.0463648	0.104277
loop 29
	0.030315	0.0287217	0.0529481	0.0444617	0.0518194	0.0601932	0.0579648	0.0244173	0.05283
	0.0470213	0.0449954	0.0785825	0.0662854	0.0788044	0.0892436	0.0865021	0.0367377	0.0784124
	0.0461981	0.0436856	0.083356	0.0674201	0.0823012	0.0945411	0.0909072	0.0357069	0.0832028
	0.0573838	0.0556871	0.0999408	0.082624	0.0987457	0.114727	0.111925	0.0461033	0.101687
	0.129574	0.12499	0.204172	0.175221	0.20756	0.234487	0.22667	0.10485	0.20621
	0.0441132	0.0411692	0.0760136	0.062742	0.074736	0.085057	0.0827222	0.034473	0.0758569
	0.0360226	0.034276	0.0622852	0.051495	0.0610104	0.0701806	0.0677447	0.0282888	0.0621541
	0.0573632	0.0545349	0.102082	0.0826126	0.0991946	0.116214	0.112132	0.0455678	0.10188
loop 30
	0.03082	0.0292078	0.0522903	0.0437837	0.0511744	0.0595739	0.0573361	0.0236786	0.0521753
	0.0488679	0.0468438	0.0822121	0.0681165	0.0823942	0.0928668	0.0901237	0.038617	0.0838917
	0.0428728	0.0402712	0.0753239	0.0620217	0.0742638	0.0866377	0.0829697	0.0331918	0.0766422
	0.0573931	0.0556958	0.0999408	0.0826319	0.0987457	0.114727	0.111937	0.0461098	0.101698
	0.125737	0.121153	0.198197	0.169252	0.199178	0.225985	0.218203	0.10294	0.200267
	0.0429916	0.0400714	0.0731621	0.0615188	0.0734625	0.0837474	0.0814244	0.0334074	0.0745736
	0.0360114	0.034263	0.0622665	0.0514759	0.0609921	0.0701585	0.0677235	0.0282733	0.0621354
	0.0582433	0.0540624	0.102149	0.083034	0.0993024	0.116022	0.112013	0.0453152	0.101955
loop 31
	0.0307025	0.0290926	0.0521041	0.0436274	0.0509932	0.0593639	0.0571364	0.0235811	0.0519946
	0.0476676	0.0456562	0.0808086	0.068518	0.0810255	0.0914412	0.0887046	0.0374625	0.0824735
	0.0463419	0.0436552	0.0813936	0.0676006	0.0803171	0.0931559	0.09092	0.0363277	0.0827763
	0.0573931	0.0557002	0.0999512	0.0826398	0.0987559	0.11474	0.109923	0.0461131	0.101708
	0.13276	0.126298	0.210146	0.179494	0.211221	0.240101	0.234887	0.106674	0.21217
	0.0428401	0.0412461	0.0744833	0.061319	0.0732239	0.0851111	0.0811592	0.033281	0.0743299
	0.0360086	0.034263	0.0622665	0.0514759	0.0609921	0.0701585	0.0677235	0.0282753	0.0621354
	0.0573759	0.053195	0.099648	0.0821803	0.0984756	0.113469	0.109478	0.0444366	0.101111

work load: parser.mips vortex.mips crafty.mips gap.mips gcc.mips equake.mips mcf.mips swim.mips
