loop 0
0.0573931 0.0556958 0.0999512 0.0826398 0.0987559 0.11474 0.109923 0.0461131
0.0401813 0.0386136 0.0712505 0.0583142 0.0700227 0.0801187 0.0778297 0.0320397
0.0430682 0.040035 0.0728148 0.0608 0.0731461 0.08377 0.0813651 0.0330847
0.0573931 0.0556958 0.0999512 0.0826398 0.0987559 0.11474 0.109923 0.0461131
0.0401813 0.0386136 0.0712505 0.0583142 0.0700227 0.0801187 0.0778297 0.0320397
0.035496 0.034084 0.0624267 0.0520312 0.0613877 0.0705606 0.0684657 0.0280675
0.0306375 0.029035 0.0520056 0.0435386 0.0508919 0.0592524 0.057024 0.0235357
0.0487637 0.0467533 0.0837216 0.0696059 0.0821012 0.0943977 0.0916531 0.0385598
loop 1
0.0573792 0.0556827 0.0999304 0.082624 0.0987355 0.114715 0.111913 0.0460968
0.0401467 0.0385812 0.0696672 0.0582617 0.0699634 0.0800472 0.0777611 0.0320127
0.0419245 0.0402612 0.0731792 0.0596016 0.0719118 0.0825048 0.0800988 0.033285
0.0573792 0.0556827 0.0999304 0.082624 0.0987355 0.114715 0.111913 0.0460968
0.0401467 0.0385812 0.0696672 0.0582617 0.0699634 0.0800472 0.0777611 0.0320127
0.035514 0.0341009 0.0624591 0.0520499 0.0614115 0.070599 0.0685025 0.028085
0.0296091 0.0280101 0.0522958 0.042455 0.0511797 0.058112 0.0573361 0.0236853
0.0457336 0.0437503 0.0788044 0.0648056 0.0772425 0.089491 0.0867391 0.0370522
loop 2
0.0573931 0.0556958 0.0999512 0.0826398 0.0987559 0.11474 0.109923 0.0461131
0.0414403 0.0385668 0.0711553 0.0582354 0.0699296 0.0800166 0.0777317 0.0320045
0.0420845 0.0390594 0.0718389 0.05982 0.0705761 0.0827988 0.0787415 0.0334098
0.0573931 0.0556958 0.0999512 0.0826398 0.0987559 0.11474 0.109923 0.0461131
0.0414403 0.0385668 0.0711553 0.0582354 0.0699296 0.0800166 0.0777317 0.0320045
0.0354924 0.0340807 0.0624267 0.052025 0.0613798 0.0705606 0.0684657 0.0280675
0.0306125 0.0290074 0.0519563 0.0435006 0.0522465 0.0591999 0.0584256 0.0235138
0.0497683 0.0477612 0.0845739 0.0705088 0.0848057 0.09714 0.0924717 0.0395757
loop 3
0.0573931 0.0556958 0.0999512 0.0826398 0.0987559 0.11474 0.109911 0.0461131
0.0414761 0.0385992 0.0712764 0.0583207 0.0700396 0.0801391 0.0778591 0.0320208
0.042092 0.0390695 0.0718389 0.0598262 0.0705761 0.0827988 0.0803905 0.0334255
0.0573931 0.0556958 0.0999512 0.0826398 0.0987559 0.11474 0.109911 0.0461131
0.0414761 0.0385992 0.0712764 0.0583207 0.0700396 0.0801391 0.0778591 0.0320208
0.035478 0.0340672 0.0624024 0.0520063 0.0613561 0.0705318 0.068438 0.028055
0.0315085 0.0298973 0.0528975 0.0444268 0.0531844 0.0601395 0.0593705 0.0243891
0.0498413 0.0478476 0.084607 0.0705792 0.0830088 0.0952461 0.0925093 0.0396758
loop 4
0.0573792 0.0556871 0.0999304 0.082624 0.0987355 0.114715 0.111925 0.0461001
0.0403428 0.038772 0.0699634 0.0585241 0.0687571 0.0788 0.0765247 0.0321776
0.042118 0.0390897 0.0718713 0.0598512 0.0706078 0.0828283 0.0787692 0.0334411
0.0573792 0.0556871 0.0999304 0.082624 0.0987355 0.114715 0.111925 0.0461001
0.0403428 0.038772 0.0699634 0.0585241 0.0687571 0.0788 0.0765247 0.0321776
0.0355284 0.0341143 0.0624753 0.0520749 0.0614353 0.0706182 0.068521 0.028095
0.0306825 0.0290742 0.0520822 0.0436062 0.0523725 0.0593377 0.0571052 0.0235676
0.0597459 0.0577176 0.10069 0.0843917 0.100817 0.115419 0.110618 0.0479124
loop 5
0.0573931 0.0556958 0.0999408 0.0826319 0.0987559 0.114727 0.109911 0.0461098
0.0405196 0.037654 0.0687406 0.0573376 0.0690387 0.07912 0.0768416 0.0310872
0.0420994 0.0390729 0.0718308 0.05982 0.0705682 0.082789 0.0803811 0.0334281
0.0573931 0.0556958 0.0999408 0.0826319 0.0987559 0.114727 0.109911 0.0461098
0.0405196 0.037654 0.0687406 0.0573376 0.0690387 0.07912 0.0768416 0.0310872
0.0355068 0.0340941 0.0624429 0.0520437 0.0614036 0.0705894 0.0684933 0.0280775
0.030655 0.0290488 0.0520275 0.043564 0.0523177 0.0592786 0.057049 0.0235491
0.0698944 0.0661795 0.116525 0.0981513 0.116592 0.13339 0.128521 0.054905
loop 6
0.0574948 0.0556915 0.0999408 0.0826319 0.0987457 0.114727 0.111937 0.0461066
0.0417499 0.0388548 0.0717002 0.0586816 0.0704713 0.0806185 0.0783198 0.0322398
0.0418836 0.040223 0.0730964 0.0595329 0.0718308 0.0824166 0.0800141 0.0332486
0.0574948 0.0556915 0.0999408 0.0826319 0.0987457 0.114727 0.111937 0.0461066
0.0417499 0.0388548 0.0717002 0.0586816 0.0704713 0.0806185 0.0783198 0.0322398
0.0354672 0.0340538 0.0623862 0.0519875 0.0613402 0.0705126 0.0684196 0.0280425
0.0305775 0.0289751 0.0533081 0.0434499 0.0521918 0.0591343 0.0583552 0.0234853
0.0796486 0.0758591 0.133156 0.112294 0.133234 0.15263 0.147616 0.0644142
loop 7
0.0573885 0.0556958 0.0999408 0.0826319 0.0987457 0.114727 0.111937 0.0461098
0.0414086 0.038538 0.0711121 0.0582026 0.0698872 0.0799656 0.0776827 0.0319748
0.0429798 0.0399549 0.0742716 0.0606784 0.072997 0.0836 0.0811922 0.0330197
0.0573885 0.0556958 0.0999408 0.0826319 0.0987457 0.114727 0.111937 0.0461098
0.0414086 0.038538 0.0711121 0.0582026 0.0698872 0.0799656 0.0776827 0.0319748
0.0355068 0.0340908 0.0624429 0.0520375 0.0613957 0.0705798 0.0684841 0.0280925
0.0303625 0.0287654 0.0530325 0.0445401 0.051907 0.0602941 0.0580608 0.0244561
0.0801427 0.0763032 0.131969 0.110988 0.131891 0.151278 0.146305 0.0630726
loop 8
0.0573931 0.0557002 0.0999512 0.0826398 0.0987559 0.11474 0.109923 0.0461131
0.0405119 0.0389376 0.070302 0.057376 0.0690884 0.07917 0.0768896 0.032302
0.0420733 0.0390527 0.0717822 0.0597825 0.0721143 0.0827302 0.0803246 0.0334124
0.0573931 0.0557002 0.0999512 0.0826398 0.0987559 0.11474 0.109923 0.0461131
0.0405119 0.0389376 0.070302 0.057376 0.0690884 0.07917 0.0768896 0.032302
0.035514 0.0341009 0.0624591 0.0520499 0.0614115 0.070599 0.0685025 0.0280825
0.0305625 0.028959 0.0518906 0.0434414 0.0521808 0.0591212 0.0583488 0.0234735
0.0455587 0.0435935 0.0783088 0.06444 0.0767945 0.0889343 0.0861974 0.0369538
loop 9
0.0573838 0.0556871 0.0999408 0.082624 0.0987457 0.114727 0.111925 0.0461033
0.0403928 0.0388188 0.070065 0.0571648 0.0688482 0.07891 0.0766303 0.0322182
0.0420696 0.040404 0.0718065 0.0597888 0.0721305 0.0827596 0.0803435 0.0334046
0.0573838 0.0556871 0.0999408 0.082624 0.0987457 0.114727 0.111925 0.0461033
0.0403928 0.0388188 0.070065 0.0571648 0.0688482 0.07891 0.0766303 0.0322182
0.0354816 0.0340706 0.0624105 0.0520125 0.061364 0.0705414 0.0684472 0.0280575
0.0306225 0.0290166 0.0519727 0.0435175 0.0522629 0.0592196 0.0584448 0.0235189
0.0523551 0.0487339 0.0875019 0.073305 0.0858165 0.0981744 0.0954225 0.0405479
loop 10
0.0573885 0.0556958 0.0999408 0.0826319 0.0987457 0.114727 0.111937 0.0461098
0.0404004 0.0388296 0.070065 0.0571776 0.0688565 0.07892 0.0766399 0.0322263
0.0420064 0.0403413 0.0717093 0.0597076 0.0720333 0.082642 0.08024 0.03335
0.0573885 0.0556958 0.0999408 0.0826319 0.0987457 0.114727 0.111937 0.0461098
0.0404004 0.0388296 0.070065 0.0571776 0.0688565 0.07892 0.0766399 0.0322263
0.0354924 0.0340807 0.0624267 0.052025 0.0613798 0.0705606 0.0684657 0.028065
0.0305625 0.028959 0.0518796 0.043433 0.0521699 0.059108 0.058336 0.0234752
0.110567 0.10634 0.182963 0.154895 0.182834 0.209597 0.204031 0.0883378
loop 11
0.0573977 0.0557002 0.0999512 0.0826398 0.0987559 0.11474 0.109923 0.0461131
0.0415475 0.038664 0.0714321 0.0584388 0.0701835 0.0803125 0.0780258 0.0320694
0.0420473 0.0403796 0.071766 0.0597576 0.0720981 0.0827106 0.0803058 0.0333864
0.0573977 0.0557002 0.0999512 0.0826398 0.0987559 0.11474 0.109923 0.0461131
0.0415475 0.038664 0.0714321 0.0584388 0.0701835 0.0803125 0.0780258 0.0320694
0.0355104 0.0340975 0.062451 0.0520437 0.0614036 0.0705894 0.0684933 0.0280825
0.0314539 0.0298468 0.0528131 0.0443528 0.0531 0.0600453 0.0592721 0.0243485
0.0542191 0.050569 0.0893836 0.0751746 0.089528 0.101941 0.0991917 0.0424166
loop 12
0.0573838 0.0556871 0.0999408 0.082624 0.0987457 0.114727 0.111925 0.0461033
0.0405465 0.0376783 0.070302 0.0573696 0.0690801 0.07918 0.0768896 0.0311106
0.0421031 0.0390762 0.0718632 0.0598387 0.070592 0.0828283 0.0787692 0.0334281
0.0573838 0.0556871 0.0999408 0.082624 0.0987457 0.114727 0.111925 0.0461033
0.0405465 0.0376783 0.070302 0.0573696 0.0690801 0.07918 0.0768896 0.0311106
0.035478 0.0340639 0.0624024 0.0520063 0.0613561 0.0705414 0.068438 0.0280525
0.0306925 0.0290811 0.0520932 0.0436104 0.0509772 0.0593508 0.0571176 0.0235727
0.0471084 0.0450766 0.0787304 0.0646762 0.0771197 0.0894115 0.0866629 0.0368049
loop 13
0.0573931 0.0556958 0.0999408 0.0826319 0.0987457 0.114727 0.111937 0.0461098
0.0404735 0.038898 0.0701835 0.0572736 0.0689642 0.07904 0.0767648 0.0310533
0.042051 0.0403866 0.0717498 0.0597513 0.0720819 0.082691 0.080287 0.0333916
0.0573931 0.0556958 0.0999408 0.0826319 0.0987457 0.114727 0.111937 0.0461098
0.0404735 0.038898 0.0701835 0.0572736 0.0689642 0.07904 0.0767648 0.0310533
0.0354888 0.0340773 0.0624105 0.0520187 0.0613719 0.070551 0.0684564 0.0280625
0.030735 0.0291226 0.0521589 0.0436738 0.0510465 0.059423 0.0571925 0.0236096
0.0416755 0.039665 0.071456 0.0592361 0.0717184 0.0821329 0.0793813 0.0329062
loop 14
0.0573931 0.0557002 0.0999512 0.0826398 0.0987559 0.11474 0.109923 0.0461131
0.0402428 0.0386712 0.069828 0.0583995 0.0701242 0.0802309 0.0779376 0.0320911
0.0429336 0.0399097 0.0742124 0.0606208 0.0729308 0.08353 0.081125 0.0329807
0.0573931 0.0557002 0.0999512 0.0826398 0.0987559 0.11474 0.109923 0.0461131
0.0402428 0.0386712 0.069828 0.0583995 0.0701242 0.0802309 0.0779376 0.0320911
0.0355356 0.0341211 0.0624834 0.050771 0.0614432 0.0706278 0.0685302 0.0281
0.0304325 0.0288369 0.0530775 0.0432556 0.0519618 0.0603412 0.0581056 0.0245267
0.045673 0.0436594 0.0789301 0.064845 0.0773292 0.0896324 0.086883 0.0369442
loop 15
0.0573792 0.0556871 0.0999304 0.082624 0.0987355 0.114715 0.111925 0.0461001
0.0406349 0.0377619 0.068931 0.0574976 0.0692292 0.07934 0.0770529 0.0311808
0.0418947 0.0402334 0.0731047 0.0595391 0.0718389 0.0824166 0.0800141 0.0332642
0.0573792 0.0556871 0.0999304 0.082624 0.0987355 0.114715 0.111925 0.0461001
0.0406349 0.0377619 0.068931 0.0574976 0.0692292 0.07934 0.0770529 0.0311808
0.0355068 0.0340908 0.0624429 0.0520437 0.0614036 0.0705894 0.0684841 0.028075
0.03066 0.0290534 0.0520275 0.043564 0.0523232 0.0592786 0.057049 0.0235525
0.0576652 0.0540057 0.09654 0.0803827 0.0947659 0.109198 0.10643 0.0458749
loop 16
0.0575179 0.0557089 0.0999616 0.0826477 0.0987661 0.114753 0.109923 0.0461228
0.03945 0.0378733 0.0691215 0.0576512 0.0678942 0.077967 0.075686 0.0312744
0.0422296 0.0391973 0.0720333 0.0599885 0.0707662 0.0813459 0.0789443 0.03224
0.0575179 0.0557089 0.0999616 0.0826477 0.0987661 0.114753 0.109923 0.0461228
0.03945 0.0378733 0.0691215 0.0576512 0.0678942 0.077967 0.075686 0.0312744
0.0354744 0.0340605 0.0623943 0.052 0.0613481 0.0705318 0.0684288 0.0280475
0.030435 0.0288323 0.0531394 0.0432936 0.052011 0.0604084 0.058176 0.0245143
0.0665711 0.0646277 0.112597 0.09448 0.112686 0.129281 0.124463 0.0533958
loop 17
0.0573931 0.0556958 0.0999512 0.0826398 0.0987559 0.11474 0.109923 0.0461131
0.0403697 0.0387972 0.0700227 0.0571328 0.0687985 0.07886 0.0765823 0.0322019
0.0430566 0.0400245 0.0727734 0.0607616 0.0730964 0.08371 0.0813075 0.0330769
0.0573931 0.0556958 0.0999512 0.0826398 0.0987559 0.11474 0.109923 0.0461131
0.0403697 0.0387972 0.0700227 0.0571328 0.0687985 0.07886 0.0765823 0.0322019
0.0354996 0.0340874 0.0624348 0.0520312 0.0613877 0.0705702 0.0684749 0.02807
0.0306475 0.0290396 0.0520056 0.0435471 0.0523013 0.0592524 0.057024 0.0235407
0.0457403 0.0437378 0.0771486 0.0649069 0.077387 0.0877874 0.0850459 0.0370282
loop 18
0.0573792 0.0556827 0.0999304 0.082624 0.0987355 0.114715 0.111913 0.0460968
0.0409799 0.039424 0.0719339 0.0590502 0.0707229 0.0823577 0.0800676 0.0328737
0.0419468 0.0402821 0.0732206 0.0596265 0.0719361 0.082544 0.0801459 0.033298
0.0573792 0.0556827 0.0999304 0.082624 0.0987355 0.114715 0.111913 0.0460968
0.0409799 0.039424 0.0719339 0.0590502 0.0707229 0.0823577 0.0800676 0.0328737
0.0354996 0.0340874 0.0624348 0.0520312 0.0613877 0.0705702 0.0684749 0.02807
0.03062 0.0290166 0.0519727 0.0435133 0.0522629 0.059213 0.0584384 0.0235189
0.04691 0.0448882 0.0784124 0.0661583 0.0786491 0.0890492 0.0863074 0.0366537
loop 19
0.0573931 0.0556958 0.0999512 0.0826398 0.0987559 0.11474 0.109923 0.0461131
0.0411268 0.039558 0.0707229 0.059299 0.0710169 0.0811096 0.07883 0.0329749
0.0421366 0.0391099 0.0719037 0.0598824 0.0706395 0.0812018 0.078806 0.0321625
0.0573931 0.0556958 0.0999512 0.0826398 0.0987559 0.11474 0.109923 0.0461131
0.0411268 0.039558 0.0707229 0.059299 0.0710169 0.0811096 0.07883 0.0329749
0.0354924 0.0340773 0.0624186 0.0520187 0.0613719 0.070551 0.0684564 0.028065
0.0306325 0.0290235 0.0519946 0.0435302 0.0508813 0.0592393 0.0570115 0.0235256
0.0470318 0.0434493 0.0785011 0.0645412 0.076939 0.0891552 0.0864174 0.0367785
loop 20
0.0573931 0.0556958 0.0999512 0.0826398 0.0987559 0.11474 0.109911 0.0461131
0.0413609 0.0384948 0.0710256 0.0581305 0.0698026 0.0798738 0.0775945 0.0319478
0.0420324 0.0403692 0.0717417 0.0597389 0.0720738 0.082691 0.0802776 0.033376
0.0573931 0.0556958 0.0999512 0.0826398 0.0987559 0.11474 0.109911 0.0461131
0.0413609 0.0384948 0.0710256 0.0581305 0.0698026 0.0798738 0.0775945 0.0319478
0.035496 0.034084 0.0624267 0.0520312 0.0613877 0.0705702 0.0684749 0.02807
0.03042 0.0288184 0.0531169 0.0432725 0.0519946 0.0603882 0.0581504 0.0245002
0.0418154 0.0398056 0.071616 0.0593831 0.0700989 0.0804509 0.0777193 0.0330338
loop 21
0.0573792 0.0556871 0.0999304 0.082624 0.0987355 0.114715 0.111925 0.0461001
0.0414403 0.0385704 0.071164 0.058242 0.069938 0.0800166 0.0777317 0.0320072
0.0419617 0.0402961 0.0732703 0.059664 0.0719847 0.0826028 0.0802023 0.0333058
0.0573792 0.0556871 0.0999304 0.082624 0.0987355 0.114715 0.111925 0.0461001
0.0414403 0.0385704 0.071164 0.058242 0.069938 0.0800166 0.0777317 0.0320072
0.0355176 0.0341042 0.0624672 0.0520624 0.0614194 0.0706086 0.0685117 0.0280875
0.030695 0.029088 0.0520822 0.0436147 0.0509719 0.0593377 0.0571114 0.0235794
0.0469448 0.0449304 0.0784642 0.066193 0.0786934 0.0891111 0.0863667 0.0366897
loop 22
0.0573931 0.0556958 0.0999408 0.0826319 0.0987559 0.114727 0.109911 0.0461098
0.0403774 0.0388008 0.0700481 0.057152 0.0688234 0.07889 0.0766111 0.0322019
0.0419282 0.0402682 0.0731709 0.0595891 0.0719037 0.0824852 0.0800894 0.0332954
0.0573931 0.0556958 0.0999408 0.0826319 0.0987559 0.114727 0.109911 0.0461098
0.0403774 0.0388008 0.0700481 0.057152 0.0688234 0.07889 0.0766111 0.0322019
0.035478 0.0340672 0.0624024 0.0520063 0.061364 0.0705414 0.0684472 0.028055
0.0306 0.0289935 0.0519399 0.0434879 0.0522356 0.0591802 0.0584064 0.0235004
0.0416434 0.0396379 0.0713024 0.0591332 0.0715776 0.0819548 0.0792112 0.0328981
loop 23
0.0574948 0.0556915 0.0999408 0.0826319 0.0987457 0.114727 0.111937 0.0461066
0.0414562 0.0398817 0.0711986 0.0597158 0.0699804 0.081661 0.07936 0.0320154
0.0421329 0.0391031 0.0718875 0.0598637 0.0706236 0.0811826 0.0787876 0.0321525
0.0574948 0.0556915 0.0999408 0.0826319 0.0987457 0.114727 0.111937 0.0461066
0.0414562 0.0398817 0.0711986 0.0597158 0.0699804 0.081661 0.07936 0.0320154
0.0354744 0.0340605 0.0623862 0.0519938 0.0613481 0.0705222 0.0684288 0.02805
0.030625 0.0290189 0.0519837 0.0435217 0.0508706 0.0592261 0.0569991 0.0235206
0.0470736 0.0434838 0.0786565 0.0646313 0.0770691 0.089332 0.0865783 0.0367905
loop 24
0.0573885 0.0556958 0.0999408 0.0826319 0.0987457 0.114727 0.111937 0.0461098
0.040239 0.0386712 0.071337 0.0583995 0.0701242 0.0802105 0.0779278 0.0320884
0.0420361 0.0403726 0.0717336 0.0597264 0.0720576 0.0826714 0.0802682 0.0333838
0.0573885 0.0556958 0.0999408 0.0826319 0.0987457 0.114727 0.111937 0.0461098
0.040239 0.0386712 0.071337 0.0583995 0.0701242 0.0802105 0.0779278 0.0320884
0.0355176 0.0341042 0.0624591 0.0520562 0.0614194 0.0706086 0.0685025 0.0280875
0.0304225 0.0288207 0.0531225 0.0432767 0.0519946 0.060395 0.0581568 0.0245002
0.0449564 0.0413985 0.0745941 0.0624665 0.0748765 0.0852115 0.0824735 0.0347211
loop 25
0.0573931 0.0557002 0.0999512 0.0826398 0.0987559 0.11474 0.109923 0.0461131
0.0403658 0.0387936 0.0700057 0.0585635 0.0687903 0.07884 0.0765631 0.0321965
0.0417422 0.0400907 0.0728645 0.0608512 0.0715959 0.08382 0.0814035 0.0331367
0.0573931 0.0557002 0.0999512 0.0826398 0.0987559 0.11474 0.109923 0.0461131
0.0403658 0.0387936 0.0700057 0.0585635 0.0687903 0.07884 0.0765631 0.0321965
0.0354996 0.0340874 0.0624348 0.0520375 0.0613957 0.0705798 0.0684841 0.0280725
0.0306925 0.0290834 0.0520932 0.0436147 0.0509825 0.0593508 0.0571176 0.0235743
0.0490577 0.0470283 0.0823784 0.0682746 0.0825923 0.0930456 0.0903041 0.0387835
loop 26
0.0573838 0.0556871 0.0999408 0.082624 0.0987457 0.114727 0.111925 0.0461033
0.040289 0.038718 0.0698788 0.0584519 0.0686661 0.0802921 0.0779964 0.0321316
0.0420287 0.0403622 0.0717498 0.0597389 0.0720738 0.082691 0.080287 0.0333656
0.0573838 0.0556871 0.0999408 0.082624 0.0987457 0.114727 0.111925 0.0461033
0.040289 0.038718 0.0698788 0.0584519 0.0686661 0.0802921 0.0779964 0.0321316
0.0354744 0.0340605 0.0623943 0.052 0.0613481 0.0705222 0.0684288 0.0280475
0.0304825 0.0288852 0.053145 0.0433189 0.052033 0.0604151 0.058176 0.023413
0.0416055 0.0395974 0.0712448 0.059094 0.07152 0.0818928 0.079152 0.0328637
loop 27
0.0573885 0.0556958 0.0999408 0.0826319 0.0987457 0.114727 0.111937 0.0461098
0.0413292 0.0384624 0.0710429 0.0581305 0.0698111 0.079884 0.0776141 0.0319045
0.0409104 0.0392512 0.0721467 0.0600821 0.0708692 0.0814707 0.0790733 0.0322775
0.0573885 0.0556958 0.0999408 0.0826319 0.0987457 0.114727 0.111937 0.0461098
0.0413292 0.0384624 0.0710429 0.0581305 0.0698111 0.079884 0.0776141 0.0319045
0.035514 0.0341009 0.0624591 0.0520499 0.0614115 0.070599 0.0685025 0.0280825
0.0305425 0.0289428 0.0532519 0.0434034 0.0521315 0.0590687 0.0582976 0.0234617
0.0456562 0.04365 0.0788192 0.0647887 0.0772425 0.0876144 0.0848802 0.036949
loop 28
0.0573977 0.0557002 0.0999512 0.0826398 0.0987559 0.11474 0.109923 0.0461131
0.039331 0.0377584 0.0689228 0.0574848 0.0677079 0.07933 0.075479 0.0311782
0.0418538 0.0401916 0.0730881 0.0610304 0.0718146 0.082397 0.0800047 0.0332174
0.0573977 0.0557002 0.0999512 0.0826398 0.0987559 0.11474 0.109923 0.0461131
0.039331 0.0377584 0.0689228 0.0574848 0.0677079 0.07933 0.075479 0.0311782
0.0355068 0.0340941 0.062451 0.0520437 0.0614036 0.0705894 0.0684933 0.0280775
0.0296139 0.0280145 0.0523122 0.0424673 0.0511957 0.0581312 0.0573548 0.023687
0.0501873 0.04815 0.0836325 0.0694998 0.083835 0.096236 0.093469 0.0398921
loop 29
0.0573838 0.0556871 0.0999408 0.082624 0.0987457 0.114727 0.111925 0.0461033
0.0403812 0.0388116 0.0700481 0.057152 0.0688234 0.07889 0.0766111 0.0322073
0.0421515 0.03912 0.0719199 0.0598886 0.0706474 0.081221 0.0788244 0.0321675
0.0573838 0.0556871 0.0999408 0.082624 0.0987457 0.114727 0.111925 0.0461033
0.0403812 0.0388116 0.0700481 0.057152 0.0688234 0.07889 0.0766111 0.0322073
0.0354744 0.0340639 0.0623943 0.052 0.0613481 0.0705318 0.068438 0.02805
0.030315 0.0287217 0.0529481 0.0444617 0.0518194 0.0601932 0.0579648 0.0244173
0.0470213 0.0449954 0.0785825 0.0662854 0.0788044 0.0892436 0.0865021 0.0367377
loop 30
0.0573931 0.0556958 0.0999408 0.0826319 0.0987457 0.114727 0.111937 0.0461098
0.0401775 0.03861 0.069718 0.0583142 0.0700142 0.0801085 0.0778297 0.0320343
0.0419878 0.0403274 0.073262 0.0596702 0.0719847 0.082593 0.0801835 0.0333422
0.0573931 0.0556958 0.0999408 0.0826319 0.0987457 0.114727 0.111937 0.0461098
0.0401775 0.03861 0.069718 0.0583142 0.0700142 0.0801085 0.0778297 0.0320343
0.0355068 0.0340941 0.0624429 0.0520437 0.0613957 0.0705798 0.0684841 0.0280775
0.03082 0.0292078 0.0522903 0.0437837 0.0511744 0.0595739 0.0573361 0.0236786
0.0488679 0.0468438 0.0822121 0.0681165 0.0823942 0.0928668 0.0901237 0.038617
loop 31
0.0573931 0.0557002 0.0999512 0.0826398 0.0987559 0.11474 0.109923 0.0461131
0.0413609 0.0384984 0.0710342 0.058137 0.0698195 0.0798738 0.0776043 0.0319451
0.0419245 0.0402612 0.0731626 0.0595891 0.0718875 0.0824852 0.08008 0.033285
0.0573931 0.0557002 0.0999512 0.0826398 0.0987559 0.11474 0.109923 0.0461131
0.0413609 0.0384984 0.0710342 0.058137 0.0698195 0.0798738 0.0776043 0.0319451
0.0355284 0.0341143 0.0624753 0.0520687 0.0614274 0.0706182 0.068521 0.028095
0.0307025 0.0290926 0.0521041 0.0436274 0.0509932 0.0593639 0.0571364 0.0235811
0.0476676 0.0456562 0.0808086 0.068518 0.0810255 0.0914412 0.0887046 0.0374625

work load: gap.mips mesa.mips twolf.mips gap.mips mesa.mips wupwise.mips parser.mips vortex.mips
