loop 0
0.0573931 0.0556958 0.0999512 0.0826398 0.0987559 0.11474 0.109923 0.0461131 0.101708 0.0509522 0.07152 0.0960694 0.0551382 0.0512098 0.0922429 0.0631167
0.0430682 0.040035 0.0728148 0.0608 0.0731461 0.08377 0.0813651 0.0330847 0.0742716 0.0373748 0.0525295 0.0708296 0.0411264 0.0375097 0.0675181 0.0466528
0.0450819 0.0423055 0.0781132 0.0640254 0.0769155 0.0883416 0.0861016 0.0347903 0.0779572 0.0399004 0.0550272 0.074762 0.0433144 0.0387783 0.0702145 0.0496454
0.0401813 0.0386136 0.0712505 0.0583142 0.0700227 0.0801187 0.0778297 0.0320397 0.0711034 0.0360996 0.0504656 0.0678294 0.039651 0.0362231 0.0646847 0.0448765
0.0450819 0.0423055 0.0781132 0.0640254 0.0769155 0.0883416 0.0861016 0.0347903 0.0779572 0.0399004 0.0550272 0.074762 0.0433144 0.0387783 0.0702145 0.0496454
0.043864 0.0409386 0.0755436 0.0623609 0.0742848 0.0845379 0.0822228 0.0342863 0.0753869 0.0383989 0.0529537 0.0720462 0.0420039 0.0385277 0.0688581 0.047291
0.0573931 0.0556958 0.0999512 0.0826398 0.0987559 0.11474 0.109923 0.0461131 0.101708 0.0509522 0.07152 0.0960694 0.0551382 0.0512098 0.0922429 0.0631167
0.0573931 0.0556958 0.0999512 0.0826398 0.0987559 0.11474 0.109923 0.0461131 0.101708 0.0509522 0.07152 0.0960694 0.0551382 0.0512098 0.0922429 0.0631167
0.0306375 0.029035 0.0520056 0.0435386 0.0508919 0.0592524 0.057024 0.0235357 0.0518906 0.0264688 0.0370847 0.0501396 0.0288069 0.0265943 0.0470387 0.0328344
0.0487637 0.0467533 0.0837216 0.0696059 0.0821012 0.0943977 0.0916531 0.0385598 0.0835434 0.0436782 0.0599627 0.0794518 0.0465375 0.0437566 0.0756615 0.0529604
0.0573931 0.0556958 0.0999512 0.0826398 0.0987559 0.11474 0.109923 0.0461131 0.101708 0.0509522 0.07152 0.0960694 0.0551382 0.0512098 0.0922429 0.0631167
0.115847 0.110122 0.199781 0.16598 0.198243 0.223725 0.219323 0.0917873 0.199337 0.102288 0.144901 0.190531 0.112174 0.102827 0.181119 0.128149
0.0450819 0.0423055 0.0781132 0.0640254 0.0769155 0.0883416 0.0861016 0.0347903 0.0779572 0.0399004 0.0550272 0.074762 0.0433144 0.0387783 0.0702145 0.0496454
0.137581 0.133416 0.22562 0.188976 0.224571 0.257645 0.247506 0.110676 0.225235 0.123438 0.164108 0.21731 0.131779 0.124769 0.206928 0.149728
0.0573931 0.0556958 0.0999512 0.0826398 0.0987559 0.11474 0.109923 0.0461131 0.101708 0.0509522 0.07152 0.0960694 0.0551382 0.0512098 0.0922429 0.0631167
0.0573931 0.0556958 0.0999512 0.0826398 0.0987559 0.11474 0.109923 0.0461131 0.101708 0.0509522 0.07152 0.0960694 0.0551382 0.0512098 0.0922429 0.0631167
loop 1
0.0573792 0.0556827 0.0999304 0.082624 0.0987355 0.114715 0.111913 0.0460968 0.101687 0.0509368 0.0715008 0.0960498 0.0551252 0.0511944 0.0922153 0.0631007
0.0419245 0.0402612 0.0731792 0.0596016 0.0719118 0.0825048 0.0800988 0.033285 0.0730301 0.0375912 0.0513577 0.0695953 0.0399932 0.0363968 0.0662894 0.0454948
0.0433368 0.0405586 0.0748992 0.062308 0.0752227 0.0866719 0.0828543 0.0342577 0.07627 0.038144 0.0532958 0.0715715 0.0415655 0.0382816 0.0685087 0.047895
0.0401467 0.0385812 0.0696672 0.0582617 0.0699634 0.0800472 0.0777611 0.0320127 0.0710429 0.0360704 0.0504283 0.0677727 0.0396175 0.0361971 0.0646317 0.0448451
0.0433368 0.0405586 0.0748992 0.062308 0.0752227 0.0866719 0.0828543 0.0342577 0.07627 0.038144 0.0532958 0.0715715 0.0415655 0.0382816 0.0685087 0.047895
0.0428769 0.0399598 0.0729677 0.0613603 0.0732769 0.0835353 0.0812102 0.0333147 0.0743841 0.0374245 0.0519618 0.0710384 0.0410193 0.0375523 0.0678434 0.0463001
0.0573792 0.0556827 0.0999304 0.082624 0.0987355 0.114715 0.111913 0.0460968 0.101687 0.0509368 0.0715008 0.0960498 0.0551252 0.0511944 0.0922153 0.0631007
0.0573792 0.0556827 0.0999304 0.082624 0.0987355 0.114715 0.111913 0.0460968 0.101687 0.0509368 0.0715008 0.0960498 0.0551252 0.0511944 0.0922153 0.0631007
0.0296091 0.0280101 0.0522958 0.042455 0.0511797 0.058112 0.0573361 0.0236853 0.0521808 0.0266348 0.0373034 0.0490338 0.0289866 0.0267624 0.0473101 0.033031
0.0457336 0.0437503 0.0788044 0.0648056 0.0772425 0.089491 0.0867391 0.0370522 0.0786343 0.0406518 0.0568798 0.0764094 0.0450636 0.0407502 0.0725909 0.0499374
0.0573792 0.0556827 0.0999304 0.082624 0.0987355 0.114715 0.111913 0.0460968 0.101687 0.0509368 0.0715008 0.0960498 0.0551252 0.0511944 0.0922153 0.0631007
0.115847 0.110122 0.199768 0.16597 0.198203 0.223693 0.219308 0.0917832 0.199324 0.102288 0.144909 0.190481 0.112179 0.102827 0.181072 0.128149
0.0433368 0.0405586 0.0748992 0.062308 0.0752227 0.0866719 0.0828543 0.0342577 0.07627 0.038144 0.0532958 0.0715715 0.0415655 0.0382816 0.0685087 0.047895
0.142906 0.138656 0.232195 0.197318 0.233478 0.267069 0.256814 0.115596 0.234245 0.128598 0.172031 0.226145 0.13704 0.129866 0.213257 0.155202
0.0573792 0.0556827 0.0999304 0.082624 0.0987355 0.114715 0.111913 0.0460968 0.101687 0.0509368 0.0715008 0.0960498 0.0551252 0.0511944 0.0922153 0.0631007
0.0573792 0.0556827 0.0999304 0.082624 0.0987355 0.114715 0.111913 0.0460968 0.101687 0.0509368 0.0715008 0.0960498 0.0551252 0.0511944 0.0922153 0.0631007
loop 2
0.0573931 0.0556958 0.0999512 0.0826398 0.0987559 0.11474 0.109923 0.0461131 0.101708 0.0509522 0.07152 0.0960694 0.0551382 0.0512059 0.0922337 0.0631167
0.0420845 0.0390594 0.0718389 0.05982 0.0705761 0.0827988 0.0787415 0.0334098 0.0732951 0.0363998 0.0515493 0.0698509 0.0401464 0.0365329 0.0649787 0.0456638
0.0423403 0.0408412 0.0753697 0.0612685 0.0741717 0.0856138 0.0818055 0.033278 0.0752227 0.0384119 0.0536426 0.072023 0.0418529 0.0372996 0.067475 0.0468964
0.0414403 0.0385668 0.0711553 0.0582354 0.0699296 0.0800166 0.0777317 0.0320045 0.0710083 0.0360574 0.0504017 0.0677403 0.0396026 0.0361841 0.0646014 0.0448272
0.0423403 0.0408412 0.0753697 0.0612685 0.0741717 0.0856138 0.0818055 0.033278 0.0752227 0.0384119 0.0536426 0.072023 0.0418529 0.0372996 0.067475 0.0468964
0.0428646 0.0412692 0.0745194 0.0613465 0.0732593 0.0851436 0.0812 0.0333035 0.074366 0.037411 0.0533644 0.0710299 0.0410078 0.0375389 0.0678354 0.0476624
0.0573931 0.0556958 0.0999512 0.0826398 0.0987559 0.11474 0.109923 0.0461131 0.101708 0.0509522 0.07152 0.0960694 0.0551382 0.0512059 0.0922337 0.0631167
0.0573931 0.0556958 0.0999512 0.0826398 0.0987559 0.11474 0.109923 0.0461131 0.101708 0.0509522 0.07152 0.0960694 0.0551382 0.0512059 0.0922337 0.0631167
0.0306125 0.0290074 0.0519563 0.0435006 0.0522465 0.0591999 0.0584256 0.0235138 0.0532575 0.0264445 0.0370477 0.050093 0.0287816 0.02657 0.0483728 0.0328063
0.0497683 0.0477612 0.0845739 0.0705088 0.0848057 0.09714 0.0924717 0.0395757 0.0843917 0.0446965 0.060912 0.0821487 0.0475416 0.0447712 0.0783532 0.0555918
0.0573931 0.0556958 0.0999512 0.0826398 0.0987559 0.11474 0.109923 0.0461131 0.101708 0.0509522 0.07152 0.0960694 0.0551382 0.0512059 0.0922337 0.0631167
0.115841 0.110111 0.199781 0.16597 0.198203 0.223709 0.219323 0.0917791 0.199337 0.102278 0.144893 0.190493 0.112168 0.102817 0.181084 0.128142
0.0423403 0.0408412 0.0753697 0.0612685 0.0741717 0.0856138 0.0818055 0.033278 0.0752227 0.0384119 0.0536426 0.072023 0.0418529 0.0372996 0.067475 0.0468964
0.103676 0.099741 0.169622 0.144178 0.171163 0.195184 0.188028 0.0835062 0.171483 0.0937964 0.124709 0.164355 0.099943 0.0933853 0.156636 0.113288
0.0573931 0.0556958 0.0999512 0.0826398 0.0987559 0.11474 0.109923 0.0461131 0.101708 0.0509522 0.07152 0.0960694 0.0551382 0.0512059 0.0922337 0.0631167
0.0573931 0.0556958 0.0999512 0.0826398 0.0987559 0.11474 0.109923 0.0461131 0.101708 0.0509522 0.07152 0.0960694 0.0551382 0.0512059 0.0922337 0.0631167
loop 3
0.0573931 0.0556958 0.0999512 0.0826398 0.0987559 0.11474 0.109911 0.0461131 0.101708 0.0509522 0.07152 0.0960694 0.0551382 0.0512059 0.0922337 0.0631113
0.042092 0.0390695 0.0718389 0.0598262 0.0705761 0.0827988 0.0803905 0.0334255 0.0732951 0.0364089 0.0515543 0.0698586 0.0401533 0.036545 0.0649787 0.0456765
0.0444274 0.0416374 0.07611 0.0634698 0.074909 0.0863273 0.0840815 0.0340883 0.07596 0.0392165 0.0544278 0.0727598 0.042654 0.0380993 0.0696984 0.0476824
0.0414761 0.0385992 0.0712764 0.0583207 0.0700396 0.0801391 0.0778591 0.0320208 0.0711294 0.0360866 0.050471 0.0678456 0.0396398 0.0362101 0.0646998 0.044872
0.0444274 0.0416374 0.07611 0.0634698 0.074909 0.0863273 0.0840815 0.0340883 0.07596 0.0392165 0.0544278 0.0727598 0.042654 0.0380993 0.0696984 0.0476824
0.0427704 0.0411808 0.074375 0.0612225 0.0731179 0.0849813 0.0826494 0.0332305 0.0742216 0.0386287 0.0532519 0.070886 0.0409194 0.0374581 0.0677008 0.0475624
0.0573931 0.0556958 0.0999512 0.0826398 0.0987559 0.11474 0.109911 0.0461131 0.101708 0.0509522 0.07152 0.0960694 0.0551382 0.0512059 0.0922337 0.0631113
0.0573931 0.0556958 0.0999512 0.0826398 0.0987559 0.11474 0.109911 0.0461131 0.101708 0.0509522 0.07152 0.0960694 0.0551382 0.0512059 0.0922337 0.0631113
0.0315085 0.0298973 0.0528975 0.0444268 0.0531844 0.0601395 0.0593705 0.0243891 0.054202 0.0273281 0.0379638 0.0510305 0.0296716 0.0274509 0.0493111 0.0337002
0.0498413 0.0478476 0.084607 0.0705792 0.0830088 0.0952461 0.0925093 0.0396758 0.0844331 0.0447777 0.0609846 0.0803672 0.0476136 0.0432956 0.0765922 0.0540188
0.0573931 0.0556958 0.0999512 0.0826398 0.0987559 0.11474 0.109911 0.0461131 0.101708 0.0509522 0.07152 0.0960694 0.0551382 0.0512059 0.0922337 0.0631113
0.115882 0.110155 0.199822 0.165991 0.198269 0.223756 0.219354 0.0918077 0.199378 0.102322 0.144934 0.190543 0.112208 0.102856 0.18113 0.128184
0.0444274 0.0416374 0.07611 0.0634698 0.074909 0.0863273 0.0840815 0.0340883 0.07596 0.0392165 0.0544278 0.0727598 0.042654 0.0380993 0.0696984 0.0476824
0.111012 0.106902 0.18111 0.152679 0.180384 0.207322 0.199988 0.09022 0.180799 0.0989995 0.13274 0.175622 0.107209 0.100334 0.165563 0.12085
0.0573931 0.0556958 0.0999512 0.0826398 0.0987559 0.11474 0.109911 0.0461131 0.101708 0.0509522 0.07152 0.0960694 0.0551382 0.0512059 0.0922337 0.0631113
0.0573931 0.0556958 0.0999512 0.0826398 0.0987559 0.11474 0.109911 0.0461131 0.101708 0.0509522 0.07152 0.0960694 0.0551382 0.0512059 0.0922337 0.0631113
loop 4
0.0573792 0.0556871 0.0999304 0.082624 0.0987355 0.114715 0.111925 0.0461001 0.101687 0.0509407 0.0715072 0.0960498 0.0551295 0.0511982 0.0922245 0.0631007
0.042118 0.0390897 0.0718713 0.0598512 0.0706078 0.0828283 0.0787692 0.0334411 0.07332 0.0364301 0.0515795 0.0698819 0.0401777 0.0365662 0.0650069 0.0456976
0.0447677 0.0432784 0.0792492 0.0650997 0.0780404 0.0895014 0.0872531 0.0357358 0.0791007 0.0396027 0.0560769 0.07588 0.0430091 0.0397337 0.0713226 0.0493169
0.0403428 0.038772 0.0699634 0.0585241 0.0687571 0.0788 0.0765247 0.0321776 0.0698195 0.0362491 0.0492791 0.0665681 0.0385164 0.0351138 0.0634355 0.0437212
0.0447677 0.0432784 0.0792492 0.0650997 0.0780404 0.0895014 0.0872531 0.0357358 0.0791007 0.0396027 0.0560769 0.07588 0.0430091 0.0397337 0.0713226 0.0493169
0.0427827 0.0411961 0.074375 0.0612294 0.0731179 0.0849921 0.0826598 0.0332445 0.0742216 0.0386426 0.0532631 0.0708945 0.0409309 0.0374716 0.0677008 0.0475719
0.0573792 0.0556871 0.0999304 0.082624 0.0987355 0.114715 0.111925 0.0461001 0.101687 0.0509407 0.0715072 0.0960498 0.0551295 0.0511982 0.0922245 0.0631007
0.0573792 0.0556871 0.0999304 0.082624 0.0987355 0.114715 0.111925 0.0461001 0.101687 0.0509407 0.0715072 0.0960498 0.0551295 0.0511982 0.0922245 0.0631007
0.0306825 0.0290742 0.0520822 0.0436062 0.0523725 0.0593377 0.0571052 0.0235676 0.0519727 0.0265052 0.0371386 0.0502122 0.0288484 0.0266308 0.0471101 0.0328765
0.0597459 0.0577176 0.10069 0.0843917 0.100817 0.115419 0.110618 0.0479124 0.102449 0.0530745 0.0728478 0.0981438 0.0575367 0.0530745 0.0924246 0.0656616
0.0573792 0.0556871 0.0999304 0.082624 0.0987355 0.114715 0.111925 0.0461001 0.101687 0.0509407 0.0715072 0.0960498 0.0551295 0.0511982 0.0922245 0.0631007
0.115876 0.11015 0.199795 0.166001 0.198269 0.223725 0.219323 0.0918036 0.199351 0.102317 0.144934 0.190543 0.112208 0.102851 0.18113 0.128184
0.0447677 0.0432784 0.0792492 0.0650997 0.0780404 0.0895014 0.0872531 0.0357358 0.0791007 0.0396027 0.0560769 0.07588 0.0430091 0.0397337 0.0713226 0.0493169
0.114973 0.108948 0.185287 0.156773 0.186736 0.211471 0.206486 0.0922939 0.187199 0.102935 0.136789 0.179736 0.109265 0.10239 0.171861 0.124881
0.0573792 0.0556871 0.0999304 0.082624 0.0987355 0.114715 0.111925 0.0461001 0.101687 0.0509407 0.0715072 0.0960498 0.0551295 0.0511982 0.0922245 0.0631007
0.0573792 0.0556871 0.0999304 0.082624 0.0987355 0.114715 0.111925 0.0461001 0.101687 0.0509407 0.0715072 0.0960498 0.0551295 0.0511982 0.0922245 0.0631007
loop 5
0.0573931 0.0556958 0.0999408 0.0826319 0.0987559 0.114727 0.109911 0.0461098 0.101698 0.0509484 0.0715136 0.0960596 0.0551382 0.0512059 0.0922337 0.0631113
0.0420994 0.0390729 0.0718308 0.05982 0.0705682 0.082789 0.0803811 0.0334281 0.0732868 0.036415 0.0515543 0.0698431 0.0401603 0.0365541 0.0665278 0.0456807
0.0441916 0.0414134 0.0772522 0.0631446 0.07605 0.0874951 0.0852522 0.0351217 0.0770992 0.0390051 0.0541469 0.0739028 0.0424231 0.0391473 0.0693538 0.048755
0.0405196 0.037654 0.0687406 0.0573376 0.0690387 0.07912 0.0768416 0.0310872 0.0701158 0.035142 0.0494968 0.0668453 0.0386892 0.0352675 0.0637017 0.0439128
0.0441916 0.0414134 0.0772522 0.0631446 0.07605 0.0874951 0.0852522 0.0351217 0.0770992 0.0390051 0.0541469 0.0739028 0.0424231 0.0391473 0.0693538 0.048755
0.0425861 0.0410039 0.0740501 0.0624315 0.074366 0.0846244 0.082306 0.0343476 0.0754698 0.0384616 0.0530212 0.072124 0.0420674 0.0385938 0.0674077 0.0473577
0.0573931 0.0556958 0.0999408 0.0826319 0.0987559 0.114727 0.109911 0.0461098 0.101698 0.0509484 0.0715136 0.0960596 0.0551382 0.0512059 0.0922337 0.0631113
0.0573931 0.0556958 0.0999408 0.0826319 0.0987559 0.114727 0.109911 0.0461098 0.101698 0.0509484 0.0715136 0.0960596 0.0551382 0.0512059 0.0922337 0.0631113
0.030655 0.0290488 0.0520275 0.043564 0.0523177 0.0592786 0.057049 0.0235491 0.0533306 0.0264829 0.0371049 0.0501604 0.0288207 0.0266085 0.0470625 0.0328513
0.0698944 0.0661795 0.116525 0.0981513 0.116592 0.13339 0.128521 0.054905 0.116287 0.0615979 0.084767 0.111918 0.0660016 0.0615926 0.106201 0.075783
0.0573931 0.0556958 0.0999408 0.0826319 0.0987559 0.114727 0.109911 0.0461098 0.101698 0.0509484 0.0715136 0.0960596 0.0551382 0.0512059 0.0922337 0.0631113
0.115876 0.11015 0.199795 0.16598 0.198256 0.223725 0.219339 0.0918036 0.199351 0.102317 0.144926 0.190543 0.112202 0.102851 0.18113 0.128177
0.0441916 0.0414134 0.0772522 0.0631446 0.07605 0.0874951 0.0852522 0.0351217 0.0770992 0.0390051 0.0541469 0.0739028 0.0424231 0.0391473 0.0693538 0.048755
0.116705 0.112792 0.191578 0.161428 0.193195 0.219892 0.21259 0.0946496 0.193488 0.104987 0.141797 0.186243 0.112976 0.10454 0.176237 0.128288
0.0573931 0.0556958 0.0999408 0.0826319 0.0987559 0.114727 0.109911 0.0461098 0.101698 0.0509484 0.0715136 0.0960596 0.0551382 0.0512059 0.0922337 0.0631113
0.0573931 0.0556958 0.0999408 0.0826319 0.0987559 0.114727 0.109911 0.0461098 0.101698 0.0509484 0.0715136 0.0960596 0.0551382 0.0512059 0.0922337 0.0631113
loop 6
0.0574948 0.0556915 0.0999408 0.0826319 0.0987457 0.114727 0.111937 0.0461066 0.101698 0.0509484 0.0715136 0.0960596 0.0552384 0.0512021 0.0922337 0.0631113
0.0418836 0.040223 0.0730964 0.0595329 0.0718308 0.0824166 0.0800141 0.0332486 0.0729473 0.0375536 0.0513023 0.0695179 0.0399514 0.0363605 0.0662171 0.0468575
0.0441037 0.042606 0.0771604 0.0630516 0.07595 0.0873862 0.0851472 0.0350372 0.0770073 0.0389205 0.0554368 0.0738067 0.042336 0.039055 0.0707379 0.0486644
0.0417499 0.0388548 0.0717002 0.0586816 0.0704713 0.0806185 0.0783198 0.0322398 0.0715532 0.0363271 0.0507907 0.0682587 0.0399003 0.0364505 0.0650934 0.0451638
0.0441037 0.042606 0.0771604 0.0630516 0.07595 0.0873862 0.0851472 0.0350372 0.0770073 0.0389205 0.0554368 0.0738067 0.042336 0.039055 0.0707379 0.0486644
0.0440203 0.0410885 0.0758016 0.0625797 0.0745375 0.0864691 0.0825037 0.0344088 0.0756449 0.0385416 0.0531394 0.072297 0.0421547 0.0386704 0.069093 0.0474576
0.0574948 0.0556915 0.0999408 0.0826319 0.0987457 0.114727 0.111937 0.0461066 0.101698 0.0509484 0.0715136 0.0960596 0.0552384 0.0512021 0.0922337 0.0631113
0.0574948 0.0556915 0.0999408 0.0826319 0.0987457 0.114727 0.111937 0.0461066 0.101698 0.0509484 0.0715136 0.0960596 0.0552384 0.0512021 0.0922337 0.0631113
0.0305775 0.0289751 0.0533081 0.0434499 0.0521918 0.0591343 0.0583552 0.0234853 0.0531956 0.0276011 0.0382945 0.050036 0.0299597 0.0265397 0.0483189 0.0340151
0.0796486 0.0758591 0.133156 0.112294 0.133234 0.15263 0.147616 0.0644142 0.135025 0.0712256 0.09664 0.128419 0.0774809 0.0712 0.122559 0.087476
0.0574948 0.0556915 0.0999408 0.0826319 0.0987457 0.114727 0.111937 0.0461066 0.101698 0.0509484 0.0715136 0.0960596 0.0552384 0.0512021 0.0922337 0.0631113
0.115853 0.110128 0.199768 0.16596 0.198216 0.223693 0.219308 0.0917832 0.199324 0.102297 0.144901 0.190506 0.112185 0.102831 0.181095 0.128156
0.0441037 0.042606 0.0771604 0.0630516 0.07595 0.0873862 0.0851472 0.0350372 0.0770073 0.0389205 0.0554368 0.0738067 0.042336 0.039055 0.0707379 0.0486644
0.1017 0.0977516 0.168052 0.140392 0.167435 0.1915 0.184318 0.0814414 0.167743 0.0917633 0.122938 0.162754 0.0979462 0.0913575 0.152894 0.111428
0.0574948 0.0556915 0.0999408 0.0826319 0.0987457 0.114727 0.111937 0.0461066 0.101698 0.0509484 0.0715136 0.0960596 0.0552384 0.0512021 0.0922337 0.0631113
0.0574948 0.0556915 0.0999408 0.0826319 0.0987457 0.114727 0.111937 0.0461066 0.101698 0.0509484 0.0715136 0.0960596 0.0552384 0.0512021 0.0922337 0.0631113
loop 7
0.0573885 0.0556958 0.0999408 0.0826319 0.0987457 0.114727 0.111937 0.0461098 0.101698 0.0509484 0.0715136 0.0960596 0.0551382 0.0512059 0.0922337 0.0631113
0.0429798 0.0399549 0.0742716 0.0606784 0.072997 0.0836 0.0811922 0.0330197 0.0741192 0.0372996 0.052431 0.0706791 0.0410436 0.0374376 0.0673702 0.0465569
0.0460453 0.0432605 0.0791325 0.0650187 0.077926 0.0909664 0.0871321 0.035729 0.078984 0.0395868 0.0560047 0.07578 0.0442748 0.0397257 0.0727128 0.049273
0.0414086 0.038538 0.0711121 0.0582026 0.0698872 0.0799656 0.0776827 0.0319748 0.070965 0.0360282 0.050375 0.0676998 0.0395728 0.0361549 0.064556 0.0447912
0.0460453 0.0432605 0.0791325 0.0650187 0.077926 0.0909664 0.0871321 0.035729 0.078984 0.0395868 0.0560047 0.07578 0.0442748 0.0397257 0.0727128 0.049273
0.0439147 0.0409924 0.0756081 0.0624244 0.0743479 0.0862596 0.0839172 0.034333 0.0754606 0.0384476 0.054433 0.0721154 0.0420516 0.0385799 0.0689229 0.0473434
0.0573885 0.0556958 0.0999408 0.0826319 0.0987457 0.114727 0.111937 0.0461098 0.101698 0.0509484 0.0715136 0.0960596 0.0551382 0.0512059 0.0922337 0.0631113
0.0573885 0.0556958 0.0999408 0.0826319 0.0987457 0.114727 0.111937 0.0461098 0.101698 0.0509484 0.0715136 0.0960596 0.0551382 0.0512059 0.0922337 0.0631113
0.0303625 0.0287654 0.0530325 0.0445401 0.051907 0.0602941 0.0580608 0.0244561 0.05292 0.0274001 0.0380613 0.0511531 0.0297484 0.027527 0.0480494 0.0337848
0.0801427 0.0763032 0.131969 0.110988 0.131891 0.151278 0.146305 0.0630726 0.133819 0.0717183 0.0973175 0.129217 0.0761876 0.0715739 0.121306 0.0879889
0.0573885 0.0556958 0.0999408 0.0826319 0.0987457 0.114727 0.111937 0.0461098 0.101698 0.0509484 0.0715136 0.0960596 0.0551382 0.0512059 0.0922337 0.0631113
0.115835 0.110106 0.199781 0.16596 0.19823 0.223709 0.219323 0.091775 0.199337 0.102278 0.144893 0.190518 0.112168 0.102817 0.181107 0.128142
0.0460453 0.0432605 0.0791325 0.0650187 0.077926 0.0909664 0.0871321 0.035729 0.078984 0.0395868 0.0560047 0.07578 0.0442748 0.0397257 0.0727128 0.049273
0.104542 0.100537 0.171155 0.143381 0.170522 0.194642 0.189701 0.0841605 0.170839 0.0927333 0.125838 0.165853 0.100787 0.0941208 0.155952 0.114293
0.0573885 0.0556958 0.0999408 0.0826319 0.0987457 0.114727 0.111937 0.0461098 0.101698 0.0509484 0.0715136 0.0960596 0.0551382 0.0512059 0.0922337 0.0631113
0.0573885 0.0556958 0.0999408 0.0826319 0.0987457 0.114727 0.111937 0.0461098 0.101698 0.0509484 0.0715136 0.0960596 0.0551382 0.0512059 0.0922337 0.0631113
loop 8
0.0573931 0.0557002 0.0999512 0.0826398 0.0987559 0.11474 0.109923 0.0461131 0.101708 0.0509522 0.07152 0.0960694 0.0551426 0.0512098 0.0922429 0.0631167
0.0420733 0.0390527 0.0717822 0.0597825 0.0721143 0.0827302 0.0803246 0.0334124 0.0732289 0.0377292 0.0515241 0.0697967 0.0401359 0.0365359 0.0664845 0.0456511
0.0439974 0.0425015 0.0770278 0.064374 0.077344 0.0888467 0.0850072 0.0349397 0.0784149 0.0400829 0.0553216 0.0736723 0.0435209 0.0389513 0.0706116 0.0485525
0.0405119 0.0389376 0.070302 0.057376 0.0690884 0.07917 0.0768896 0.032302 0.0701581 0.036405 0.0495176 0.0668849 0.038682 0.0352549 0.0637387 0.0439128
0.0439974 0.0425015 0.0770278 0.064374 0.077344 0.0888467 0.0850072 0.0349397 0.0784149 0.0400829 0.0553216 0.0736723 0.0435209 0.0389513 0.0706116 0.0485525
0.0437499 0.040831 0.0754145 0.062241 0.0741494 0.0860391 0.083705 0.0341843 0.0752671 0.038298 0.0542597 0.0719164 0.0418968 0.0384198 0.0687285 0.0485541
0.0573931 0.0557002 0.0999512 0.0826398 0.0987559 0.11474 0.109923 0.0461131 0.101708 0.0509522 0.07152 0.0960694 0.0551426 0.0512098 0.0922429 0.0631167
0.0573931 0.0557002 0.0999512 0.0826398 0.0987559 0.11474 0.109923 0.0461131 0.101708 0.0509522 0.07152 0.0960694 0.0551426 0.0512098 0.0922429 0.0631167
0.0305625 0.028959 0.0518906 0.0434414 0.0521808 0.0591212 0.0583488 0.0234735 0.0531844 0.0263999 0.0370006 0.0500308 0.0287332 0.0265255 0.0483091 0.0327501
0.0455587 0.0435935 0.0783088 0.06444 0.0767945 0.0889343 0.0861974 0.0369538 0.0781387 0.0405058 0.0565931 0.0759649 0.0448882 0.0406238 0.0721644 0.0497298
0.0573931 0.0557002 0.0999512 0.0826398 0.0987559 0.11474 0.109923 0.0461131 0.101708 0.0509522 0.07152 0.0960694 0.0551426 0.0512098 0.0922429 0.0631167
0.115847 0.110122 0.199781 0.16597 0.19823 0.223709 0.219308 0.0917873 0.199337 0.102292 0.144901 0.190518 0.112179 0.102831 0.181107 0.128156
0.0439974 0.0425015 0.0770278 0.064374 0.077344 0.0888467 0.0850072 0.0349397 0.0784149 0.0400829 0.0553216 0.0736723 0.0435209 0.0389513 0.0706116 0.0485525
0.107542 0.103509 0.177093 0.148871 0.176335 0.200794 0.195855 0.0869546 0.176765 0.0974948 0.129101 0.171617 0.10378 0.0970116 0.161617 0.117333
0.0573931 0.0557002 0.0999512 0.0826398 0.0987559 0.11474 0.109923 0.0461131 0.101708 0.0509522 0.07152 0.0960694 0.0551426 0.0512098 0.0922429 0.0631167
0.0573931 0.0557002 0.0999512 0.0826398 0.0987559 0.11474 0.109923 0.0461131 0.101708 0.0509522 0.07152 0.0960694 0.0551426 0.0512098 0.0922429 0.0631167
loop 9
0.0573838 0.0556871 0.0999408 0.082624 0.0987457 0.114727 0.111925 0.0461033 0.101698 0.0509445 0.0715072 0.0960498 0.0551295 0.0511982 0.0922245 0.063106
0.0420696 0.040404 0.0718065 0.0597888 0.0721305 0.0827596 0.0803435 0.0334046 0.0732537 0.0377229 0.0515291 0.0698122 0.0401324 0.0365269 0.0664989 0.0456511
0.0443025 0.0415233 0.077395 0.0632762 0.0762 0.0876524 0.0854038 0.0339974 0.077242 0.0391089 0.0542593 0.0740468 0.042532 0.0379951 0.0694863 0.0488723
0.0403928 0.0388188 0.070065 0.0571648 0.0688482 0.07891 0.0766303 0.0322182 0.0699211 0.0362946 0.0493465 0.0666552 0.0385668 0.0351577 0.0635168 0.0437734
0.0443025 0.0415233 0.077395 0.0632762 0.0762 0.0876524 0.0854038 0.0339974 0.077242 0.0391089 0.0542593 0.0740468 0.042532 0.0379951 0.0694863 0.0488723
0.0430121 0.0400863 0.0731974 0.0615463 0.0734978 0.0837899 0.081455 0.0334187 0.0746097 0.0375389 0.0521206 0.0712584 0.0411462 0.0376667 0.0665364 0.0464481
0.0573838 0.0556871 0.0999408 0.082624 0.0987457 0.114727 0.111925 0.0461033 0.101698 0.0509445 0.0715072 0.0960498 0.0551295 0.0511982 0.0922245 0.063106
0.0573838 0.0556871 0.0999408 0.082624 0.0987457 0.114727 0.111925 0.0461033 0.101698 0.0509445 0.0715072 0.0960498 0.0551295 0.0511982 0.0922245 0.063106
0.0306225 0.0290166 0.0519727 0.0435175 0.0522629 0.0592196 0.0584448 0.0235189 0.0532744 0.0264526 0.0370612 0.0501085 0.0287908 0.0265761 0.0483875 0.0328119
0.0523551 0.0487339 0.0875019 0.073305 0.0858165 0.0981744 0.0954225 0.0405479 0.0873117 0.0456798 0.0636311 0.0831627 0.0501142 0.0457437 0.0793685 0.0565654
0.0573838 0.0556871 0.0999408 0.082624 0.0987457 0.114727 0.111925 0.0461033 0.101698 0.0509445 0.0715072 0.0960498 0.0551295 0.0511982 0.0922245 0.063106
0.115876 0.110144 0.199808 0.166011 0.198269 0.22374 0.219339 0.0918077 0.199364 0.102312 0.144934 0.190556 0.112202 0.102851 0.181142 0.128184
0.0443025 0.0415233 0.077395 0.0632762 0.0762 0.0876524 0.0854038 0.0339974 0.077242 0.0391089 0.0542593 0.0740468 0.042532 0.0379951 0.0694863 0.0488723
0.111963 0.107942 0.183592 0.155304 0.182758 0.20958 0.202309 0.0914512 0.183269 0.100133 0.135514 0.178051 0.10822 0.101459 0.168079 0.121734
0.0573838 0.0556871 0.0999408 0.082624 0.0987457 0.114727 0.111925 0.0461033 0.101698 0.0509445 0.0715072 0.0960498 0.0551295 0.0511982 0.0922245 0.063106
0.0573838 0.0556871 0.0999408 0.082624 0.0987457 0.114727 0.111925 0.0461033 0.101698 0.0509445 0.0715072 0.0960498 0.0551295 0.0511982 0.0922245 0.063106
loop 10
0.0573885 0.0556958 0.0999408 0.0826319 0.0987457 0.114727 0.111937 0.0461098 0.101698 0.0509484 0.0715136 0.0960596 0.0551382 0.0512059 0.0922337 0.0631113
0.0420064 0.0403413 0.0717093 0.0597076 0.0720333 0.082642 0.08024 0.03335 0.0731626 0.0376634 0.0514535 0.0697192 0.0400698 0.0364694 0.066405 0.0455835
0.0441037 0.0426104 0.0771196 0.064469 0.07592 0.0873499 0.0851122 0.0350437 0.0784982 0.0389243 0.0554176 0.0737683 0.042336 0.0390627 0.0707018 0.0486591
0.0404004 0.0388296 0.070065 0.0571776 0.0688565 0.07892 0.0766399 0.0322263 0.0699296 0.0363043 0.049362 0.0666631 0.038574 0.0351671 0.0635242 0.0437865
0.0441037 0.0426104 0.0771196 0.064469 0.07592 0.0873499 0.0851122 0.0350437 0.0784982 0.0389243 0.0554176 0.0737683 0.042336 0.0390627 0.0707018 0.0486591
0.0425779 0.0409924 0.0740411 0.060947 0.0743479 0.0846136 0.0822852 0.0343359 0.0754514 0.0384511 0.05301 0.0721154 0.0420595 0.0372866 0.0673919 0.0473434
0.0573885 0.0556958 0.0999408 0.0826319 0.0987457 0.114727 0.111937 0.0461098 0.101698 0.0509484 0.0715136 0.0960596 0.0551382 0.0512059 0.0922337 0.0631113
0.0573885 0.0556958 0.0999408 0.0826319 0.0987457 0.114727 0.111937 0.0461098 0.101698 0.0509484 0.0715136 0.0960596 0.0551382 0.0512059 0.0922337 0.0631113
0.0305625 0.028959 0.0518796 0.043433 0.0521699 0.059108 0.058336 0.0234752 0.0531731 0.0263999 0.0369905 0.0500152 0.0287332 0.0265255 0.0482993 0.0327501
0.110567 0.10634 0.182963 0.154895 0.182834 0.209597 0.204031 0.0883378 0.185089 0.0993111 0.133448 0.177521 0.10618 0.0994916 0.168672 0.121399
0.0573885 0.0556958 0.0999408 0.0826319 0.0987457 0.114727 0.111937 0.0461098 0.101698 0.0509484 0.0715136 0.0960596 0.0551382 0.0512059 0.0922337 0.0631113
0.11587 0.110144 0.199795 0.166001 0.198269 0.22374 0.219339 0.0918077 0.199364 0.102307 0.144934 0.190543 0.112196 0.102851 0.181142 0.128177
0.0441037 0.0426104 0.0771196 0.064469 0.07592 0.0873499 0.0851122 0.0350437 0.0784982 0.0389243 0.0554176 0.0737683 0.042336 0.0390627 0.0707018 0.0486591
0.107487 0.103697 0.178411 0.149109 0.177906 0.203918 0.196764 0.0859842 0.180257 0.0959999 0.129948 0.173286 0.103799 0.0956793 0.163474 0.116872
0.0573885 0.0556958 0.0999408 0.0826319 0.0987457 0.114727 0.111937 0.0461098 0.101698 0.0509484 0.0715136 0.0960596 0.0551382 0.0512059 0.0922337 0.0631113
0.0573885 0.0556958 0.0999408 0.0826319 0.0987457 0.114727 0.111937 0.0461098 0.101698 0.0509484 0.0715136 0.0960596 0.0551382 0.0512059 0.0922337 0.0631113
loop 11
0.0573977 0.0557002 0.0999512 0.0826398 0.0987559 0.11474 0.109923 0.0461131 0.101708 0.0509522 0.07152 0.0960694 0.0551426 0.0512098 0.0922429 0.0631167
0.0420473 0.0403796 0.071766 0.0597576 0.0720981 0.0827106 0.0803058 0.0333864 0.0732206 0.037701 0.0514989 0.0697812 0.0401081 0.0365057 0.0664628 0.0456258
0.0444181 0.0416289 0.07608 0.0634466 0.0748796 0.0878823 0.0840586 0.034082 0.0774562 0.0392088 0.054409 0.0727316 0.0426409 0.0380919 0.0696719 0.0476669
0.0415475 0.038664 0.0714321 0.0584388 0.0701835 0.0803125 0.0780258 0.0320694 0.0712851 0.0361484 0.0505722 0.0679833 0.0397105 0.0362686 0.0648361 0.0449528
0.0444181 0.0416289 0.07608 0.0634466 0.0748796 0.0878823 0.0840586 0.034082 0.0774562 0.0392088 0.054409 0.0727316 0.0426409 0.0380919 0.0696719 0.0476669
0.0430817 0.0401533 0.0732858 0.0601596 0.0720375 0.083896 0.0815672 0.0334805 0.074709 0.0376028 0.0522027 0.0698088 0.0412154 0.037734 0.0666294 0.0465221
0.0573977 0.0557002 0.0999512 0.0826398 0.0987559 0.11474 0.109923 0.0461131 0.101708 0.0509522 0.07152 0.0960694 0.0551426 0.0512098 0.0922429 0.0631167
0.0573977 0.0557002 0.0999512 0.0826398 0.0987559 0.11474 0.109923 0.0461131 0.101708 0.0509522 0.07152 0.0960694 0.0551426 0.0512098 0.0922429 0.0631167
0.0314539 0.0298468 0.0528131 0.0443528 0.0531 0.0600453 0.0592721 0.0243485 0.0541153 0.0272816 0.0379011 0.0509452 0.0296187 0.0274085 0.0492254 0.0336419
0.0542191 0.050569 0.0893836 0.0751746 0.089528 0.101941 0.0991917 0.0424166 0.0910817 0.0475488 0.0655114 0.0868792 0.0519987 0.0475884 0.0830898 0.0584276
0.0573977 0.0557002 0.0999512 0.0826398 0.0987559 0.11474 0.109923 0.0461131 0.101708 0.0509522 0.07152 0.0960694 0.0551426 0.0512098 0.0922429 0.0631167
0.115876 0.11015 0.199781 0.165991 0.198243 0.223709 0.219323 0.0918036 0.199337 0.102317 0.144934 0.190531 0.112208 0.102851 0.181119 0.128184
0.0444181 0.0416289 0.07608 0.0634466 0.0748796 0.0878823 0.0840586 0.034082 0.0774562 0.0392088 0.054409 0.0727316 0.0426409 0.0380919 0.0696719 0.0476669
0.105459 0.101507 0.171606 0.146066 0.173175 0.197266 0.190089 0.0851891 0.173475 0.0937206 0.126566 0.16632 0.101713 0.0951127 0.158582 0.115085
0.0573977 0.0557002 0.0999512 0.0826398 0.0987559 0.11474 0.109923 0.0461131 0.101708 0.0509522 0.07152 0.0960694 0.0551426 0.0512098 0.0922429 0.0631167
0.0573977 0.0557002 0.0999512 0.0826398 0.0987559 0.11474 0.109923 0.0461131 0.101708 0.0509522 0.07152 0.0960694 0.0551426 0.0512098 0.0922429 0.0631167
loop 12
0.0573838 0.0556871 0.0999408 0.082624 0.0987457 0.114727 0.111925 0.0461033 0.101687 0.0509407 0.0715072 0.0960498 0.0551295 0.0511982 0.0922245 0.063106
0.0421031 0.0390762 0.0718632 0.0598387 0.070592 0.0828283 0.0787692 0.0334281 0.07332 0.036418 0.0515694 0.0698664 0.0401638 0.0365541 0.0649928 0.0456849
0.0432201 0.0417261 0.07622 0.0621415 0.0750267 0.086458 0.0842188 0.0341667 0.07607 0.0380435 0.0545276 0.0728821 0.0414557 0.0381812 0.0698132 0.0477757
0.0405465 0.0376783 0.070302 0.0573696 0.0690801 0.07918 0.0768896 0.0311106 0.0701581 0.0351671 0.0495279 0.0668849 0.0387108 0.0352925 0.0637387 0.0439346
0.0432201 0.0417261 0.07622 0.0621415 0.0750267 0.086458 0.0842188 0.0341667 0.07607 0.0380435 0.0545276 0.0728821 0.0414557 0.0381812 0.0698132 0.0477757
0.0426762 0.0410885 0.0741945 0.0610779 0.07295 0.0847866 0.0824621 0.0331574 0.0756173 0.0385416 0.0531281 0.0707252 0.0408271 0.037374 0.0675424 0.0474529
0.0573838 0.0556871 0.0999408 0.082624 0.0987457 0.114727 0.111925 0.0461033 0.101687 0.0509407 0.0715072 0.0960498 0.0551295 0.0511982 0.0922245 0.063106
0.0573838 0.0556871 0.0999408 0.082624 0.0987457 0.114727 0.111925 0.0461033 0.101687 0.0509407 0.0715072 0.0960498 0.0551295 0.0511982 0.0922245 0.063106
0.0306925 0.0290811 0.0520932 0.0436104 0.0509772 0.0593508 0.0571176 0.0235727 0.0519837 0.0265133 0.0371453 0.0502226 0.0288576 0.0266368 0.0471196 0.0328906
0.0471084 0.0450766 0.0787304 0.0646762 0.0771197 0.0894115 0.0866629 0.0368049 0.0785603 0.0419642 0.0567319 0.0762895 0.0448557 0.0405002 0.0724728 0.0513589
0.0573838 0.0556871 0.0999408 0.082624 0.0987457 0.114727 0.111925 0.0461033 0.101687 0.0509407 0.0715072 0.0960498 0.0551295 0.0511982 0.0922245 0.063106
0.115859 0.110133 0.199795 0.16597 0.19823 0.223725 0.219323 0.0917873 0.199351 0.102297 0.144901 0.190518 0.112185 0.102831 0.181107 0.128156
0.0432201 0.0417261 0.07622 0.0621415 0.0750267 0.086458 0.0842188 0.0341667 0.07607 0.0380435 0.0545276 0.0728821 0.0414557 0.0381812 0.0698132 0.0477757
0.111784 0.107763 0.181215 0.153041 0.182768 0.207273 0.199956 0.08939 0.18314 0.0998788 0.133259 0.175804 0.106123 0.0994006 0.16798 0.121563
0.0573838 0.0556871 0.0999408 0.082624 0.0987457 0.114727 0.111925 0.0461033 0.101687 0.0509407 0.0715072 0.0960498 0.0551295 0.0511982 0.0922245 0.063106
0.0573838 0.0556871 0.0999408 0.082624 0.0987457 0.114727 0.111925 0.0461033 0.101687 0.0509407 0.0715072 0.0960498 0.0551295 0.0511982 0.0922245 0.063106
loop 13
0.0573931 0.0556958 0.0999408 0.0826319 0.0987457 0.114727 0.111937 0.0461098 0.101698 0.0509484 0.0715136 0.0960596 0.0551382 0.0512059 0.0922337 0.0631113
0.042051 0.0403866 0.0717498 0.0597513 0.0720819 0.082691 0.080287 0.0333916 0.0731958 0.0377104 0.0514989 0.0697657 0.040115 0.0365087 0.0664483 0.0456258
0.0434266 0.0406446 0.0750463 0.0624291 0.0738548 0.0852522 0.0830116 0.0343298 0.07641 0.0382258 0.0533993 0.0717097 0.0416501 0.0383635 0.0686385 0.0480038
0.0404735 0.038898 0.0701835 0.0572736 0.0689642 0.07904 0.0767648 0.0310533 0.0700396 0.0351044 0.049445 0.066774 0.038646 0.0352298 0.0636352 0.0438649
0.0434266 0.0406446 0.0750463 0.0624291 0.0738548 0.0852522 0.0830116 0.0343298 0.07641 0.0382258 0.0533993 0.0717097 0.0416501 0.0383635 0.0686385 0.0480038
0.0428073 0.0412115 0.0744292 0.0612708 0.0731709 0.0850462 0.0827222 0.0332558 0.0742758 0.03866 0.0532912 0.0709452 0.040954 0.0374851 0.0677483 0.0476005
0.0573931 0.0556958 0.0999408 0.0826319 0.0987457 0.114727 0.111937 0.0461098 0.101698 0.0509484 0.0715136 0.0960596 0.0551382 0.0512059 0.0922337 0.0631113
0.0573931 0.0556958 0.0999408 0.0826319 0.0987457 0.114727 0.111937 0.0461098 0.101698 0.0509484 0.0715136 0.0960596 0.0551382 0.0512059 0.0922337 0.0631113
0.030735 0.0291226 0.0521589 0.0436738 0.0510465 0.059423 0.0571925 0.0236096 0.0520494 0.0265518 0.0371991 0.05029 0.0288968 0.0266773 0.0471863 0.0329299
0.0416755 0.039665 0.071456 0.0592361 0.0717184 0.0821329 0.0793813 0.0329062 0.071296 0.0380525 0.0512676 0.0690656 0.0409665 0.038155 0.0652556 0.0459186
0.0573931 0.0556958 0.0999408 0.0826319 0.0987457 0.114727 0.111937 0.0461098 0.101698 0.0509484 0.0715136 0.0960596 0.0551382 0.0512059 0.0922337 0.0631113
0.118591 0.112909 0.20515 0.171509 0.200133 0.232426 0.224532 0.0947691 0.204697 0.105178 0.147405 0.195889 0.114981 0.105686 0.186565 0.130773
0.0434266 0.0406446 0.0750463 0.0624291 0.0738548 0.0852522 0.0830116 0.0343298 0.07641 0.0382258 0.0533993 0.0717097 0.0416501 0.0383635 0.0686385 0.0480038
0.125616 0.121594 0.206548 0.173377 0.205661 0.235338 0.227899 0.101289 0.206168 0.111824 0.151254 0.198611 0.119917 0.113175 0.18848 0.13737
0.0573931 0.0556958 0.0999408 0.0826319 0.0987457 0.114727 0.111937 0.0461098 0.101698 0.0509484 0.0715136 0.0960596 0.0551382 0.0512059 0.0922337 0.0631113
0.0573931 0.0556958 0.0999408 0.0826319 0.0987457 0.114727 0.111937 0.0461098 0.101698 0.0509484 0.0715136 0.0960596 0.0551382 0.0512059 0.0922337 0.0631113
loop 14
0.0573931 0.0557002 0.0999512 0.0826398 0.0987559 0.11474 0.109923 0.0461131 0.101708 0.0509522 0.07152 0.0960694 0.0551426 0.0512098 0.0922429 0.0631167
0.0429336 0.0399097 0.0742124 0.0606208 0.0729308 0.08353 0.081125 0.0329807 0.07406 0.0372588 0.0523791 0.0706236 0.0410004 0.0373968 0.0673184 0.046509
0.0440066 0.0425146 0.0769869 0.0643502 0.0773134 0.0887974 0.0865412 0.0349592 0.0783629 0.0388359 0.0553152 0.0736435 0.0422445 0.0389666 0.0705755 0.0485578
0.0402428 0.0386712 0.069828 0.0583995 0.0701242 0.0802309 0.0779376 0.0320911 0.0712072 0.0361581 0.0505456 0.0679185 0.0397142 0.0362848 0.063295 0.0449484
0.0440066 0.0425146 0.0769869 0.0643502 0.0773134 0.0887974 0.0865412 0.0349592 0.0783629 0.0388359 0.0553152 0.0736435 0.0422445 0.0389666 0.0705755 0.0485578
0.0429998 0.0400752 0.0731621 0.0615257 0.0719078 0.0837474 0.0814244 0.0334159 0.0745736 0.0375321 0.0521041 0.0696846 0.0411346 0.03766 0.0665055 0.0464296
0.0573931 0.0557002 0.0999512 0.0826398 0.0987559 0.11474 0.109923 0.0461131 0.101708 0.0509522 0.07152 0.0960694 0.0551426 0.0512098 0.0922429 0.0631167
0.0573931 0.0557002 0.0999512 0.0826398 0.0987559 0.11474 0.109923 0.0461131 0.101708 0.0509522 0.07152 0.0960694 0.0551426 0.0512098 0.0922429 0.0631167
0.0304325 0.0288369 0.0530775 0.0432556 0.0519618 0.0603412 0.0581056 0.0245267 0.052965 0.0274699 0.0381239 0.0512117 0.0298156 0.0264141 0.0481033 0.0338577
0.045673 0.0436594 0.0789301 0.064845 0.0773292 0.0896324 0.086883 0.0369442 0.07876 0.0405648 0.0568891 0.0746836 0.0450019 0.0406518 0.0708864 0.049899
0.0573931 0.0557002 0.0999512 0.0826398 0.0987559 0.11474 0.109923 0.0461131 0.101708 0.0509522 0.07152 0.0960694 0.0551426 0.0512098 0.0922429 0.0631167
0.115859 0.110133 0.199768 0.16596 0.198216 0.223693 0.219293 0.0917873 0.199324 0.102302 0.144901 0.190506 0.112191 0.102836 0.181095 0.128163
0.0440066 0.0425146 0.0769869 0.0643502 0.0773134 0.0887974 0.0865412 0.0349592 0.0783629 0.0388359 0.0553152 0.0736435 0.0422445 0.0389666 0.0705755 0.0485578
0.128626 0.122626 0.209822 0.176574 0.211308 0.24112 0.233663 0.104203 0.2118 0.114782 0.154418 0.204202 0.122912 0.116132 0.194014 0.140469
0.0573931 0.0557002 0.0999512 0.0826398 0.0987559 0.11474 0.109923 0.0461131 0.101708 0.0509522 0.07152 0.0960694 0.0551426 0.0512098 0.0922429 0.0631167
0.0573931 0.0557002 0.0999512 0.0826398 0.0987559 0.11474 0.109923 0.0461131 0.101708 0.0509522 0.07152 0.0960694 0.0551426 0.0512098 0.0922429 0.0631167
loop 15
0.0573792 0.0556871 0.0999304 0.082624 0.0987355 0.114715 0.111925 0.0461001 0.101687 0.0509407 0.0715008 0.0960498 0.0551252 0.0511982 0.0922245 0.0631007
0.0418947 0.0402334 0.0731047 0.0595391 0.0718389 0.0824166 0.0800141 0.0332642 0.0729473 0.037563 0.0513073 0.0695256 0.0399619 0.0363726 0.0662244 0.0454652
0.045139 0.0423534 0.0782485 0.0641284 0.0770482 0.0884894 0.0862442 0.0348195 0.0780924 0.039944 0.0551104 0.0748992 0.0433682 0.0388167 0.0703408 0.0497111
0.0406349 0.0377619 0.068931 0.0574976 0.0692292 0.07934 0.0770529 0.0311808 0.0703104 0.0352455 0.0496368 0.0670275 0.0387972 0.0353709 0.0624023 0.0440348
0.045139 0.0423534 0.0782485 0.0641284 0.0770482 0.0884894 0.0862442 0.0348195 0.0780924 0.039944 0.0551104 0.0748992 0.0433682 0.0388167 0.0703408 0.0497111
0.0430162 0.0400938 0.0731798 0.0600722 0.0719337 0.0837687 0.0814448 0.0334327 0.0730295 0.037549 0.0521206 0.0697095 0.0411539 0.0376802 0.0665287 0.0464527
0.0573792 0.0556871 0.0999304 0.082624 0.0987355 0.114715 0.111925 0.0461001 0.101687 0.0509407 0.0715008 0.0960498 0.0551252 0.0511982 0.0922245 0.0631007
0.0573792 0.0556871 0.0999304 0.082624 0.0987355 0.114715 0.111925 0.0461001 0.101687 0.0509407 0.0715008 0.0960498 0.0551252 0.0511982 0.0922245 0.0631007
0.03066 0.0290534 0.0520275 0.043564 0.0523232 0.0592786 0.057049 0.0235525 0.053325 0.026487 0.0371083 0.0501656 0.0288253 0.0266146 0.0470672 0.0328513
0.0576652 0.0540057 0.09654 0.0803827 0.0947659 0.109198 0.10643 0.0458749 0.09634 0.0510017 0.0689194 0.0921141 0.0554436 0.0510334 0.0883247 0.061843
0.0573792 0.0556871 0.0999304 0.082624 0.0987355 0.114715 0.111925 0.0461001 0.101687 0.0509407 0.0715008 0.0960498 0.0551252 0.0511982 0.0922245 0.0631007
0.115882 0.110155 0.199781 0.165991 0.198256 0.223725 0.219323 0.0918036 0.199337 0.102322 0.144934 0.190531 0.112208 0.102856 0.181119 0.128184
0.045139 0.0423534 0.0782485 0.0641284 0.0770482 0.0884894 0.0862442 0.0348195 0.0780924 0.039944 0.0551104 0.0748992 0.0433682 0.0388167 0.0703408 0.0497111
0.12747 0.121469 0.208747 0.175462 0.207946 0.237656 0.230195 0.103028 0.208395 0.1136 0.153262 0.200869 0.121766 0.113061 0.190673 0.137314
0.0573792 0.0556871 0.0999304 0.082624 0.0987355 0.114715 0.111925 0.0461001 0.101687 0.0509407 0.0715008 0.0960498 0.0551252 0.0511982 0.0922245 0.0631007
0.0573792 0.0556871 0.0999304 0.082624 0.0987355 0.114715 0.111925 0.0461001 0.101687 0.0509407 0.0715008 0.0960498 0.0551252 0.0511982 0.0922245 0.0631007
loop 16
0.0575179 0.0557089 0.0999616 0.0826477 0.0987661 0.114753 0.109923 0.0461228 0.101719 0.0509599 0.0715264 0.0960792 0.0552602 0.0512175 0.0922429 0.0631273
0.0422296 0.0391973 0.0720333 0.0599885 0.0707662 0.0813459 0.0789443 0.03224 0.0718794 0.0365299 0.0517106 0.068454 0.0402856 0.0366721 0.0651551 0.0458201
0.0443118 0.0415191 0.07597 0.0633382 0.07629 0.0877613 0.0839441 0.0339786 0.077344 0.039105 0.0543092 0.0726281 0.0425363 0.0392396 0.0695658 0.0488936
0.03945 0.0378733 0.0691215 0.0576512 0.0678942 0.077967 0.075686 0.0312744 0.0689807 0.035349 0.0497768 0.0657078 0.0389124 0.0354744 0.0625685 0.0441655
0.0443118 0.0415191 0.07597 0.0633382 0.07629 0.0877613 0.0839441 0.0339786 0.077344 0.039105 0.0543092 0.0726281 0.0425363 0.0392396 0.0695658 0.0488936
0.0429957 0.041396 0.0747541 0.0615394 0.073489 0.085414 0.081455 0.0334046 0.0746007 0.0388306 0.0535275 0.07125 0.0411308 0.0376533 0.0680493 0.0478052
0.0575179 0.0557089 0.0999616 0.0826477 0.0987661 0.114753 0.109923 0.0461228 0.101719 0.0509599 0.0715264 0.0960792 0.0552602 0.0512175 0.0922429 0.0631273
0.0575179 0.0557089 0.0999616 0.0826477 0.0987661 0.114753 0.109923 0.0461228 0.101719 0.0509599 0.0715264 0.0960792 0.0552602 0.0512175 0.0922429 0.0631273
0.030435 0.0288323 0.0531394 0.0432936 0.052011 0.0604084 0.058176 0.0245143 0.0530269 0.0274657 0.0381448 0.051265 0.029818 0.026404 0.0481523 0.0338635
0.0665711 0.0646277 0.112597 0.09448 0.112686 0.129281 0.124463 0.0533958 0.114365 0.0600722 0.0812187 0.108077 0.0644197 0.0600463 0.102416 0.0741374
0.0575179 0.0557089 0.0999616 0.0826477 0.0987661 0.114753 0.109923 0.0461228 0.101719 0.0509599 0.0715264 0.0960792 0.0552602 0.0512175 0.0922429 0.0631273
0.115876 0.110155 0.199808 0.16598 0.198256 0.22374 0.219339 0.0918036 0.199364 0.102317 0.144926 0.190531 0.112208 0.102856 0.18113 0.128184
0.0443118 0.0415191 0.07597 0.0633382 0.07629 0.0877613 0.0839441 0.0339786 0.077344 0.039105 0.0543092 0.0726281 0.0425363 0.0392396 0.0695658 0.0488936
0.105038 0.10112 0.173225 0.145569 0.172626 0.196615 0.19173 0.084841 0.175096 0.0951678 0.126124 0.167935 0.101313 0.0947488 0.158071 0.114696
0.0575179 0.0557089 0.0999616 0.0826477 0.0987661 0.114753 0.109923 0.0461228 0.101719 0.0509599 0.0715264 0.0960792 0.0552602 0.0512175 0.0922429 0.0631273
0.0575179 0.0557089 0.0999616 0.0826477 0.0987661 0.114753 0.109923 0.0461228 0.101719 0.0509599 0.0715264 0.0960792 0.0552602 0.0512175 0.0922429 0.0631273
loop 17
0.0573931 0.0556958 0.0999512 0.0826398 0.0987559 0.11474 0.109923 0.0461131 0.101708 0.0509522 0.07152 0.0960694 0.0551382 0.0512098 0.0922429 0.0631167
0.0430566 0.0400245 0.0727734 0.0607616 0.0730964 0.08371 0.0813075 0.0330769 0.0742293 0.0373654 0.0525036 0.0707821 0.0411156 0.0375003 0.0674737 0.0466266
0.0449676 0.0421835 0.07803 0.0653751 0.0768237 0.0898527 0.0860066 0.0346701 0.0794084 0.0397813 0.0563131 0.0746738 0.0432021 0.0399162 0.0716175 0.0495304
0.0403697 0.0387972 0.0700227 0.0571328 0.0687985 0.07886 0.0765823 0.0322019 0.0698788 0.0362751 0.0493154 0.0666077 0.0385452 0.0351389 0.0634725 0.0437517
0.0449676 0.0421835 0.07803 0.0653751 0.0768237 0.0898527 0.0860066 0.0346701 0.0794084 0.0397813 0.0563131 0.0746738 0.0432021 0.0399162 0.0716175 0.0495304
0.0440752 0.0411423 0.0743209 0.0626573 0.0746277 0.0849272 0.0825974 0.0344642 0.0757371 0.0385904 0.0532069 0.0723835 0.0422103 0.0387226 0.0676533 0.0475148
0.0573931 0.0556958 0.0999512 0.0826398 0.0987559 0.11474 0.109923 0.0461131 0.101708 0.0509522 0.07152 0.0960694 0.0551382 0.0512098 0.0922429 0.0631167
0.0573931 0.0556958 0.0999512 0.0826398 0.0987559 0.11474 0.109923 0.0461131 0.101708 0.0509522 0.07152 0.0960694 0.0551382 0.0512098 0.0922429 0.0631167
0.0306475 0.0290396 0.0520056 0.0435471 0.0523013 0.0592524 0.057024 0.0235407 0.0518961 0.0264749 0.0370881 0.0501448 0.0288161 0.0266004 0.0470482 0.03284
0.0457403 0.0437378 0.0771486 0.0649069 0.077387 0.0877874 0.0850459 0.0370282 0.0788044 0.0406378 0.0569538 0.0747388 0.0450701 0.0407305 0.070944 0.0499682
0.0573931 0.0556958 0.0999512 0.0826398 0.0987559 0.11474 0.109923 0.0461131 0.101708 0.0509522 0.07152 0.0960694 0.0551382 0.0512098 0.0922429 0.0631167
0.115876 0.11015 0.199795 0.165991 0.198256 0.223725 0.219323 0.0917996 0.199351 0.102317 0.144934 0.190531 0.112202 0.102851 0.18113 0.128177
0.0449676 0.0421835 0.07803 0.0653751 0.0768237 0.0898527 0.0860066 0.0346701 0.0794084 0.0397813 0.0563131 0.0746738 0.0432021 0.0399162 0.0716175 0.0495304
0.126818 0.122903 0.210867 0.175887 0.210139 0.239536 0.232139 0.102898 0.210503 0.113213 0.154051 0.203126 0.123113 0.114624 0.193036 0.138431
0.0573931 0.0556958 0.0999512 0.0826398 0.0987559 0.11474 0.109923 0.0461131 0.101708 0.0509522 0.07152 0.0960694 0.0551382 0.0512098 0.0922429 0.0631167
0.0573931 0.0556958 0.0999512 0.0826398 0.0987559 0.11474 0.109923 0.0461131 0.101708 0.0509522 0.07152 0.0960694 0.0551382 0.0512098 0.0922429 0.0631167
loop 18
0.0573792 0.0556827 0.0999304 0.082624 0.0987355 0.114715 0.111913 0.0460968 0.101687 0.0509368 0.0715008 0.0960498 0.0551252 0.0511944 0.0922153 0.0631007
0.0419468 0.0402821 0.0732206 0.0596265 0.0719361 0.082544 0.0801459 0.033298 0.0730715 0.03761 0.0513829 0.0696263 0.0400141 0.036415 0.0663183 0.0455202
0.0439742 0.0424797 0.0769869 0.0643423 0.0773032 0.0887851 0.0849606 0.0349203 0.0783629 0.0400631 0.055296 0.0736339 0.0434984 0.038932 0.0705755 0.0485259
0.0409799 0.039424 0.0719339 0.0590502 0.0707229 0.0823577 0.0800676 0.0328737 0.0717925 0.0369199 0.0512389 0.0685336 0.0404581 0.0370477 0.0653981 0.0456666
0.0439742 0.0424797 0.0769869 0.0643423 0.0773032 0.0887851 0.0849606 0.0349203 0.0783629 0.0400631 0.055296 0.0736339 0.0434984 0.038932 0.0705755 0.0485259
0.0431432 0.0402091 0.0733918 0.0602403 0.0721413 0.0840021 0.0816794 0.0335282 0.0732416 0.0376566 0.0522739 0.0699082 0.041273 0.0377878 0.0667146 0.0465868
0.0573792 0.0556827 0.0999304 0.082624 0.0987355 0.114715 0.111913 0.0460968 0.101687 0.0509368 0.0715008 0.0960498 0.0551252 0.0511944 0.0922153 0.0631007
0.0573792 0.0556827 0.0999304 0.082624 0.0987355 0.114715 0.111913 0.0460968 0.101687 0.0509368 0.0715008 0.0960498 0.0551252 0.0511944 0.0922153 0.0631007
0.03062 0.0290166 0.0519727 0.0435133 0.0522629 0.059213 0.0584384 0.0235189 0.0532688 0.0264526 0.0370612 0.0501085 0.0287885 0.0265781 0.0483826 0.0328119
0.04691 0.0448882 0.0784124 0.0661583 0.0786491 0.0890492 0.0863074 0.0366537 0.0800725 0.0417892 0.0565145 0.0759931 0.0446673 0.0418708 0.0721972 0.0511406
0.0573792 0.0556827 0.0999304 0.082624 0.0987355 0.114715 0.111913 0.0460968 0.101687 0.0509368 0.0715008 0.0960498 0.0551252 0.0511944 0.0922153 0.0631007
0.115859 0.110133 0.199781 0.16598 0.198256 0.223709 0.219323 0.0917873 0.199337 0.102302 0.144909 0.190531 0.112185 0.102831 0.181119 0.128156
0.0439742 0.0424797 0.0769869 0.0643423 0.0773032 0.0887851 0.0849606 0.0349203 0.0783629 0.0400631 0.055296 0.0736339 0.0434984 0.038932 0.0705755 0.0485259
0.149107 0.142682 0.239884 0.204424 0.241021 0.27514 0.267335 0.121334 0.241924 0.13253 0.17652 0.233639 0.143189 0.133787 0.220559 0.161623
0.0573792 0.0556827 0.0999304 0.082624 0.0987355 0.114715 0.111913 0.0460968 0.101687 0.0509368 0.0715008 0.0960498 0.0551252 0.0511944 0.0922153 0.0631007
0.0573792 0.0556827 0.0999304 0.082624 0.0987355 0.114715 0.111913 0.0460968 0.101687 0.0509368 0.0715008 0.0960498 0.0551252 0.0511944 0.0922153 0.0631007
loop 19
0.0573931 0.0556958 0.0999512 0.0826398 0.0987559 0.11474 0.109923 0.0461131 0.101708 0.0509522 0.07152 0.0960694 0.0551382 0.0512059 0.0922337 0.0631167
0.0421366 0.0391099 0.0719037 0.0598824 0.0706395 0.0812018 0.078806 0.0321625 0.0717579 0.0364482 0.0516047 0.0683329 0.0401951 0.0365874 0.0650352 0.0457229
0.043238 0.0417388 0.07635 0.0622172 0.0751345 0.0866006 0.0827756 0.0341542 0.0762 0.0380547 0.0532107 0.0729762 0.0414726 0.0381812 0.0684309 0.0478068
0.0411268 0.039558 0.0707229 0.059299 0.0710169 0.0811096 0.07883 0.0329749 0.0721018 0.0370444 0.0514415 0.0688151 0.0393049 0.0358982 0.0656769 0.0458377
0.043238 0.0417388 0.07635 0.0622172 0.0751345 0.0866006 0.0827756 0.0341542 0.0762 0.0380547 0.0532107 0.0729762 0.0414726 0.0381812 0.0684309 0.0478068
0.0438935 0.0409655 0.0756357 0.0624315 0.074366 0.084646 0.0823269 0.0343009 0.0754883 0.0384233 0.05301 0.0721327 0.0420357 0.0385521 0.0689391 0.0473291
0.0573931 0.0556958 0.0999512 0.0826398 0.0987559 0.11474 0.109923 0.0461131 0.101708 0.0509522 0.07152 0.0960694 0.0551382 0.0512059 0.0922337 0.0631167
0.0573931 0.0556958 0.0999512 0.0826398 0.0987559 0.11474 0.109923 0.0461131 0.101708 0.0509522 0.07152 0.0960694 0.0551382 0.0512059 0.0922337 0.0631167
0.0306325 0.0290235 0.0519946 0.0435302 0.0508813 0.0592393 0.0570115 0.0235256 0.0518851 0.0264587 0.0370713 0.0501293 0.0288 0.0265822 0.0470339 0.0328204
0.0470318 0.0434493 0.0785011 0.0645412 0.076939 0.0891552 0.0864174 0.0367785 0.0783384 0.0419088 0.0566209 0.076099 0.0447842 0.0404552 0.0723022 0.0512676
0.0573931 0.0556958 0.0999512 0.0826398 0.0987559 0.11474 0.109923 0.0461131 0.101708 0.0509522 0.07152 0.0960694 0.0551382 0.0512059 0.0922337 0.0631167
0.115859 0.110133 0.199768 0.16596 0.198216 0.223693 0.219293 0.0917832 0.199324 0.102302 0.144909 0.190506 0.112191 0.102831 0.181095 0.128163
0.043238 0.0417388 0.07635 0.0622172 0.0751345 0.0866006 0.0827756 0.0341542 0.0762 0.0380547 0.0532107 0.0729762 0.0414726 0.0381812 0.0684309 0.0478068
0.154131 0.147588 0.245786 0.209967 0.246864 0.281233 0.27342 0.124038 0.247873 0.13739 0.181862 0.239437 0.146047 0.138602 0.226292 0.166742
0.0573931 0.0556958 0.0999512 0.0826398 0.0987559 0.11474 0.109923 0.0461131 0.101708 0.0509522 0.07152 0.0960694 0.0551382 0.0512059 0.0922337 0.0631167
0.0573931 0.0556958 0.0999512 0.0826398 0.0987559 0.11474 0.109923 0.0461131 0.101708 0.0509522 0.07152 0.0960694 0.0551382 0.0512059 0.0922337 0.0631167
loop 20
0.0573931 0.0556958 0.0999512 0.0826398 0.0987559 0.11474 0.109911 0.0461131 0.101708 0.0509522 0.07152 0.0960694 0.0551382 0.0512059 0.0922337 0.0631113
0.0420324 0.0403692 0.0717417 0.0597389 0.0720738 0.082691 0.0802776 0.033376 0.0731958 0.0376916 0.0514837 0.069758 0.0400976 0.0364936 0.0664411 0.0456089
0.0433278 0.0418275 0.07642 0.0623004 0.0752227 0.0866838 0.0844364 0.0342483 0.07627 0.0381365 0.0532898 0.0730703 0.0415571 0.0382742 0.0685087 0.047895
0.0413609 0.0384948 0.0710256 0.0581305 0.0698026 0.0798738 0.0775945 0.0319478 0.0708872 0.0359892 0.0503111 0.0676107 0.0395282 0.0361191 0.0644803 0.0447464
0.0433278 0.0418275 0.07642 0.0623004 0.0752227 0.0866838 0.0844364 0.0342483 0.07627 0.0381365 0.0532898 0.0730703 0.0415571 0.0382742 0.0685087 0.047895
0.0427377 0.04115 0.0742938 0.0611605 0.0730472 0.0848948 0.0825661 0.033208 0.0741404 0.0386008 0.0532069 0.0708183 0.0408886 0.0374312 0.0676295 0.0475243
0.0573931 0.0556958 0.0999512 0.0826398 0.0987559 0.11474 0.109911 0.0461131 0.101708 0.0509522 0.07152 0.0960694 0.0551382 0.0512059 0.0922337 0.0631113
0.0573931 0.0556958 0.0999512 0.0826398 0.0987559 0.11474 0.109911 0.0461131 0.101708 0.0509522 0.07152 0.0960694 0.0551382 0.0512059 0.0922337 0.0631113
0.03042 0.0288184 0.0531169 0.0432725 0.0519946 0.0603882 0.0581504 0.0245002 0.0530044 0.0274509 0.0381274 0.0512437 0.0298036 0.0275778 0.0481327 0.0338489
0.0418154 0.0398056 0.071616 0.0593831 0.0700989 0.0804509 0.0777193 0.0330338 0.071456 0.0381875 0.0514105 0.0692238 0.0411041 0.0367809 0.0654075 0.04607
0.0573931 0.0556958 0.0999512 0.0826398 0.0987559 0.11474 0.109911 0.0461131 0.101708 0.0509522 0.07152 0.0960694 0.0551382 0.0512059 0.0922337 0.0631113
0.115847 0.110122 0.199781 0.16596 0.19823 0.223725 0.219323 0.091775 0.199337 0.102288 0.144893 0.190506 0.112179 0.102822 0.181095 0.128149
0.0433278 0.0418275 0.07642 0.0623004 0.0752227 0.0866838 0.0844364 0.0342483 0.07627 0.0381365 0.0532898 0.0730703 0.0415571 0.0382742 0.0685087 0.047895
0.135676 0.131078 0.213065 0.183882 0.216457 0.243581 0.238263 0.110803 0.215141 0.120624 0.159891 0.208927 0.129589 0.121756 0.198144 0.146474
0.0573931 0.0556958 0.0999512 0.0826398 0.0987559 0.11474 0.109911 0.0461131 0.101708 0.0509522 0.07152 0.0960694 0.0551382 0.0512059 0.0922337 0.0631113
0.0573931 0.0556958 0.0999512 0.0826398 0.0987559 0.11474 0.109911 0.0461131 0.101708 0.0509522 0.07152 0.0960694 0.0551382 0.0512059 0.0922337 0.0631113
loop 21
0.0573792 0.0556871 0.0999304 0.082624 0.0987355 0.114715 0.111925 0.0461001 0.101687 0.0509407 0.0715072 0.0960498 0.0551295 0.0511982 0.0922245 0.0631007
0.0419617 0.0402961 0.0732703 0.059664 0.0719847 0.0826028 0.0802023 0.0333058 0.0731212 0.0376226 0.0514081 0.0696728 0.040028 0.036421 0.0663616 0.0455328
0.04522 0.0424187 0.0784878 0.0642948 0.0772624 0.0887482 0.0865056 0.0348618 0.0783317 0.0400075 0.0552448 0.0751051 0.0434445 0.0388744 0.0705304 0.0484779
0.0414403 0.0385704 0.071164 0.058242 0.069938 0.0800166 0.0777317 0.0320072 0.0710169 0.0360607 0.050407 0.0677403 0.0396063 0.0361906 0.0646014 0.0448272
0.04522 0.0424187 0.0784878 0.0642948 0.0772624 0.0887482 0.0865056 0.0348618 0.0783317 0.0400075 0.0552448 0.0751051 0.0434445 0.0388744 0.0705304 0.0484779
0.0428442 0.0412461 0.0745375 0.0613465 0.0732681 0.0851652 0.0812204 0.0332726 0.0743841 0.0386878 0.0533588 0.0710384 0.0409886 0.0375086 0.0678434 0.0476481
0.0573792 0.0556871 0.0999304 0.082624 0.0987355 0.114715 0.111925 0.0461001 0.101687 0.0509407 0.0715072 0.0960498 0.0551295 0.0511982 0.0922245 0.0631007
0.0573792 0.0556871 0.0999304 0.082624 0.0987355 0.114715 0.111925 0.0461001 0.101687 0.0509407 0.0715072 0.0960498 0.0551295 0.0511982 0.0922245 0.0631007
0.030695 0.029088 0.0520822 0.0436147 0.0509719 0.0593377 0.0571114 0.0235794 0.0519727 0.0265194 0.0371487 0.0502174 0.0288599 0.0266449 0.0471149 0.0328906
0.0469448 0.0449304 0.0784642 0.066193 0.0786934 0.0891111 0.0863667 0.0366897 0.0801254 0.0418271 0.056533 0.0760425 0.0446997 0.0419088 0.0722432 0.0511723
0.0573792 0.0556871 0.0999304 0.082624 0.0987355 0.114715 0.111925 0.0461001 0.101687 0.0509407 0.0715072 0.0960498 0.0551295 0.0511982 0.0922245 0.0631007
0.115882 0.110161 0.199822 0.165991 0.198269 0.223756 0.219354 0.0918077 0.199378 0.102327 0.144934 0.190543 0.112213 0.102856 0.18113 0.128191
0.04522 0.0424187 0.0784878 0.0642948 0.0772624 0.0887482 0.0865056 0.0348618 0.0783317 0.0400075 0.0552448 0.0751051 0.0434445 0.0388744 0.0705304 0.0484779
0.135757 0.131247 0.216832 0.183236 0.217831 0.247247 0.239385 0.10925 0.216429 0.120878 0.159543 0.210341 0.129703 0.12204 0.199629 0.146433
0.0573792 0.0556871 0.0999304 0.082624 0.0987355 0.114715 0.111925 0.0461001 0.101687 0.0509407 0.0715072 0.0960498 0.0551295 0.0511982 0.0922245 0.0631007
0.0573792 0.0556871 0.0999304 0.082624 0.0987355 0.114715 0.111925 0.0461001 0.101687 0.0509407 0.0715072 0.0960498 0.0551295 0.0511982 0.0922245 0.0631007
loop 22
0.0573931 0.0556958 0.0999408 0.0826319 0.0987559 0.114727 0.109911 0.0461098 0.101698 0.0509484 0.0715136 0.0960596 0.0551382 0.0512059 0.0922337 0.0631113
0.0419282 0.0402682 0.0731709 0.0595891 0.0719037 0.0824852 0.0800894 0.0332954 0.0730136 0.0375975 0.0513476 0.0695876 0.0399967 0.0364059 0.0662821 0.0454948
0.043467 0.0406733 0.0751737 0.0625199 0.07397 0.0854038 0.0831576 0.0343423 0.07655 0.0382519 0.0534723 0.0718203 0.0416881 0.0383858 0.0687596 0.0480505
0.0403774 0.0388008 0.0700481 0.057152 0.0688234 0.07889 0.0766111 0.0322019 0.0699042 0.0362783 0.0493309 0.0666394 0.0385524 0.0351357 0.0635021 0.0437604
0.043467 0.0406733 0.0751737 0.0625199 0.07397 0.0854038 0.0831576 0.0343423 0.07655 0.0382519 0.0534723 0.0718203 0.0416881 0.0383858 0.0687596 0.0480505
0.0428564 0.0412653 0.0744923 0.0613259 0.0732328 0.0834928 0.0811694 0.0333035 0.0743389 0.0374077 0.0533475 0.0710045 0.0410001 0.0375389 0.0678117 0.0476528
0.0573931 0.0556958 0.0999408 0.0826319 0.0987559 0.114727 0.109911 0.0461098 0.101698 0.0509484 0.0715136 0.0960596 0.0551382 0.0512059 0.0922337 0.0631113
0.0573931 0.0556958 0.0999408 0.0826319 0.0987559 0.114727 0.109911 0.0461098 0.101698 0.0509484 0.0715136 0.0960596 0.0551382 0.0512059 0.0922337 0.0631113
0.0306 0.0289935 0.0519399 0.0434879 0.0522356 0.0591802 0.0584064 0.0235004 0.0532406 0.0264323 0.0370376 0.0500774 0.02877 0.0265579 0.0483581 0.0327895
0.0416434 0.0396379 0.0713024 0.0591332 0.0715776 0.0819548 0.0792112 0.0328981 0.0711488 0.0380275 0.0511922 0.0689317 0.0409356 0.0366249 0.0651319 0.0458681
0.0573931 0.0556958 0.0999408 0.0826319 0.0987559 0.114727 0.109911 0.0461098 0.101698 0.0509484 0.0715136 0.0960596 0.0551382 0.0512059 0.0922337 0.0631113
0.115876 0.110155 0.199795 0.166001 0.198269 0.223725 0.219323 0.0918036 0.199351 0.102317 0.144934 0.190543 0.112208 0.102856 0.181142 0.128184
0.043467 0.0406733 0.0751737 0.0625199 0.07397 0.0854038 0.0831576 0.0343423 0.07655 0.0382519 0.0534723 0.0718203 0.0416881 0.0383858 0.0687596 0.0480505
0.130349 0.124156 0.211776 0.177523 0.210667 0.241209 0.233639 0.105184 0.211396 0.116134 0.154849 0.205831 0.124516 0.117418 0.193137 0.140459
0.0573931 0.0556958 0.0999408 0.0826319 0.0987559 0.114727 0.109911 0.0461098 0.101698 0.0509484 0.0715136 0.0960596 0.0551382 0.0512059 0.0922337 0.0631113
0.0573931 0.0556958 0.0999408 0.0826319 0.0987559 0.114727 0.109911 0.0461098 0.101698 0.0509484 0.0715136 0.0960596 0.0551382 0.0512059 0.0922337 0.0631113
loop 23
0.0574948 0.0556915 0.0999408 0.0826319 0.0987457 0.114727 0.111937 0.0461066 0.101698 0.0509484 0.0715136 0.0960596 0.0552384 0.0512021 0.0922337 0.0631113
0.0421329 0.0391031 0.0718875 0.0598637 0.0706236 0.0811826 0.0787876 0.0321525 0.0733365 0.0364422 0.0515946 0.0683178 0.0401916 0.0365783 0.065021 0.0457145
0.04415 0.0413712 0.0772318 0.0631213 0.07603 0.0874709 0.0852288 0.0350762 0.0770788 0.0389628 0.0541157 0.073874 0.0423839 0.0391012 0.0693273 0.0487177
0.0414562 0.0398817 0.0711986 0.0597158 0.0699804 0.081661 0.07936 0.0320154 0.0725966 0.0360704 0.0504283 0.0692954 0.0396212 0.0362004 0.0646393 0.0448451
0.04415 0.0413712 0.0772318 0.0631213 0.07603 0.0874709 0.0852288 0.0350762 0.0770788 0.0389628 0.0541157 0.073874 0.0423839 0.0391012 0.0693273 0.0487177
0.0427868 0.0412 0.0743841 0.0612363 0.0731267 0.0833655 0.0810571 0.0332473 0.0742306 0.0373471 0.0532688 0.0709029 0.0409348 0.0374783 0.0677087 0.0462076
0.0574948 0.0556915 0.0999408 0.0826319 0.0987457 0.114727 0.111937 0.0461066 0.101698 0.0509484 0.0715136 0.0960596 0.0552384 0.0512021 0.0922337 0.0631113
0.0574948 0.0556915 0.0999408 0.0826319 0.0987457 0.114727 0.111937 0.0461066 0.101698 0.0509484 0.0715136 0.0960596 0.0552384 0.0512021 0.0922337 0.0631113
0.030625 0.0290189 0.0519837 0.0435217 0.0508706 0.0592261 0.0569991 0.0235206 0.0518741 0.0264546 0.0370679 0.0501189 0.0287954 0.0265761 0.0470244 0.0328175
0.0470736 0.0434838 0.0786565 0.0646313 0.0770691 0.089332 0.0865783 0.0367905 0.0784864 0.0419379 0.0566949 0.0744288 0.0448265 0.0404805 0.0724269 0.0513112
0.0574948 0.0556915 0.0999408 0.0826319 0.0987457 0.114727 0.111937 0.0461066 0.101698 0.0509484 0.0715136 0.0960596 0.0552384 0.0512021 0.0922337 0.0631113
0.115876 0.11015 0.199795 0.165991 0.198269 0.223725 0.219339 0.0918036 0.199351 0.102317 0.144934 0.190543 0.112208 0.102856 0.18113 0.128177
0.04415 0.0413712 0.0772318 0.0631213 0.07603 0.0874709 0.0852288 0.0350762 0.0770788 0.0389628 0.0541157 0.073874 0.0423839 0.0391012 0.0693273 0.0487177
0.126559 0.122011 0.200801 0.169704 0.201777 0.228541 0.220775 0.101948 0.200442 0.113644 0.148245 0.194379 0.120512 0.11482 0.183709 0.137255
0.0574948 0.0556915 0.0999408 0.0826319 0.0987457 0.114727 0.111937 0.0461066 0.101698 0.0509484 0.0715136 0.0960596 0.0552384 0.0512021 0.0922337 0.0631113
0.0574948 0.0556915 0.0999408 0.0826319 0.0987457 0.114727 0.111937 0.0461066 0.101698 0.0509484 0.0715136 0.0960596 0.0552384 0.0512021 0.0922337 0.0631113
loop 24
0.0573885 0.0556958 0.0999408 0.0826319 0.0987457 0.114727 0.111937 0.0461098 0.101698 0.0509484 0.0715136 0.0960596 0.0551382 0.0512059 0.0922337 0.0631113
0.0420361 0.0403726 0.0717336 0.0597264 0.0720576 0.0826714 0.0802682 0.0333838 0.0731792 0.0376947 0.0514787 0.0697425 0.0400976 0.0365027 0.0664339 0.0456131
0.0467754 0.0439835 0.0813865 0.0671957 0.0801574 0.0916608 0.0894136 0.036467 0.0812322 0.0415909 0.0581363 0.0780092 0.0450105 0.0404521 0.0734322 0.0513429
0.040239 0.0386712 0.071337 0.0583995 0.0701242 0.0802105 0.0779278 0.0320884 0.0711899 0.0361549 0.0505456 0.0679185 0.0397105 0.0362783 0.0647755 0.0449439
0.0467754 0.0439835 0.0813865 0.0671957 0.0801574 0.0916608 0.0894136 0.036467 0.0812322 0.0415909 0.0581363 0.0780092 0.0450105 0.0404521 0.0734322 0.0513429
0.0429629 0.0400454 0.0731091 0.0614774 0.0734095 0.0836838 0.0813632 0.0333878 0.0745194 0.0375019 0.0520658 0.0711738 0.0411039 0.0376331 0.066459 0.0463972
0.0573885 0.0556958 0.0999408 0.0826319 0.0987457 0.114727 0.111937 0.0461098 0.101698 0.0509484 0.0715136 0.0960596 0.0551382 0.0512059 0.0922337 0.0631113
0.0573885 0.0556958 0.0999408 0.0826319 0.0987457 0.114727 0.111937 0.0461098 0.101698 0.0509484 0.0715136 0.0960596 0.0551382 0.0512059 0.0922337 0.0631113
0.0304225 0.0288207 0.0531225 0.0432767 0.0519946 0.060395 0.0581568 0.0245002 0.05301 0.0274551 0.0381309 0.0512437 0.0298084 0.0263918 0.0481376 0.0338518
0.0449564 0.0413985 0.0745941 0.0624665 0.0748765 0.0852115 0.0824735 0.0347211 0.076233 0.0398272 0.0545371 0.0722366 0.042707 0.038409 0.068445 0.0491767
0.0573885 0.0556958 0.0999408 0.0826319 0.0987457 0.114727 0.111937 0.0461098 0.101698 0.0509484 0.0715136 0.0960596 0.0551382 0.0512059 0.0922337 0.0631113
0.115853 0.110128 0.199768 0.16596 0.198216 0.223693 0.219293 0.0917832 0.199324 0.102297 0.144901 0.190493 0.112185 0.102831 0.181095 0.128156
0.0467754 0.0439835 0.0813865 0.0671957 0.0801574 0.0916608 0.0894136 0.036467 0.0812322 0.0415909 0.0581363 0.0780092 0.0450105 0.0404521 0.0734322 0.0513429
0.128067 0.12348 0.202669 0.173721 0.206068 0.233016 0.225184 0.105308 0.204737 0.115119 0.152104 0.198606 0.12407 0.116261 0.187888 0.13885
0.0573885 0.0556958 0.0999408 0.0826319 0.0987457 0.114727 0.111937 0.0461098 0.101698 0.0509484 0.0715136 0.0960596 0.0551382 0.0512059 0.0922337 0.0631113
0.0573885 0.0556958 0.0999408 0.0826319 0.0987457 0.114727 0.111937 0.0461098 0.101698 0.0509484 0.0715136 0.0960596 0.0551382 0.0512059 0.0922337 0.0631113
loop 25
0.0573931 0.0557002 0.0999512 0.0826398 0.0987559 0.11474 0.109923 0.0461131 0.101708 0.0509522 0.07152 0.0960694 0.0551426 0.0512098 0.0922429 0.0631167
0.0417422 0.0400907 0.0728645 0.0608512 0.0715959 0.08382 0.0814035 0.0331367 0.0743139 0.0374282 0.0525865 0.0692933 0.0411804 0.0375661 0.0660004 0.046705
0.0450724 0.042288 0.0781757 0.0640492 0.0769665 0.0884155 0.0861729 0.0347578 0.0780196 0.0398805 0.05504 0.074811 0.0433054 0.0400115 0.0717466 0.0496399
0.0403658 0.0387936 0.0700057 0.0585635 0.0687903 0.07884 0.0765631 0.0321965 0.0698619 0.0362718 0.0493154 0.0665998 0.0385416 0.0351357 0.0634651 0.0437473
0.0450724 0.042288 0.0781757 0.0640492 0.0769665 0.0884155 0.0861729 0.0347578 0.0780196 0.0398805 0.05504 0.074811 0.0433054 0.0400115 0.0717466 0.0496399
0.0419404 0.0403394 0.0736304 0.060442 0.0723662 0.0826494 0.08032 0.033635 0.0734802 0.0377811 0.0524491 0.0701318 0.0414076 0.0379089 0.0669314 0.0467394
0.0573931 0.0557002 0.0999512 0.0826398 0.0987559 0.11474 0.109923 0.0461131 0.101708 0.0509522 0.07152 0.0960694 0.0551426 0.0512098 0.0922429 0.0631167
0.0573931 0.0557002 0.0999512 0.0826398 0.0987559 0.11474 0.109923 0.0461131 0.101708 0.0509522 0.07152 0.0960694 0.0551426 0.0512098 0.0922429 0.0631167
0.0306925 0.0290834 0.0520932 0.0436147 0.0509825 0.0593508 0.0571176 0.0235743 0.0519837 0.0265133 0.0371487 0.0502278 0.0288576 0.0266368 0.0471244 0.0328878
0.0490577 0.0470283 0.0823784 0.0682746 0.0825923 0.0930456 0.0903041 0.0387835 0.0821962 0.0439385 0.0603357 0.0799286 0.0468125 0.0440075 0.0761201 0.0532899
0.0573931 0.0557002 0.0999512 0.0826398 0.0987559 0.11474 0.109923 0.0461131 0.101708 0.0509522 0.07152 0.0960694 0.0551426 0.0512098 0.0922429 0.0631167
0.115853 0.110128 0.199781 0.16596 0.19823 0.223725 0.219323 0.0917832 0.199337 0.102297 0.144901 0.190518 0.112185 0.102831 0.181107 0.128156
0.0450724 0.042288 0.0781757 0.0640492 0.0769665 0.0884155 0.0861729 0.0347578 0.0780196 0.0398805 0.05504 0.074811 0.0433054 0.0400115 0.0717466 0.0496399
0.127094 0.122507 0.19945 0.170548 0.202865 0.229753 0.221935 0.104293 0.201517 0.114117 0.149004 0.195388 0.121027 0.115275 0.184695 0.137904
0.0573931 0.0557002 0.0999512 0.0826398 0.0987559 0.11474 0.109923 0.0461131 0.101708 0.0509522 0.07152 0.0960694 0.0551426 0.0512098 0.0922429 0.0631167
0.0573931 0.0557002 0.0999512 0.0826398 0.0987559 0.11474 0.109923 0.0461131 0.101708 0.0509522 0.07152 0.0960694 0.0551426 0.0512098 0.0922429 0.0631167
loop 26
0.0573838 0.0556871 0.0999408 0.082624 0.0987457 0.114727 0.111925 0.0461033 0.101698 0.0509445 0.0715072 0.0960498 0.0551295 0.0511982 0.0922245 0.063106
0.0420287 0.0403622 0.0717498 0.0597389 0.0720738 0.082691 0.080287 0.0333656 0.073204 0.0376822 0.0514837 0.069758 0.0400907 0.0364876 0.0664411 0.0456089
0.0432111 0.0417092 0.07629 0.0621642 0.0750757 0.0865293 0.0842761 0.0341385 0.07613 0.0392857 0.0545401 0.0729292 0.0414473 0.0381589 0.0698574 0.0477706
0.040289 0.038718 0.0698788 0.0584519 0.0686661 0.0802921 0.0779964 0.0321316 0.0697349 0.0362004 0.0505935 0.066481 0.038466 0.0350636 0.0633541 0.0449932
0.0432111 0.0417092 0.07629 0.0621642 0.0750757 0.0865293 0.0842761 0.0341385 0.07613 0.0392857 0.0545401 0.0729292 0.0414473 0.0381589 0.0698574 0.0477706
0.0418293 0.0402352 0.073436 0.0602807 0.0721846 0.0824309 0.08011 0.0335479 0.0732858 0.0376802 0.0523068 0.0699496 0.0412999 0.0378114 0.066761 0.0466145
0.0573838 0.0556871 0.0999408 0.082624 0.0987457 0.114727 0.111925 0.0461033 0.101698 0.0509445 0.0715072 0.0960498 0.0551295 0.0511982 0.0922245 0.063106
0.0573838 0.0556871 0.0999408 0.082624 0.0987457 0.114727 0.111925 0.0461033 0.101698 0.0509445 0.0715072 0.0960498 0.0551295 0.0511982 0.0922245 0.063106
0.0304825 0.0288852 0.053145 0.0433189 0.052033 0.0604151 0.058176 0.023413 0.0530325 0.0275165 0.0381761 0.0498856 0.0298636 0.0264566 0.048167 0.0339072
0.0416055 0.0395974 0.0712448 0.059094 0.07152 0.0818928 0.079152 0.0328637 0.0728796 0.0379875 0.0511564 0.068877 0.0408962 0.0365912 0.0650812 0.0458278
0.0573838 0.0556871 0.0999408 0.082624 0.0987457 0.114727 0.111925 0.0461033 0.101698 0.0509445 0.0715072 0.0960498 0.0551295 0.0511982 0.0922245 0.063106
0.115859 0.110133 0.199768 0.16597 0.19823 0.223709 0.219308 0.0917832 0.199324 0.102297 0.144909 0.190518 0.112185 0.102831 0.181107 0.128156
0.0432111 0.0417092 0.07629 0.0621642 0.0750757 0.0865293 0.0842761 0.0341385 0.07613 0.0392857 0.0545401 0.0729292 0.0414473 0.0381589 0.0698574 0.0477706
0.127931 0.123365 0.202418 0.173516 0.205811 0.232715 0.224896 0.105228 0.204455 0.115002 0.151895 0.198334 0.123926 0.116155 0.187636 0.138648
0.0573838 0.0556871 0.0999408 0.082624 0.0987457 0.114727 0.111925 0.0461033 0.101698 0.0509445 0.0715072 0.0960498 0.0551295 0.0511982 0.0922245 0.063106
0.0573838 0.0556871 0.0999408 0.082624 0.0987457 0.114727 0.111925 0.0461033 0.101698 0.0509445 0.0715072 0.0960498 0.0551295 0.0511982 0.0922245 0.063106
loop 27
0.0573885 0.0556958 0.0999408 0.0826319 0.0987457 0.114727 0.111937 0.0461098 0.101698 0.0509484 0.0715136 0.0960596 0.0551382 0.0512059 0.0922337 0.0631113
0.0409104 0.0392512 0.0721467 0.0600821 0.0708692 0.0814707 0.0790733 0.0322775 0.0719928 0.0365813 0.0517862 0.06856 0.0403413 0.0367174 0.0652539 0.0458835
0.0441638 0.042654 0.077395 0.0632143 0.07617 0.0876524 0.0854038 0.0350502 0.077242 0.0389628 0.0541844 0.0740084 0.0423969 0.0390858 0.069451 0.0487497
0.0413292 0.0384624 0.0710429 0.0581305 0.0698111 0.079884 0.0776141 0.0319045 0.0709045 0.0359567 0.0503058 0.0676188 0.0395021 0.0360801 0.0644879 0.0447149
0.0441638 0.042654 0.077395 0.0632143 0.07617 0.0876524 0.0854038 0.0350502 0.077242 0.0389628 0.0541844 0.0740084 0.0423969 0.0390858 0.069451 0.0487497
0.0427786 0.0411885 0.074357 0.0612157 0.0731002 0.0849705 0.082639 0.034505 0.075774 0.0386356 0.0532462 0.0708691 0.0409232 0.0374649 0.0676849 0.0475672
0.0573885 0.0556958 0.0999408 0.0826319 0.0987457 0.114727 0.111937 0.0461098 0.101698 0.0509484 0.0715136 0.0960596 0.0551382 0.0512059 0.0922337 0.0631113
0.0573885 0.0556958 0.0999408 0.0826319 0.0987457 0.114727 0.111937 0.0461098 0.101698 0.0509484 0.0715136 0.0960596 0.0551382 0.0512059 0.0922337 0.0631113
0.0305425 0.0289428 0.0532519 0.0434034 0.0521315 0.0590687 0.0582976 0.0234617 0.0531394 0.0275715 0.0382562 0.0499841 0.0299237 0.0265133 0.048265 0.0339772
0.0456562 0.04365 0.0788192 0.0647887 0.0772425 0.0876144 0.0848802 0.036949 0.0786491 0.0405563 0.0568475 0.0745941 0.0449889 0.0406462 0.0708032 0.0498721
0.0573885 0.0556958 0.0999408 0.0826319 0.0987457 0.114727 0.111937 0.0461098 0.101698 0.0509484 0.0715136 0.0960596 0.0551382 0.0512059 0.0922337 0.0631113
0.115882 0.110155 0.199795 0.166001 0.198269 0.22374 0.219339 0.0918036 0.199351 0.102322 0.144934 0.190543 0.112208 0.102856 0.181142 0.128184
0.0441638 0.042654 0.077395 0.0632143 0.07617 0.0876524 0.0854038 0.0350502 0.077242 0.0389628 0.0541844 0.0740084 0.0423969 0.0390858 0.069451 0.0487497
0.12638 0.121827 0.200828 0.171923 0.201749 0.231106 0.223277 0.103697 0.202865 0.113465 0.150377 0.196744 0.122394 0.114612 0.186032 0.137122
0.0573885 0.0556958 0.0999408 0.0826319 0.0987457 0.114727 0.111937 0.0461098 0.101698 0.0509484 0.0715136 0.0960596 0.0551382 0.0512059 0.0922337 0.0631113
0.0573885 0.0556958 0.0999408 0.0826319 0.0987457 0.114727 0.111937 0.0461098 0.101698 0.0509484 0.0715136 0.0960596 0.0551382 0.0512059 0.0922337 0.0631113
loop 28
0.0573977 0.0557002 0.0999512 0.0826398 0.0987559 0.11474 0.109923 0.0461131 0.101708 0.0509522 0.07152 0.0960694 0.0551426 0.0512098 0.0922429 0.0631167
0.0418538 0.0401916 0.0730881 0.0610304 0.0718146 0.082397 0.0800047 0.0332174 0.072939 0.0375254 0.0527368 0.0695024 0.0412884 0.0376602 0.0662027 0.0468314
0.0452962 0.0424928 0.0770176 0.064366 0.0773338 0.0888344 0.0865768 0.0349332 0.0783941 0.040075 0.0553152 0.0736627 0.0435164 0.0389436 0.0706026 0.0485472
0.039331 0.0377584 0.0689228 0.0574848 0.0677079 0.07933 0.075479 0.0311782 0.068782 0.0352424 0.0496316 0.065522 0.0387972 0.0353678 0.0623879 0.0440304
0.0452962 0.0424928 0.0770176 0.064366 0.0773338 0.0888344 0.0865768 0.0349332 0.0783941 0.040075 0.0553152 0.0736627 0.0435164 0.0389436 0.0706026 0.0485472
0.0427254 0.0411346 0.0742848 0.0626291 0.0745916 0.084884 0.0825661 0.0344555 0.0757002 0.0385834 0.05319 0.0723575 0.0422024 0.0387157 0.0676216 0.0475053
0.0573977 0.0557002 0.0999512 0.0826398 0.0987559 0.11474 0.109923 0.0461131 0.101708 0.0509522 0.07152 0.0960694 0.0551426 0.0512098 0.0922429 0.0631167
0.0573977 0.0557002 0.0999512 0.0826398 0.0987559 0.11474 0.109923 0.0461131 0.101708 0.0509522 0.07152 0.0960694 0.0551426 0.0512098 0.0922429 0.0631167
0.0296139 0.0280145 0.0523122 0.0424673 0.0511957 0.0581312 0.0573548 0.023687 0.0521972 0.0266389 0.0373169 0.0490489 0.0289912 0.0267644 0.0473243 0.0330423
0.0501873 0.04815 0.0836325 0.0694998 0.083835 0.096236 0.093469 0.0398921 0.0853191 0.0450604 0.0615289 0.0811726 0.0479448 0.0451124 0.0773653 0.0544326
0.0573977 0.0557002 0.0999512 0.0826398 0.0987559 0.11474 0.109923 0.0461131 0.101708 0.0509522 0.07152 0.0960694 0.0551426 0.0512098 0.0922429 0.0631167
0.115882 0.110155 0.199795 0.166001 0.198269 0.22374 0.219339 0.0918077 0.199364 0.102322 0.144934 0.190556 0.112208 0.102856 0.181142 0.128184
0.0452962 0.0424928 0.0770176 0.064366 0.0773338 0.0888344 0.0865768 0.0349332 0.0783941 0.040075 0.0553152 0.0736627 0.0435164 0.0389436 0.0706026 0.0485472
0.126321 0.121785 0.20047 0.171697 0.201498 0.22818 0.2204 0.103708 0.20253 0.11344 0.150208 0.196475 0.122323 0.114612 0.185782 0.137022
0.0573977 0.0557002 0.0999512 0.0826398 0.0987559 0.11474 0.109923 0.0461131 0.101708 0.0509522 0.07152 0.0960694 0.0551426 0.0512098 0.0922429 0.0631167
0.0573977 0.0557002 0.0999512 0.0826398 0.0987559 0.11474 0.109923 0.0461131 0.101708 0.0509522 0.07152 0.0960694 0.0551426 0.0512098 0.0922429 0.0631167
loop 29
0.0573838 0.0556871 0.0999408 0.082624 0.0987457 0.114727 0.111925 0.0461033 0.101687 0.0509407 0.0715072 0.0960498 0.0551295 0.0511982 0.0922245 0.063106
0.0421515 0.03912 0.0719199 0.0598886 0.0706474 0.081221 0.0788244 0.0321675 0.0717741 0.0364603 0.0516148 0.0683405 0.040209 0.0365934 0.0650422 0.0457272
0.045101 0.0423055 0.0783005 0.0641363 0.0770686 0.088551 0.0863036 0.0347643 0.0781444 0.0399004 0.0551104 0.0749188 0.0433323 0.0400274 0.0703589 0.0496837
0.0403812 0.0388116 0.0700481 0.057152 0.0688234 0.07889 0.0766111 0.0322073 0.0699042 0.0362848 0.0493361 0.0666315 0.038556 0.0351483 0.0635021 0.0437647
0.045101 0.0423055 0.0783005 0.0641363 0.0770686 0.088551 0.0863036 0.0347643 0.0781444 0.0399004 0.0551104 0.0749188 0.0433323 0.0400274 0.0703589 0.0496837
0.0441132 0.0411692 0.0760136 0.062742 0.074736 0.085057 0.0827222 0.034473 0.0758569 0.0386182 0.0532744 0.0724873 0.042246 0.0387435 0.0692793 0.0475672
0.0573838 0.0556871 0.0999408 0.082624 0.0987457 0.114727 0.111925 0.0461033 0.101687 0.0509407 0.0715072 0.0960498 0.0551295 0.0511982 0.0922245 0.063106
0.0573838 0.0556871 0.0999408 0.082624 0.0987457 0.114727 0.111925 0.0461033 0.101687 0.0509407 0.0715072 0.0960498 0.0551295 0.0511982 0.0922245 0.063106
0.030315 0.0287217 0.0529481 0.0444617 0.0518194 0.0601932 0.0579648 0.0244173 0.05283 0.0273578 0.0379986 0.0510731 0.0297028 0.0274826 0.047971 0.0337352
0.0470213 0.0449954 0.0785825 0.0662854 0.0788044 0.0892436 0.0865021 0.0367377 0.0784124 0.0418883 0.0566301 0.0761484 0.0447712 0.0419612 0.0723481 0.0512755
0.0573838 0.0556871 0.0999408 0.082624 0.0987457 0.114727 0.111925 0.0461033 0.101687 0.0509407 0.0715072 0.0960498 0.0551295 0.0511982 0.0922245 0.063106
0.115876 0.11015 0.199781 0.16598 0.198256 0.223709 0.219323 0.0917996 0.199337 0.102317 0.144934 0.190531 0.112208 0.102851 0.181119 0.128184
0.045101 0.0423055 0.0783005 0.0641363 0.0770686 0.088551 0.0863036 0.0347643 0.0781444 0.0399004 0.0551104 0.0749188 0.0433323 0.0400274 0.0703589 0.0496837
0.129574 0.12499 0.204172 0.175221 0.20756 0.234487 0.22667 0.10485 0.20621 0.116618 0.153641 0.200112 0.123509 0.117767 0.189389 0.140343
0.0573838 0.0556871 0.0999408 0.082624 0.0987457 0.114727 0.111925 0.0461033 0.101687 0.0509407 0.0715072 0.0960498 0.0551295 0.0511982 0.0922245 0.063106
0.0573838 0.0556871 0.0999408 0.082624 0.0987457 0.114727 0.111925 0.0461033 0.101687 0.0509407 0.0715072 0.0960498 0.0551295 0.0511982 0.0922245 0.063106
loop 30
0.0573931 0.0556958 0.0999408 0.0826319 0.0987457 0.114727 0.111937 0.0461098 0.101698 0.0509484 0.0715136 0.0960596 0.0551382 0.0512059 0.0922337 0.0631113
0.0419878 0.0403274 0.073262 0.0596702 0.0719847 0.082593 0.0801835 0.0333422 0.0731047 0.037654 0.0514232 0.0696728 0.0400559 0.0364603 0.0663616 0.0455624
0.044284 0.0414979 0.0774256 0.063284 0.07622 0.0876766 0.0854271 0.033966 0.0772726 0.0390858 0.0542655 0.0740564 0.0425102 0.0392242 0.0694951 0.0488616
0.0401775 0.03861 0.069718 0.0583142 0.0700142 0.0801085 0.0778297 0.0320343 0.0711034 0.0360996 0.0504656 0.0678213 0.0396473 0.0362199 0.0646771 0.0448765
0.044284 0.0414979 0.0774256 0.063284 0.07622 0.0876766 0.0854271 0.033966 0.0772726 0.0390858 0.0542655 0.0740564 0.0425102 0.0392242 0.0694951 0.0488616
0.0429916 0.0400714 0.0731621 0.0615188 0.0734625 0.0837474 0.0814244 0.0334074 0.0745736 0.0375254 0.0520987 0.0712246 0.0411308 0.0376566 0.0665055 0.0464296
0.0573931 0.0556958 0.0999408 0.0826319 0.0987457 0.114727 0.111937 0.0461098 0.101698 0.0509484 0.0715136 0.0960596 0.0551382 0.0512059 0.0922337 0.0631113
0.0573931 0.0556958 0.0999408 0.0826319 0.0987457 0.114727 0.111937 0.0461098 0.101698 0.0509484 0.0715136 0.0960596 0.0551382 0.0512059 0.0922337 0.0631113
0.03082 0.0292078 0.0522903 0.0437837 0.0511744 0.0595739 0.0573361 0.0236786 0.0521753 0.0266287 0.0373 0.0504196 0.0289774 0.0267563 0.0473053 0.0330254
0.0488679 0.0468438 0.0822121 0.0681165 0.0823942 0.0928668 0.0901237 0.038617 0.0838917 0.043766 0.0601593 0.0797394 0.046635 0.0438319 0.0759367 0.0531083
0.0573931 0.0556958 0.0999408 0.0826319 0.0987457 0.114727 0.111937 0.0461098 0.101698 0.0509484 0.0715136 0.0960596 0.0551382 0.0512059 0.0922337 0.0631113
0.11587 0.110144 0.199808 0.16597 0.198256 0.22374 0.219339 0.0917996 0.199364 0.102312 0.144918 0.190531 0.112202 0.102851 0.181119 0.128177
0.044284 0.0414979 0.0774256 0.063284 0.07622 0.0876766 0.0854271 0.033966 0.0772726 0.0390858 0.0542655 0.0740564 0.0425102 0.0392242 0.0694951 0.0488616
0.125737 0.121153 0.198197 0.169252 0.199178 0.225985 0.218203 0.10294 0.200267 0.112745 0.147677 0.194127 0.119669 0.113912 0.18342 0.136561
0.0573931 0.0556958 0.0999408 0.0826319 0.0987457 0.114727 0.111937 0.0461098 0.101698 0.0509484 0.0715136 0.0960596 0.0551382 0.0512059 0.0922337 0.0631113
0.0573931 0.0556958 0.0999408 0.0826319 0.0987457 0.114727 0.111937 0.0461098 0.101698 0.0509484 0.0715136 0.0960596 0.0551382 0.0512059 0.0922337 0.0631113
loop 31
0.0573931 0.0557002 0.0999512 0.0826398 0.0987559 0.11474 0.109923 0.0461131 0.101708 0.0509522 0.07152 0.0960694 0.0551426 0.0512098 0.0922429 0.0631167
0.0419245 0.0402612 0.0731626 0.0595891 0.0718875 0.0824852 0.08008 0.033285 0.0730136 0.0375912 0.0513527 0.0695798 0.0399932 0.0363968 0.0662749 0.0454906
0.0448867 0.0433907 0.0794826 0.065286 0.0782485 0.0897523 0.0875072 0.0358199 0.0793235 0.0397059 0.0562343 0.0761 0.0431258 0.0398369 0.0715254 0.0494483
0.0413609 0.0384984 0.0710342 0.058137 0.0698195 0.0798738 0.0776043 0.0319451 0.0708959 0.0359924 0.0503164 0.0676269 0.0395319 0.0361224 0.0644879 0.0447419
0.0448867 0.0433907 0.0794826 0.065286 0.0782485 0.0897523 0.0875072 0.0358199 0.0793235 0.0397059 0.0562343 0.0761 0.0431258 0.0398369 0.0715254 0.0494483
0.0428401 0.0412461 0.0744833 0.061319 0.0732239 0.0851111 0.0811592 0.033281 0.0743299 0.0386913 0.0533362 0.070996 0.0409847 0.0375153 0.0678038 0.0476386
0.0573931 0.0557002 0.0999512 0.0826398 0.0987559 0.11474 0.109923 0.0461131 0.101708 0.0509522 0.07152 0.0960694 0.0551426 0.0512098 0.0922429 0.0631167
0.0573931 0.0557002 0.0999512 0.0826398 0.0987559 0.11474 0.109923 0.0461131 0.101708 0.0509522 0.07152 0.0960694 0.0551426 0.0512098 0.0922429 0.0631167
0.0307025 0.0290926 0.0521041 0.0436274 0.0509932 0.0593639 0.0571364 0.0235811 0.0519946 0.0265214 0.0371587 0.0502381 0.0288668 0.026647 0.0471387 0.032899
0.0476676 0.0456562 0.0808086 0.068518 0.0810255 0.0914412 0.0887046 0.0374625 0.0824735 0.0425769 0.0588686 0.078368 0.0470179 0.0426555 0.0745734 0.0518881
0.0573931 0.0557002 0.0999512 0.0826398 0.0987559 0.11474 0.109923 0.0461131 0.101708 0.0509522 0.07152 0.0960694 0.0551426 0.0512098 0.0922429 0.0631167
0.115853 0.110128 0.199781 0.16597 0.19823 0.223709 0.219308 0.0917791 0.199337 0.102297 0.144901 0.190506 0.112185 0.102831 0.181107 0.128156
0.0448867 0.0433907 0.0794826 0.065286 0.0782485 0.0897523 0.0875072 0.0358199 0.0793235 0.0397059 0.0562343 0.0761 0.0431258 0.0398369 0.0715254 0.0494483
0.13276 0.126298 0.210146 0.179494 0.211221 0.240101 0.234887 0.106674 0.21217 0.118089 0.156128 0.20626 0.12679 0.119292 0.195675 0.143267
0.0573931 0.0557002 0.0999512 0.0826398 0.0987559 0.11474 0.109923 0.0461131 0.101708 0.0509522 0.07152 0.0960694 0.0551426 0.0512098 0.0922429 0.0631167
0.0573931 0.0557002 0.0999512 0.0826398 0.0987559 0.11474 0.109923 0.0461131 0.101708 0.0509522 0.07152 0.0960694 0.0551426 0.0512098 0.0922429 0.0631167

work load: gap.mips twolf.mips vpr.mips mesa.mips vpr.mips equake.mips gap.mips gap.mips parser.mips vortex.mips gap.mips bzip2.mips vpr.mips gcc.mips gap.mips gap.mips
