loop 0
	0.035496	0.034084	0.0624267	0.0520312	0.0613877
	0.0360226	0.0342734	0.0622727	0.0514855	0.0609982
	0.035496	0.034084	0.0624267	0.0520312	0.0613877
	0.0573931	0.0556958	0.0999512	0.0826398	0.0987559
loop 1
	0.035514	0.0341009	0.0624591	0.0520499	0.0614115
	0.0360198	0.0360198	0.0622789	0.0514807	0.0609982
	0.035514	0.0341009	0.0624591	0.0520499	0.0614115
	0.0573792	0.0556827	0.0999304	0.082624	0.0987355
loop 2
	0.0354924	0.0340807	0.0624267	0.052025	0.0613798
	0.036017	0.0342708	0.0622665	0.0514807	0.0609921
	0.0354924	0.0340807	0.0624267	0.052025	0.0613798
	0.0573931	0.0556958	0.0999512	0.0826398	0.0987559
loop 3
	0.035478	0.0340672	0.0624024	0.0520063	0.0613561
	0.0360001	0.0342552	0.0622477	0.0514616	0.0609738
	0.035478	0.0340672	0.0624024	0.0520063	0.0613561
	0.0573931	0.0556958	0.0999512	0.0826398	0.0987559
loop 4
	0.0355284	0.0341143	0.0624753	0.0520749	0.0614353
	0.0359917	0.0342448	0.062254	0.0514616	0.0609738
	0.0355284	0.0341143	0.0624753	0.0520749	0.0614353
	0.0573792	0.0556871	0.0999304	0.082624	0.0987355
loop 5
	0.0355068	0.0340941	0.0624429	0.0520437	0.0614036
	0.0366949	0.0349546	0.0643765	0.0535808	0.0630976
	0.0355068	0.0340941	0.0624429	0.0520437	0.0614036
	0.0573931	0.0556958	0.0999408	0.0826319	0.0987559
loop 6
	0.0354672	0.0340538	0.0623862	0.0519875	0.0613402
	0.0359496	0.0342031	0.0621728	0.051395	0.0608948
	0.0354672	0.0340538	0.0623862	0.0519875	0.0613402
	0.0574948	0.0556915	0.0999408	0.0826319	0.0987457
loop 7
	0.0355068	0.0340908	0.0624429	0.0520375	0.0613957
	0.0359524	0.0342058	0.0621853	0.0514045	0.0609069
	0.0355068	0.0340908	0.0624429	0.0520375	0.0613957
	0.0573885	0.0556958	0.0999408	0.0826319	0.0987457
loop 8
	0.035514	0.0341009	0.0624591	0.0520499	0.0614115
	0.0359721	0.034224	0.0622103	0.0514283	0.0609313
	0.035514	0.0341009	0.0624591	0.0520499	0.0614115
	0.0573931	0.0557002	0.0999512	0.0826398	0.0987559
loop 9
	0.0354816	0.0340706	0.0624105	0.0520125	0.061364
	0.0359552	0.0342058	0.0621916	0.0514093	0.060913
	0.0354816	0.0340706	0.0624105	0.0520125	0.061364
	0.0573838	0.0556871	0.0999408	0.082624	0.0987457
loop 10
	0.0354924	0.0340807	0.0624267	0.052025	0.0613798
	0.0359636	0.0342162	0.0621916	0.051414	0.060913
	0.0354924	0.0340807	0.0624267	0.052025	0.0613798
	0.0573885	0.0556958	0.0999408	0.0826319	0.0987457
loop 11
	0.0987457	0.0340975	0.062451	0.0520437	0.0614036
	0.0359608	0.0342136	0.0621916	0.051414	0.0609191
	0.0355104	0.0340975	0.062451	0.0520437	0.0614036
	0.0573977	0.0557002	0.0999512	0.0826398	0.0987559
loop 12
	0.035478	0.0340639	0.0624024	0.0520063	0.0613561
	0.0359749	0.0342292	0.0622165	0.0514283	0.0609434
	0.035478	0.0340639	0.0624024	0.0520063	0.0613561
	0.0573838	0.0556871	0.0999408	0.082624	0.0987457
loop 13
	0.0354888	0.0340773	0.0624105	0.0520187	0.0613719
	0.0359833	0.0342344	0.062229	0.0514426	0.0609495
	0.0354888	0.0340773	0.0624105	0.0520187	0.0613719
	0.0573931	0.0556958	0.0999408	0.0826319	0.0987457
loop 14
	0.0355356	0.0341211	0.0624834	0.050771	0.0614432
	0.0359805	0.0342318	0.0622165	0.0514331	0.0609434
	0.0355356	0.0341211	0.0624834	0.050771	0.0614432
	0.0573931	0.0557002	0.0999512	0.0826398	0.0987559
loop 15
	0.0355068	0.0340908	0.0624429	0.0520437	0.0614036
	0.0359692	0.0342188	0.0622228	0.0514331	0.0609434
	0.0355068	0.0340908	0.0624429	0.0520437	0.0614036
	0.0573792	0.0556871	0.0999304	0.082624	0.0987355
loop 16
	0.0354744	0.0340605	0.0623943	0.052	0.0613481
	0.0366862	0.0349438	0.06437	0.0535707	0.0630848
	0.0354744	0.0340605	0.0623943	0.052	0.0613481
	0.0575179	0.0557089	0.0999616	0.0826477	0.0987661
loop 17
	0.0354996	0.0340874	0.0624348	0.0520312	0.0613877
	0.0359664	0.0342162	0.0622103	0.0514236	0.0609252
	0.0354996	0.0340874	0.0624348	0.0520312	0.0613877
	0.0573931	0.0556958	0.0999512	0.0826398	0.0987559
loop 18
	0.0354996	0.0340874	0.0624348	0.0520312	0.0613877
	0.0359692	0.0342188	0.0622228	0.0514283	0.0609373
	0.0354996	0.0340874	0.0624348	0.0520312	0.0613877
	0.0573792	0.0556827	0.0999304	0.082624	0.0987355
loop 19
	0.0354924	0.0340773	0.0624186	0.0520187	0.0613719
	0.0359749	0.0342292	0.0622228	0.0514378	0.0609495
	0.0354924	0.0340773	0.0624186	0.0520187	0.0613719
	0.0573931	0.0556958	0.0999512	0.0826398	0.0987559
loop 20
	0.035496	0.034084	0.0624267	0.0520312	0.0613877
	0.0359692	0.0342214	0.0622103	0.0514283	0.0609313
	0.035496	0.034084	0.0624267	0.0520312	0.0613877
	0.0573931	0.0556958	0.0999512	0.0826398	0.0987559
loop 21
	0.0355176	0.0341042	0.0624672	0.0520624	0.0614194
	0.0359636	0.0342136	0.0622103	0.0514188	0.0609313
	0.0355176	0.0341042	0.0624672	0.0520624	0.0614194
	0.0573792	0.0556871	0.0999304	0.082624	0.0987355
loop 22
	0.035478	0.0340672	0.0624024	0.0520063	0.061364
	0.0359721	0.0342266	0.062204	0.0514236	0.0609313
	0.035478	0.0340672	0.0624024	0.0520063	0.061364
	0.0573931	0.0556958	0.0999408	0.0826319	0.0987559
loop 23
	0.0354744	0.0340605	0.0623862	0.0519938	0.0613481
	0.0359608	0.0342136	0.0621916	0.0514093	0.060913
	0.0354744	0.0340605	0.0623862	0.0519938	0.0613481
	0.0574948	0.0556915	0.0999408	0.0826319	0.0987457
loop 24
	0.0355176	0.0341042	0.0624591	0.0520562	0.0614194
	0.0359552	0.0342084	0.0621916	0.0514093	0.060913
	0.0355176	0.0341042	0.0624591	0.0520562	0.0614194
	0.0573885	0.0556958	0.0999408	0.0826319	0.0987457
loop 25
	0.0354996	0.0340874	0.0624348	0.0520375	0.0613957
	0.0359692	0.0342214	0.0621978	0.0514188	0.0609191
	0.0354996	0.0340874	0.0624348	0.0624348	0.0613957
	0.0573931	0.0557002	0.0999512	0.0826398	0.0987559
loop 26
	0.0354744	0.0340605	0.0623943	0.052	0.0613481
	0.036017	0.0342682	0.0622914	0.0514902	0.0610104
	0.0354744	0.0340605	0.0623943	0.052	0.0613481
	0.0573838	0.0556871	0.0999408	0.082624	0.0987457
loop 27
	0.035514	0.0341009	0.0624591	0.0520499	0.0614115
	0.0366833	0.0349384	0.0643831	0.0535808	0.063104
	0.035514	0.0341009	0.0624591	0.0520499	0.0614115
	0.0573885	0.0556958	0.0999408	0.0826319	0.0987457
loop 28
	0.0355068	0.0340941	0.062451	0.0520437	0.0614036
	0.036017	0.0342708	0.0622789	0.0514855	0.0610043
	0.0355068	0.0340941	0.062451	0.0520437	0.0614036
	0.0573977	0.0557002	0.0999512	0.0826398	0.0987559
loop 29
	0.0354744	0.0340639	0.0623943	0.052	0.0613481
	0.0360226	0.034276	0.0622852	0.051495	0.0610104
	0.0354744	0.0340639	0.0623943	0.052	0.0613481
	0.0573838	0.0556871	0.0999408	0.082624	0.0987457
loop 30
	0.0355068	0.0340941	0.0624429	0.0520437	0.0613957
	0.0360114	0.034263	0.0622665	0.0514759	0.0609921
	0.0355068	0.0340941	0.0624429	0.0624429	0.0613957
	0.0573931	0.0556958	0.0999408	0.0826319	0.0987457
loop 31
	0.0355284	0.0341143	0.0624753	0.0520687	0.0614274
	0.0360086	0.034263	0.0622665	0.0514759	0.0609921
	0.0355284	0.0341143	0.0624753	0.0520687	0.0614274
	0.0573931	0.0557002	0.0999512	0.0826398	0.0987559
loop 32
	0.0354888	0.0340773	0.0624186	0.0520187	0.0613719
	0.0360198	0.0342682	0.0622852	0.0514902	0.0610043
	0.0354888	0.0340773	0.0624186	0.0520187	0.0613719
	0.0573792	0.0556871	0.0999304	0.082624	0.0987355
loop 33
	0.0354744	0.0340639	0.0623943	0.052	0.0613561
	0.0360142	0.0342656	0.0622665	0.0514759	0.060986
	0.0354744	0.0340639	0.0623943	0.052	0.0613561
	0.0575179	0.0557089	0.0999616	0.0826477	0.0987661
loop 34
	0.0355068	0.0340908	0.0624429	0.0520437	0.0614036
	0.0360058	0.0342578	0.0622602	0.0514664	0.0609799
	0.0355068	0.0340908	0.0624429	0.0520437	0.0614036
	0.0573931	0.0556958	0.0999512	0.0826398	0.0987559
loop 35
	0.0354852	0.034074	0.0624186	0.0520187	0.0613719
	0.036031	0.0342838	0.0623226	0.0515188	0.0610408
	0.0354852	0.034074	0.0624186	0.0520187	0.0613719
	0.0573792	0.0556827	0.0999304	0.082624	0.0987355
loop 36
	0.0354816	0.0340672	0.0624105	0.0520063	0.061364
	0.0360367	0.0342864	0.0623039	0.051514	0.0610286
	0.0354816	0.0340672	0.0624024	0.0520063	0.061364
	0.0573931	0.0556958	0.0999512	0.0826398	0.0987559
loop 37
	0.0355104	0.0340975	0.062451	0.0520499	0.0614036
	0.0360367	0.0342864	0.0623164	0.051514	0.0610347
	0.0355104	0.0340975	0.062451	0.0520499	0.0614036
	0.0573931	0.0556958	0.0999512	0.0826398	0.0987559
loop 38
	0.0355068	0.0340908	0.0624429	0.0520437	0.0614036
	0.0359608	0.034211	0.0621853	0.0514093	0.060913
	0.0355068	0.0340908	0.0624429	0.0520437	0.0614036
	0.0573792	0.0556871	0.0999304	0.082624	0.0987355
loop 39
	0.0354888	0.0340773	0.0624105	0.0520187	0.0613719
	0.0367066	0.0349654	0.0644028	0.0535909	0.0631168
	0.0354888	0.0340773	0.0624105	0.0520187	0.0613719
	0.0573931	0.0556958	0.0999408	0.0826319	0.0987559
loop 40
	0.0354996	0.0340874	0.0624348	0.0520375	0.0613957
	0.0370769	0.0353278	0.06336	0.0525623	0.0620792
	0.0354996	0.0340874	0.0624348	0.0520375	0.0613957
	0.0574948	0.0556915	0.0999408	0.0826319	0.0987457
loop 41
	0.0355104	0.0340975	0.062451	0.0520499	0.0614115
	0.0370769	0.0353251	0.0633536	0.0525574	0.062073
	0.0355104	0.0340975	0.062451	0.0520499	0.0614115
	0.0573885	0.0556958	0.0999408	0.0826319	0.0987457
loop 42
	0.0354996	0.034084	0.0624267	0.0520312	0.0613877
	0.0370711	0.0353224	0.0633408	0.0525476	0.0620605
	0.0354996	0.034084	0.0624267	0.0520312	0.0613877
	0.0573931	0.0557002	0.0999512	0.0826398	0.0987559
loop 43
	0.0354888	0.0340773	0.0624186	0.0520187	0.0613798
	0.0370682	0.0353196	0.0633472	0.0525525	0.0620667
	0.0354888	0.0340773	0.0624186	0.0520187	0.0613798
	0.0573838	0.0556871	0.0999408	0.082624	0.0987457
loop 44
	0.0355176	0.0341009	0.0624591	0.0520562	0.0614194
	0.0370711	0.0353224	0.0633536	0.0525574	0.0620792
	0.0355176	0.0341009	0.0624591	0.0520562	0.0614194
	0.0573885	0.0556958	0.0999408	0.0826319	0.0987457
loop 45
	0.0354924	0.0340773	0.0624267	0.052025	0.0613798
	0.0371003	0.0353494	0.0633856	0.0525868	0.0621104
	0.0354924	0.0340773	0.0624267	0.052025	0.0613798
	0.0573977	0.0557002	0.0999512	0.0826398	0.0987559
loop 46
	0.0354672	0.0340538	0.0623781	0.0519875	0.0613402
	0.0371032	0.0353548	0.063392	0.0525917	0.0621104
	0.0354672	0.0340538	0.0623781	0.0519875	0.0613402
	0.0573838	0.0556871	0.0999408	0.082624	0.0987457
loop 47
	0.0355284	0.0341143	0.0624753	0.0520687	0.0614353
	0.0370799	0.0353305	0.0633728	0.0525721	0.0620979
	0.0355284	0.0341143	0.0624753	0.0520687	0.0614353
	0.0573931	0.0556958	0.0999408	0.0826319	0.0987457
loop 48
	0.0355032	0.0340908	0.0624429	0.0520375	0.0613957
	0.037074	0.0353224	0.0633664	0.0525623	0.0620792
	0.0355032	0.0340908	0.0624429	0.0520375	0.0613957
	0.0573931	0.0557002	0.0999512	0.0826398	0.0987559
loop 49
	0.0354888	0.0340773	0.0624105	0.0520187	0.0613719
	0.0370099	0.0352602	0.0632448	0.0524741	0.0619731
	0.0354888	0.0340773	0.0624105	0.0520187	0.0613719
	0.0573792	0.0556871	0.0999304	0.082624	0.0987355
loop 50
	0.0354996	0.034084	0.0624348	0.0520312	0.0613877
	0.0378095	0.0360648	0.0639763	0.0532279	0.0642716
	0.0354996	0.034084	0.0624348	0.0520312	0.0613877
	0.0575179	0.0557089	0.0999616	0.0826477	0.0987661
loop 51
	0.0355176	0.0341009	0.0624591	0.0520562	0.0614194
	0.0371032	0.0353548	0.0634048	0.0526064	0.0621292
	0.0355176	0.0341009	0.0624591	0.0520562	0.0614194
	0.0573931	0.0556958	0.0999512	0.0826398	0.0987559
loop 52
	0.0354816	0.0340672	0.0624024	0.0520063	0.061364
	0.0371119	0.0353602	0.0634176	0.0526113	0.0621416
	0.0354816	0.0340672	0.0624024	0.0520063	0.061364
	0.0573792	0.0556827	0.0999304	0.082624	0.0987355
loop 53
	0.035496	0.034084	0.0624267	0.0520312	0.0613877
	0.0370828	0.0353359	0.0633792	0.052577	0.0621042
	0.035496	0.034084	0.0624267	0.0520312	0.0613877
	0.0573931	0.0556958	0.0999512	0.0826398	0.0987559
loop 54
	0.0355212	0.0341076	0.0624672	0.0520624	0.0614274
	0.0370944	0.035344	0.0633856	0.0525819	0.0621042
	0.0355212	0.0341076	0.0624672	0.0520624	0.0614274
	0.0573931	0.0556958	0.0999512	0.0826398	0.0987559
loop 55
	0.0354888	0.034074	0.0624186	0.0520187	0.0613798
	0.0370974	0.0353467	0.0634048	0.0525966	0.0621167
	0.0354888	0.034074	0.0624186	0.0520187	0.0613798
	0.0573792	0.0556871	0.0999304	0.082624	0.0987355
loop 56
	0.0354744	0.0340605	0.0623943	0.052	0.0613481
	0.0370799	0.0353305	0.0633664	0.0525672	0.0620855
	0.0354744	0.0340605	0.0623943	0.052	0.0613481
	0.0573931	0.0556958	0.0999408	0.0826319	0.0987559
loop 57
	0.0355032	0.0340908	0.0624348	0.0520375	0.0613957
	0.0370828	0.0353332	0.06336	0.0525672	0.0620792
	0.0355068	0.0340908	0.0624348	0.0520375	0.0613957
	0.0574948	0.0556915	0.0999408	0.0826319	0.0987457
loop 58
	0.0354888	0.0340773	0.0624186	0.0520187	0.0613798
	0.0371382	0.0340393	0.061892	0.0526505	0.0621853
	0.0354888	0.0340773	0.0624186	0.0520187	0.0613798
	0.0573885	0.0556958	0.0999408	0.0826319	0.0987457
loop 59
	0.0354888	0.0340773	0.0624186	0.0520187	0.0613719
	0.0371207	0.0353683	0.0634432	0.0526309	0.0621604
	0.0354888	0.0340773	0.0624186	0.0520187	0.0613719
	0.0573931	0.0557002	0.0999512	0.0826398	0.0987559
loop 60
	0.0354924	0.0340773	0.0624267	0.052025	0.0613798
	0.0370332	0.0352872	0.063296	0.0525084	0.0620168
	0.0354924	0.0340773	0.0624267	0.052025	0.0613798
	0.0573838	0.0556871	0.0999408	0.082624	0.0987457
loop 61
	0.035514	0.0341009	0.0624591	0.0520499	0.0614115
	0.0378579	0.0361097	0.0640616	0.0533035	0.0643634
	0.035514	0.0341009	0.0624591	0.0520499	0.0614115
	0.0573885	0.0556958	0.0999408	0.0826319	0.0987457
loop 62
	0.0354852	0.034074	0.0624105	0.0520125	0.0613719
	0.0371148	0.0353656	0.0634112	0.0526113	0.0621354
	0.0354852	0.034074	0.0624105	0.0520125	0.0613719
	0.0573977	0.0557002	0.0999512	0.0826398	0.0987559
loop 63
	0.0354924	0.0340773	0.0624267	0.052025	0.0613798
	0.0371061	0.0353575	0.0634048	0.0526015	0.0621229
	0.0354924	0.0340773	0.0624267	0.052025	0.0613798
	0.0573838	0.0556871	0.0999408	0.082624	0.0987457
loop 64
	0.0355068	0.0340941	0.0624429	0.0520437	0.0614036
	0.0371586	0.0354062	0.0619232	0.0526848	0.0622228
	0.0355068	0.0340941	0.0624429	0.0520437	0.0614036
	0.0573931	0.0556958	0.0999408	0.0826319	0.0987457
loop 65
	0.035496	0.034084	0.0624267	0.0520312	0.0613877
	0.0371644	0.0340627	0.0619045	0.051176	0.0621978
	0.035496	0.034084	0.0624267	0.0520312	0.0613877
	0.0573931	0.0557002	0.0999512	0.0826398	0.0987559
loop 66
	0.035478	0.0340672	0.0624024	0.0520063	0.0613561
	0.0371673	0.0340679	0.061917	0.0511855	0.0622165
	0.035478	0.0340672	0.0624024	0.0520063	0.0613561
	0.0573792	0.0556871	0.0999304	0.082624	0.0987355
loop 67
	0.0355212	0.0341076	0.0624672	0.0520624	0.0614194
	0.0371353	0.0353818	0.0634624	0.0526505	0.0621853
	0.0355212	0.0341076	0.0624672	0.0520624	0.0614194
	0.0575041	0.0557089	0.0999616	0.0826477	0.0987661
loop 68
	0.035496	0.034084	0.0624348	0.052025	0.0613877
	0.0371119	0.0353575	0.0634304	0.0526211	0.0621541
	0.035496	0.034084	0.0624348	0.0520312	0.0613877
	0.0573931	0.0556958	0.0999512	0.0826398	0.0987559
loop 69
	0.0354744	0.0340605	0.0623943	0.052	0.0613561
	0.0371353	0.0353845	0.063456	0.0526407	0.0621728
	0.0354744	0.0340605	0.0623943	0.052	0.0613561
	0.0573792	0.0556827	0.0999304	0.082624	0.0987355
loop 70
	0.0354996	0.0340874	0.0624348	0.0520375	0.0613957
	0.0371323	0.0353764	0.063456	0.0526407	0.0621791
	0.0354996	0.0340874	0.0624348	0.0520375	0.0613957
	0.0573931	0.0556958	0.0999512	0.0826398	0.0987559
loop 71
	0.0355248	0.034111	0.0624753	0.0520687	0.0614274
	0.0370507	0.035298	0.0633216	0.052528	0.0620418
	0.0355248	0.034111	0.0624753	0.0520687	0.0614274
	0.0573931	0.0556958	0.0999512	0.0826398	0.0987559
loop 72
	0.0354852	0.034074	0.0624105	0.0520125	0.0613719
	0.0378397	0.0360928	0.0640157	0.0532733	0.0627392
	0.0354852	0.034074	0.0624105	0.0520125	0.0613719
	0.0573792	0.0556871	0.0999304	0.082624	0.0987355
loop 73
	0.0354888	0.0340773	0.0624186	0.0520187	0.0613798
	0.0359496	0.0342031	0.0621666	0.0513902	0.0608887
	0.0354888	0.0340773	0.0624186	0.0520187	0.0613798
	0.0573931	0.0556958	0.0999408	0.0826319	0.0987559
loop 74
	0.0355068	0.0340941	0.0624429	0.0520437	0.0614036
	0.0359833	0.0342344	0.0622228	0.0514426	0.0609495
	0.0355068	0.0340941	0.0624429	0.0520437	0.0614036
	0.0574948	0.0556915	0.0999408	0.0826319	0.0987457
loop 75
	0.0354816	0.0340672	0.0624105	0.0520063	0.061364
	0.0359749	0.0342266	0.0622228	0.0514283	0.0609434
	0.0354816	0.0340672	0.0624105	0.0520063	0.061364
	0.0573885	0.0556958	0.0999408	0.0826319	0.0987457
loop 76
	0.0354852	0.034074	0.0624105	0.0520125	0.061364
	0.0359496	0.0342031	0.0621916	0.0514093	0.0609191
	0.0354852	0.034074	0.0624105	0.0520125	0.061364
	0.0573931	0.0557002	0.0999512	0.0826398	0.0987559
loop 77
	0.0355104	0.0340975	0.062451	0.0520499	0.0614036
	0.0359636	0.0342162	0.0621978	0.0514188	0.0609252
	0.0355104	0.0340975	0.062451	0.0520499	0.0614036
	0.0573838	0.0556871	0.0999408	0.082624	0.0987457
loop 78
	0.0354996	0.034084	0.0624348	0.0520312	0.0613957
	0.0359721	0.034224	0.062204	0.0514236	0.0609313
	0.0354996	0.034084	0.0624348	0.0520312	0.0613957
	0.0573885	0.0556958	0.0999408	0.0826319	0.0987457
loop 79
	0.0354744	0.0340639	0.0623943	0.052	0.0613561
	0.0359552	0.0342084	0.0621916	0.0514045	0.060913
	0.0354744	0.0340639	0.0623943	0.052	0.0613561
	0.0573977	0.0557002	0.0999512	0.0826398	0.0987559
loop 80
	0.0354924	0.0340807	0.0624267	0.052025	0.0613877
	0.0359749	0.0342292	0.0622103	0.0514283	0.0609373
	0.0354924	0.0340807	0.0624267	0.052025	0.0613877
	0.0573838	0.0556871	0.0999408	0.082624	0.0987457
loop 81
	0.0355104	0.0340975	0.062451	0.0520437	0.0614036
	0.0359833	0.0342344	0.0622415	0.0514474	0.0609617
	0.0355104	0.0340975	0.062451	0.0520437	0.0614036
	0.0573931	0.0556958	0.0999408	0.0826319	0.0987457
loop 82
	0.0354924	0.0340807	0.0624186	0.052025	0.0613798
	0.0359805	0.0342318	0.062229	0.0514426	0.0609495
	0.0354924	0.0340807	0.0624186	0.052025	0.0613798
	0.0573931	0.0557002	0.0999512	0.0826398	0.0987559
loop 83
	0.0354924	0.0340807	0.0624267	0.052025	0.0613798
	0.0366512	0.034914	0.064324	0.0535354	0.0630464
	0.0354924	0.0340807	0.0624267	0.052025	0.0613798
	0.0573792	0.0556871	0.0999304	0.082624	0.0987355
loop 84
	0.0355176	0.0341042	0.0624591	0.0520562	0.0614194
	0.0360058	0.0342578	0.0622665	0.0514759	0.0609921
	0.0355176	0.0341042	0.0624591	0.0520562	0.0614194
	0.0575041	0.0557089	0.0999616	0.0826477	0.0987661
loop 85
	0.0354888	0.0340773	0.0624186	0.0520187	0.0613798
	0.0360142	0.0342682	0.0622727	0.0514807	0.0609982
	0.0354888	0.0340773	0.0624186	0.0520187	0.0613798
	0.0573931	0.0556958	0.0999512	0.0826398	0.0987559
loop 86
	0.0354708	0.0340571	0.0623862	0.0519938	0.0613402
	0.0359945	0.03425	0.0622415	0.0514521	0.0609617
	0.0354708	0.0340571	0.0623862	0.0519938	0.0613402
	0.0573792	0.0556827	0.0999304	0.082624	0.0987355
loop 87
	0.0355284	0.0341143	0.0624753	0.0520687	0.0614353
	0.0359777	0.0342266	0.0622477	0.0514521	0.0609678
	0.0355284	0.0341143	0.0624753	0.0520687	0.0614353
	0.0573931	0.0556958	0.0999512	0.0826398	0.0987559
loop 88
	0.035514	0.0341009	0.062451	0.0520499	0.0614115
	0.0359777	0.0342344	0.0622165	0.0514331	0.0609373
	0.035514	0.0341009	0.062451	0.0520499	0.0614115
	0.0573931	0.0556958	0.0999512	0.0826398	0.0987559
loop 89
	0.0354744	0.0340605	0.0623943	0.052	0.0613561
	0.0359692	0.0342266	0.0621978	0.0514188	0.0609191
	0.035478	0.0340605	0.0623943	0.052	0.0613561
	0.0573792	0.0556871	0.0999304	0.082624	0.0987355
loop 90
	0.0354888	0.0340773	0.0624186	0.052025	0.0613798
	0.0359861	0.0342396	0.062229	0.0514426	0.0609495
	0.0354888	0.0340773	0.0624186	0.052025	0.0613798
	0.0573931	0.0556958	0.0999408	0.0826319	0.0987559
loop 91
	0.0355068	0.0340941	0.062451	0.0520437	0.0614036
	0.0359777	0.0342318	0.0622165	0.0514378	0.0609495
	0.0355068	0.0340941	0.062451	0.0520437	0.0614036
	0.0574948	0.0556915	0.0999408	0.0826319	0.0987457
loop 92
	0.035478	0.0340639	0.0624024	0.052	0.0613561
	0.0359861	0.0342396	0.0622228	0.0514426	0.0609556
	0.035478	0.0340639	0.0624024	0.052	0.0613561
	0.0573885	0.0556958	0.0999408	0.0826319	0.0987457
loop 93
	0.0355032	0.0340874	0.0624348	0.0520375	0.0613957
	0.0359749	0.0342266	0.0622165	0.0514331	0.0609434
	0.0355032	0.0340874	0.0624348	0.0520375	0.0613957
	0.0573931	0.0557002	0.0999512	0.0826398	0.0987559
loop 94
	0.0355284	0.0341177	0.0624753	0.0520687	0.0614353
	0.0366658	0.0349249	0.0643372	0.0535354	0.0630464
	0.0355284	0.0341177	0.0624753	0.0520687	0.0614353
	0.0573838	0.0556871	0.0999408	0.082624	0.0987457
loop 95
	0.0354852	0.034074	0.0624186	0.0520187	0.0613719
	0.0360114	0.0342656	0.0622602	0.0514759	0.060986
	0.0354852	0.034074	0.0624186	0.0520187	0.0613719
	0.0573885	0.0556958	0.0999408	0.0826319	0.0987457
loop 96
	0.035478	0.0340672	0.0624024	0.0520063	0.0613561
	0.036003	0.0342526	0.0622602	0.0514664	0.0609799
	0.035478	0.0340672	0.0624024	0.0520063	0.0613561
	0.0573977	0.0557002	0.0999512	0.0826398	0.0987559
loop 97
	0.0355104	0.0340975	0.0624429	0.0520437	0.0614036
	0.0360001	0.0342526	0.0622415	0.0514569	0.0609617
	0.0355104	0.0340975	0.0624429	0.0520437	0.0614036
	0.0573838	0.0556871	0.0999408	0.082624	0.0987457
loop 98
	0.035496	0.034084	0.0624348	0.0520312	0.0613877
	0.0360339	0.0342864	0.0622977	0.0515045	0.0610225
	0.035496	0.034084	0.0624348	0.0520312	0.0613877
	0.0573931	0.0556958	0.0999408	0.0826319	0.0987457
loop 99
	0.0354816	0.0340706	0.0624024	0.0520063	0.061364
	0.0360254	0.034276	0.0622977	0.0515045	0.0610225
	0.0354816	0.0340706	0.0624024	0.0520063	0.061364
	0.0573931	0.0557002	0.0999512	0.0826398	0.0987559
loop 100
	0.0354924	0.0340773	0.0624186	0.052025	0.0613798
	0.0360114	0.0342656	0.0622727	0.0514807	0.0609921
	0.0354924	0.0340773	0.0624186	0.052025	0.0613798
	0.0573792	0.0556871	0.0999304	0.082624	0.0987355
loop 101
	0.0355068	0.0340941	0.062451	0.0520437	0.0614036
	0.0360058	0.0342578	0.0622602	0.0514664	0.060986
	0.0355068	0.0340941	0.062451	0.0520437	0.0614036
	0.0575087	0.0557089	0.0999616	0.0826477	0.0987661
loop 102
	0.0354852	0.0340706	0.0624105	0.0520125	0.061364
	0.0359973	0.03425	0.062254	0.0514616	0.0609738
	0.0354852	0.0340706	0.0624105	0.0520125	0.061364
	0.0573931	0.0556958	0.0999512	0.0826398	0.0987559
loop 103
	0.035496	0.034084	0.0624267	0.0520312	0.0613877
	0.0360001	0.03425	0.062254	0.0514664	0.0609799
	0.035496	0.034084	0.0624267	0.0520312	0.0613877
	0.0573792	0.0556827	0.0999304	0.082624	0.0987355
loop 104
	0.035514	0.0341009	0.0624591	0.0520499	0.0614115
	0.0360058	0.0342552	0.0622852	0.0514807	0.0609982
	0.035514	0.0341009	0.0624591	0.0520499	0.0614115
	0.0573931	0.0556958	0.0999512	0.0826398	0.0987559
loop 105
	0.0354924	0.0340807	0.0624267	0.052025	0.0613798
	0.0367095	0.0349654	0.0644028	0.053601	0.0631168
	0.0354924	0.0340807	0.0624267	0.052025	0.0613798
	0.0573931	0.0556958	0.0999512	0.0826398	0.0987559
loop 106
	0.035478	0.0340672	0.0624024	0.0520063	0.0613561
	0.0359692	0.034224	0.0622165	0.0514283	0.0609373
	0.035478	0.0340672	0.0624024	0.0520063	0.0613561
	0.0573792	0.0556871	0.0999304	0.082624	0.0987355
loop 107
	0.0355284	0.0341143	0.0624753	0.0520749	0.0614353
	0.035958	0.034211	0.0622103	0.0514188	0.0609373
	0.0355284	0.0341143	0.0624753	0.0520749	0.0614353
	0.0573931	0.0556958	0.0999408	0.0826319	0.0987559
loop 108
	0.0355068	0.0340941	0.0624429	0.0520437	0.0614036
	0.035958	0.034211	0.062204	0.0514188	0.0609252
	0.0355068	0.0340941	0.0624429	0.0520437	0.0614036
	0.0574948	0.0556915	0.0999408	0.0826319	0.0987457
loop 109
	0.0354672	0.0340538	0.0623862	0.0519875	0.0613402
	0.0359608	0.0342136	0.062204	0.0514188	0.0609252
	0.0354672	0.0340538	0.0623862	0.0519875	0.0613402
	0.0573885	0.0556958	0.0999408	0.0826319	0.0987457
loop 110
	0.0355068	0.0340908	0.0624429	0.0520375	0.0613957
	0.0360001	0.03425	0.0622665	0.0514712	0.060986
	0.0355068	0.0340908	0.0624429	0.0520375	0.0613957
	0.0573931	0.0557002	0.0999512	0.0826398	0.0987559
loop 111
	0.035514	0.0341009	0.0624591	0.0520499	0.0614115
	0.0359664	0.0342214	0.0622165	0.0514283	0.0609373
	0.035514	0.0341009	0.0624591	0.0520499	0.0614115
	0.0573838	0.0556871	0.0999408	0.082624	0.0987457
loop 112
	0.0354816	0.0340706	0.0624105	0.0520125	0.061364
	0.0359777	0.0342292	0.0622228	0.0514378	0.0609434
	0.0354816	0.0340706	0.0624105	0.0520125	0.061364
	0.0573885	0.0556958	0.0999408	0.0826319	0.0987457
loop 113
	0.0354924	0.0340807	0.0624267	0.052025	0.0613798
	0.0359917	0.0342448	0.0622477	0.0514569	0.0609678
	0.0354924	0.0340807	0.0624267	0.052025	0.0613798
	0.0573977	0.0557002	0.0999512	0.0826398	0.0987559
loop 114
	0.0355104	0.0340975	0.062451	0.0520437	0.0614036
	0.0359917	0.0342448	0.0622477	0.0514616	0.0609738
	0.0355104	0.0340975	0.062451	0.0520437	0.0614036
	0.0573838	0.0556871	0.0999408	0.082624	0.0987457
loop 115
	0.035478	0.0340639	0.0624024	0.0520063	0.0613561
	0.0360114	0.0342604	0.0622914	0.0514902	0.0610104
	0.035478	0.0340639	0.0624024	0.0520063	0.0613561
	0.0573931	0.0556958	0.0999408	0.0826319	0.0987457
loop 116
	0.0354888	0.0340773	0.0624105	0.0520187	0.0613719
	0.0359271	0.0341823	0.0621541	0.0513807	0.0608826
	0.0354888	0.0340773	0.0624105	0.0520187	0.0613719
	0.0573931	0.0557002	0.0999512	0.0826398	0.0987559
loop 117
	0.0355356	0.0341211	0.0624834	0.050771	0.0614432
	0.0366716	0.034933	0.0643568	0.0535505	0.063072
	0.0355356	0.0341211	0.0624834	0.050771	0.0614432
	0.0573792	0.0556871	0.0999304	0.082624	0.0987355
loop 118
	0.0355068	0.0340908	0.0624429	0.0520437	0.0614036
	0.0360058	0.0342604	0.062254	0.0514664	0.0609799
	0.0355068	0.0340908	0.0624429	0.0520437	0.0614036
	0.0575087	0.0557089	0.0999616	0.0826477	0.0987661
loop 119
	0.0354744	0.0340605	0.0623943	0.052	0.0613481
	0.0359749	0.0342292	0.062229	0.0514426	0.0609556
	0.0354744	0.0340605	0.0623943	0.052	0.0613481
	0.0573931	0.0556958	0.0999512	0.0826398	0.0987559
loop 120
	0.0354996	0.0340874	0.0624348	0.0520312	0.0613877
	0.0359552	0.0342084	0.0621853	0.0514045	0.0609069
	0.0354996	0.0340874	0.0624348	0.0520312	0.0613877
	0.0573792	0.0556827	0.0999304	0.082624	0.0987355
loop 121
	0.0354996	0.0340874	0.0624348	0.0520312	0.0613877
	0.035958	0.034211	0.0621791	0.0513998	0.0609008
	0.0354996	0.0340874	0.0624348	0.0520312	0.0613877
	0.0573931	0.0556958	0.0999512	0.0826398	0.0987559
loop 122
	0.0354924	0.0340773	0.0624186	0.0520187	0.0613719
	0.0359552	0.034211	0.0621916	0.0514093	0.060913
	0.0354924	0.0340773	0.0624186	0.0520187	0.0613719
	0.0573931	0.0556958	0.0999512	0.0826398	0.0987559
loop 123
	0.035496	0.034084	0.0624267	0.0520312	0.0613877
	0.0359861	0.0342422	0.0622353	0.0514474	0.0609617
	0.035496	0.034084	0.0624267	0.0520312	0.0613877
	0.0573792	0.0556871	0.0999304	0.082624	0.0987355
loop 124
	0.0355176	0.0341042	0.0624672	0.0520624	0.0614194
	0.0359721	0.0342266	0.0622165	0.0514331	0.0609434
	0.0355176	0.0341042	0.0624672	0.0520624	0.0614194
	0.0573931	0.0556958	0.0999408	0.0826319	0.0987559
loop 125
	0.035478	0.0340672	0.0624024	0.0520063	0.061364
	0.0359692	0.0342214	0.0622165	0.0514236	0.0609373
	0.035478	0.0340672	0.0624024	0.0520063	0.061364
	0.0574948	0.0556915	0.0999408	0.0826319	0.0987457
loop 126
	0.0354744	0.0340605	0.0623862	0.0519938	0.0613481
	0.0359889	0.0342422	0.0622415	0.0514521	0.0609617
	0.0354744	0.0340605	0.0623862	0.0519938	0.0613481
	0.0573885	0.0556958	0.0999408	0.0826319	0.0987457
loop 127
	0.0355176	0.0341042	0.0624591	0.0520562	0.0614194
	0.0359046	0.0341589	0.0621042	0.0513426	0.0608339
	0.0355176	0.0341042	0.0624591	0.0520562	0.0614194
	0.0573931	0.0557002	0.0999512	0.0826398	0.0987559

work load: wupwise.mips mcf.mips wupwise.mips gap.mips
