loop 0
	0.0430682	0.040035	0.0728148	0.0608	0.0731461
	0.0401813	0.0386136	0.0712505	0.0583142	0.0700227
	0.0424013	0.0407429	0.0710809	0.0594539	0.0696365
	0.115847	0.110122	0.199781	0.16598	0.198243
loop 1
	0.0419245	0.0402612	0.0731792	0.0596016	0.0719118
	0.0401467	0.0385812	0.0696672	0.0582617	0.0699634
	0.0429328	0.0412867	0.0728727	0.0612611	0.0729103
	0.115847	0.110122	0.199768	0.16597	0.198203
loop 2
	0.0420845	0.0390594	0.0718389	0.05982	0.0705761
	0.0414403	0.0385668	0.0711553	0.0582354	0.0699296
	0.0412994	0.03969	0.0694421	0.0580398	0.0695482
	0.115841	0.110111	0.199781	0.16597	0.198203
loop 3
	0.042092	0.0390695	0.0718389	0.0598262	0.0705761
	0.0414761	0.0385992	0.0712764	0.0583207	0.0700396
	0.0431168	0.0414599	0.0732773	0.0601481	0.0717926
	0.115882	0.110155	0.199822	0.165991	0.198269
loop 4
	0.042118	0.0390897	0.0718713	0.0598512	0.0706078
	0.0403428	0.038772	0.0699634	0.0585241	0.0687571
	0.0431887	0.0415233	0.0719401	0.0602782	0.0719585
	0.115876	0.11015	0.199795	0.166001	0.198269
loop 5
	0.0420994	0.0390729	0.0718308	0.05982	0.0705682
	0.0405196	0.037654	0.0687406	0.0573376	0.0690387
	0.0430989	0.0414304	0.0733055	0.0615791	0.0733243
	0.115876	0.11015	0.199795	0.16598	0.198256
loop 6
	0.0418836	0.040223	0.0730964	0.0595329	0.0718308
	0.0417499	0.0388548	0.0717002	0.0586816	0.0704713
	0.0438263	0.0421748	0.0738836	0.0622247	0.0739028
	0.115853	0.110128	0.199768	0.16596	0.198216
loop 7
	0.0429798	0.0399549	0.0742716	0.0606784	0.072997
	0.0414086	0.038538	0.0711121	0.0582026	0.0698872
	0.0447867	0.0431303	0.0748698	0.0631988	0.0748894
	0.115835	0.110106	0.199781	0.16596	0.19823
loop 8
	0.0420733	0.0390527	0.0717822	0.0597825	0.0721143
	0.0405119	0.0389376	0.070302	0.057376	0.0690884
	0.0402678	0.0386437	0.0684568	0.0570195	0.0685433
	0.115847	0.110122	0.199781	0.16597	0.19823
loop 9
	0.0420696	0.040404	0.0718065	0.0597888	0.0721305
	0.0403928	0.0388188	0.070065	0.0571648	0.0688482
	0.0440575	0.0423752	0.074383	0.0611871	0.0728727
	0.115876	0.110144	0.199808	0.166011	0.198269
loop 10
	0.0420064	0.0403413	0.0717093	0.0597076	0.0720333
	0.0404004	0.0388296	0.070065	0.0571776	0.0688565
	0.0450153	0.0433323	0.0754285	0.0621793	0.0754187
	0.11587	0.110144	0.199795	0.166001	0.198269
loop 11
	0.0420473	0.0403796	0.071766	0.0597576	0.0720981
	0.0415475	0.038664	0.0714321	0.0584388	0.0701835
	0.0448201	0.0431483	0.0750169	0.0632995	0.0750267
	0.115876	0.11015	0.199781	0.165991	0.198243
loop 12
	0.0421031	0.0390762	0.0718632	0.0598387	0.070592
	0.0405465	0.0376783	0.070302	0.0573696	0.0690801
	0.0422793	0.0393844	0.0706116	0.0591293	0.0707018
	0.115859	0.110133	0.199795	0.16597	0.19823
loop 13
	0.042051	0.0403866	0.0717498	0.0597513	0.0720819
	0.0404735	0.038898	0.0701835	0.0572736	0.0689642
	0.0449486	0.0432605	0.0753109	0.0620885	0.0737971
	0.118591	0.112909	0.20515	0.171509	0.200133
loop 14
	0.0429336	0.0399097	0.0742124	0.0606208	0.0729308
	0.0402428	0.0386712	0.069828	0.0583995	0.0701242
	0.0442054	0.0425102	0.0732491	0.0614534	0.0732208
	0.115859	0.110133	0.199768	0.16596	0.198216
loop 15
	0.0418947	0.0402334	0.0731047	0.0595391	0.0718389
	0.0406349	0.0377619	0.068931	0.0574976	0.0692292
	0.0451343	0.042153	0.0741333	0.062361	0.0741141
	0.115882	0.110155	0.199781	0.165991	0.198256
loop 16
	0.0422296	0.0391973	0.0720333	0.0599885	0.0707662
	0.03945	0.0378733	0.0691215	0.0576512	0.0678942
	0.0423273	0.0394241	0.070747	0.059221	0.0708192
	0.115876	0.110155	0.199808	0.16598	0.198256
loop 17
	0.0430566	0.0400245	0.0727734	0.0607616	0.0730964
	0.0403697	0.0387972	0.0700227	0.0571328	0.0687985
	0.0448962	0.0432021	0.0753403	0.0620809	0.0737971
	0.115876	0.11015	0.199795	0.165991	0.198256
loop 18
	0.0419468	0.0402821	0.0732206	0.0596265	0.0719361
	0.0409799	0.039424	0.0719339	0.0590502	0.0707229
	0.0440528	0.042349	0.0746327	0.062747	0.0745847
	0.115859	0.110133	0.199781	0.16598	0.198256
loop 19
	0.0421366	0.0391099	0.0719037	0.0598824	0.0706395
	0.0411268	0.039558	0.0707229	0.059299	0.0710169
	0.0458591	0.0428789	0.07631	0.0630516	0.0747718
	0.115859	0.110133	0.199768	0.16596	0.198216
loop 20
	0.0420324	0.0403692	0.0717417	0.0597389	0.0720738
	0.0413609	0.0384948	0.0710256	0.0581305	0.0698026
	0.0440344	0.041105	0.0740949	0.0610022	0.0726281
	0.115847	0.110122	0.199781	0.16596	0.19823
loop 21
	0.0419617	0.0402961	0.0732703	0.059664	0.0719847
	0.0414403	0.0385704	0.071164	0.058242	0.069938
	0.0439557	0.042275	0.0742389	0.0610614	0.0727316
	0.115882	0.110161	0.199822	0.165991	0.198269
loop 22
	0.0419282	0.0402682	0.0731709	0.0595891	0.0719037
	0.0403774	0.0388008	0.0700481	0.057152	0.0688234
	0.0459669	0.0442563	0.07667	0.0632995	0.0750855
	0.115876	0.110155	0.199795	0.166001	0.198269
loop 23
	0.0421329	0.0391031	0.0718875	0.0598637	0.0706236
	0.0414562	0.0398817	0.0711986	0.0597158	0.0699804
	0.0459032	0.0442054	0.0765	0.0631756	0.07646
	0.115876	0.11015	0.199795	0.165991	0.198269
loop 24
	0.0420361	0.0403726	0.0717336	0.0597264	0.0720576
	0.040239	0.0386712	0.071337	0.0583995	0.0701242
	0.047558	0.0458689	0.0795251	0.0661818	0.0779572
	0.115853	0.110128	0.199768	0.16596	0.198216
loop 25
	0.0417422	0.0400907	0.0728645	0.0608512	0.0715959
	0.0403658	0.0387936	0.0700057	0.0585635	0.0687903
	0.0422009	0.0405504	0.0707109	0.0591504	0.070756
	0.115853	0.110128	0.199781	0.16596	0.19823
loop 26
	0.0420287	0.0403622	0.0717498	0.0597389	0.0720738
	0.040289	0.038718	0.0698788	0.0584519	0.0686661
	0.0460698	0.043054	0.0753697	0.0634776	0.0753011
	0.115859	0.110133	0.199768	0.16597	0.19823
loop 27
	0.0409104	0.0392512	0.0721467	0.0600821	0.0708692
	0.0413292	0.0384624	0.0710429	0.0581305	0.0698111
	0.0468914	0.0438818	0.0775888	0.0642155	0.0775276
	0.115882	0.110155	0.199795	0.166001	0.198269
loop 28
	0.0418538	0.0401916	0.0730881	0.0610304	0.0718146
	0.039331	0.0377584	0.0689228	0.0574848	0.0677079
	0.0476306	0.0459277	0.0781965	0.0663308	0.0781444
	0.115882	0.110155	0.199795	0.166001	0.198269
loop 29
	0.0421515	0.03912	0.0719199	0.0598886	0.0706474
	0.0403812	0.0388116	0.0700481	0.057152	0.0688234
	0.0421617	0.0405012	0.0707109	0.0591222	0.070747
	0.115876	0.11015	0.199781	0.16598	0.198256
loop 30
	0.0419878	0.0403274	0.073262	0.0596702	0.0719847
	0.0401775	0.03861	0.069718	0.0583142	0.0700142
	0.045913	0.0441916	0.07673	0.0647542	0.07665
	0.11587	0.110144	0.199808	0.16597	0.198256
loop 31
	0.0419245	0.0402612	0.0731626	0.0595891	0.0718875
	0.0413609	0.0384984	0.0710342	0.058137	0.0698195
	0.0478639	0.0448391	0.078675	0.0652536	0.0786022
	0.115853	0.110128	0.199781	0.16597	0.19823
loop 32
	0.0419245	0.0402647	0.0731626	0.0595828	0.0718875
	0.0404158	0.0388404	0.0700988	0.0571968	0.0688731
	0.0467502	0.0437615	0.0772012	0.0653832	0.0771706
	0.115847	0.110122	0.199768	0.16596	0.19823
loop 33
	0.0420138	0.0403518	0.0716769	0.0596952	0.072009
	0.0412776	0.0384192	0.0709045	0.0580255	0.0696841
	0.0439003	0.0422184	0.0742005	0.0624291	0.0726845
	0.115859	0.110133	0.199768	0.16596	0.198216
loop 34
	0.0418203	0.0401673	0.0729722	0.0609408	0.0717012
	0.0400891	0.0385236	0.0710861	0.0581829	0.0698703
	0.0478431	0.044801	0.0787999	0.0653184	0.0787063
	0.115882	0.110155	0.199781	0.165991	0.198256
loop 35
	0.0418092	0.0401464	0.0730219	0.0609728	0.0717417
	0.0422052	0.0393384	0.0718632	0.0589695	0.0706277
	0.0477395	0.0447106	0.0785606	0.0665875	0.0784774
	0.115876	0.110155	0.199808	0.16598	0.198256
loop 36
	0.0419915	0.0403274	0.0717012	0.0596889	0.0720171
	0.0410395	0.0394798	0.0720311	0.0591309	0.0708094
	0.0448439	0.0431797	0.0749678	0.063284	0.0749875
	0.115876	0.11015	0.199795	0.165991	0.198256
loop 37
	0.041891	0.0402264	0.0731129	0.0595516	0.0718389
	0.0413927	0.0385272	0.0710948	0.0581829	0.0698619
	0.0465183	0.0448105	0.0771094	0.0652293	0.077038
	0.115859	0.110133	0.199781	0.16598	0.198256
loop 38
	0.0419357	0.0402717	0.0732123	0.0596203	0.0719361
	0.0403466	0.0387756	0.0699888	0.0585504	0.0687737
	0.0468158	0.0450771	0.077803	0.0657558	0.0776908
	0.115859	0.110133	0.199768	0.16596	0.198216
loop 39
	0.040968	0.039305	0.0722277	0.0586376	0.0709563
	0.0401852	0.0386208	0.0712332	0.058301	0.0700142
	0.0474336	0.045717	0.0796948	0.0662149	0.0795993
	0.115847	0.110122	0.199781	0.16596	0.19823
loop 40
	0.0409644	0.0393016	0.0722277	0.0586376	0.0709563
	0.0412895	0.0397217	0.0709391	0.0595007	0.0712418
	0.0450391	0.0420877	0.0737779	0.0621188	0.0737971
	0.115882	0.110161	0.199822	0.165991	0.198269
loop 41
	0.0409176	0.0392545	0.0721467	0.0600883	0.0708771
	0.0403043	0.038736	0.0699211	0.0584848	0.0702258
	0.0466494	0.0449105	0.0775684	0.0655452	0.0774562
	0.115876	0.110155	0.199795	0.166001	0.198269
loop 42
	0.0429067	0.0398818	0.07417	0.0605824	0.0728894
	0.0404004	0.038826	0.070065	0.0571712	0.0688482
	0.0488456	0.0457807	0.07996	0.0678728	0.0798433
	0.115876	0.11015	0.199795	0.165991	0.198269
loop 43
	0.0419245	0.0402612	0.0731709	0.0595953	0.0718956
	0.0402275	0.0386532	0.0698449	0.058406	0.0701327
	0.0484992	0.0467704	0.0809361	0.0673904	0.080828
	0.115853	0.110128	0.199768	0.16596	0.198216
loop 44
	0.041824	0.0401673	0.0730219	0.0609728	0.0717417
	0.0402544	0.0386856	0.069828	0.058406	0.0701242
	0.0440205	0.0423447	0.0727786	0.0611131	0.072788
	0.115853	0.110128	0.199781	0.16596	0.19823
loop 45
	0.0421552	0.0391233	0.0719361	0.0599074	0.0706632
	0.0409482	0.0393905	0.0718985	0.0590165	0.0706796
	0.0487124	0.046962	0.0798115	0.0677289	0.0796842
	0.115859	0.110133	0.199768	0.16597	0.19823
loop 46
	0.0419357	0.0402717	0.0731958	0.059614	0.0719199
	0.0412776	0.0384156	0.0709132	0.0594738	0.0696926
	0.0496618	0.0479157	0.0823457	0.0686904	0.0822134
	0.115882	0.110155	0.199795	0.166001	0.198269
loop 47
	0.0419022	0.0402473	0.0731047	0.0595516	0.0718389
	0.0404273	0.0388476	0.0701666	0.058675	0.068931
	0.0504	0.0486591	0.0829554	0.0693538	0.0828206
	0.115882	0.110155	0.199795	0.166001	0.198269
loop 48
	0.0420213	0.0403622	0.0717012	0.0597076	0.0720333
	0.0403466	0.0387792	0.0699804	0.0585372	0.0687654
	0.0450057	0.0420398	0.0738452	0.0621415	0.0738452
	0.115876	0.11015	0.199781	0.16598	0.198256
loop 49
	0.0417385	0.0400802	0.0728894	0.060864	0.0716121
	0.0402121	0.038646	0.0697688	0.058347	0.070065
	0.0496728	0.0479157	0.0808929	0.0687596	0.0807414
	0.11587	0.110144	0.199808	0.16597	0.198256
loop 50
	0.0430067	0.0399793	0.0726906	0.0606976	0.0730219
	0.0404504	0.0388692	0.0702004	0.0572672	0.0689807
	0.0496454	0.0478898	0.0808063	0.068699	0.0806657
	0.115853	0.110128	0.199781	0.16597	0.19823
loop 51
	0.0418278	0.0401707	0.0730136	0.0609792	0.0717498
	0.0413173	0.038448	0.0710169	0.0581042	0.0697857
	0.0466797	0.0437014	0.0770686	0.0652779	0.077038
	0.115847	0.110122	0.199768	0.16596	0.19823
loop 52
	0.0418836	0.040223	0.0731461	0.0595579	0.0718551
	0.0413371	0.0384732	0.0709996	0.0581042	0.0697772
	0.0484726	0.0467351	0.079419	0.0673904	0.0792917
	0.115859	0.110133	0.199768	0.16596	0.198216
loop 53
	0.0419171	0.0402543	0.0731875	0.0595953	0.0719118
	0.0409839	0.039424	0.0719604	0.0590636	0.0707402
	0.0489202	0.0471434	0.0803632	0.0681352	0.0801934
	0.115882	0.110155	0.199781	0.165991	0.198256
loop 54
	0.0418464	0.0401881	0.0730633	0.0595017	0.0717903
	0.0414364	0.0385632	0.0711553	0.058242	0.069938
	0.0506644	0.0475788	0.0819268	0.0697779	0.0817724
	0.115876	0.110155	0.199808	0.16598	0.198256
loop 55
	0.0417347	0.0400802	0.0728562	0.0608512	0.0715959
	0.0402659	0.0386964	0.0698449	0.0584257	0.0686329
	0.0448343	0.0431483	0.0751933	0.0634079	0.0751835
	0.115876	0.11015	0.199795	0.165991	0.198256
loop 56
	0.041824	0.0401673	0.0730384	0.060992	0.071766
	0.041349	0.038484	0.0710083	0.0581173	0.0697857
	0.0494373	0.0476772	0.0822024	0.0685174	0.082037
	0.115859	0.110133	0.199781	0.16598	0.198256
loop 57
	0.0420361	0.0403726	0.0717255	0.0597326	0.0720576
	0.0413768	0.0385092	0.0710602	0.0581567	0.0698365
	0.0496235	0.0478587	0.0809469	0.0687596	0.0807739
	0.115859	0.110133	0.199768	0.16596	0.198216
loop 58
	0.0418501	0.0401916	0.0730384	0.0594892	0.0717741
	0.0413887	0.0385236	0.0710948	0.0581829	0.0698788
	0.048382	0.0466696	0.08059	0.0671364	0.0805035
	0.115847	0.110122	0.199781	0.16596	0.19823
loop 59
	0.0417682	0.0401116	0.0729473	0.0609152	0.0716769
	0.0404927	0.0389088	0.0702766	0.0573376	0.069047
	0.0486698	0.045619	0.0796524	0.0661569	0.0795357
	0.115882	0.110161	0.199822	0.165991	0.198269
loop 60
	0.0418017	0.0401394	0.0729887	0.0609536	0.0717174
	0.0395245	0.0379429	0.0692374	0.056325	0.0680157
	0.0507994	0.0476772	0.0823457	0.0700783	0.0821583
	0.115876	0.110155	0.199795	0.166001	0.198269
loop 61
	0.0422333	0.0391973	0.0720657	0.0600135	0.07079
	0.0402006	0.0386316	0.0697434	0.0583339	0.0700396
	0.051158	0.0494045	0.0854388	0.071682	0.0852638
	0.115876	0.11015	0.199795	0.165991	0.198269
loop 62
	0.0418092	0.0401499	0.0730053	0.0609664	0.0717336
	0.0411149	0.0395542	0.0721724	0.0592452	0.0709477
	0.0456239	0.0439326	0.076	0.0641997	0.07596
	0.115853	0.110128	0.199768	0.16596	0.198216
loop 63
	0.0429567	0.0399271	0.0742547	0.0606528	0.0729722
	0.0403159	0.0387432	0.0699465	0.0585044	0.068724
	0.0504675	0.0486857	0.0834273	0.0696542	0.0832363
	0.115853	0.110128	0.199781	0.16596	0.19823
loop 64
	0.042025	0.0403622	0.0717093	0.0597139	0.0720414
	0.0405427	0.0376783	0.0702851	0.0573632	0.0690718
	0.0513948	0.0496235	0.0843104	0.0705574	0.0841273
	0.115859	0.110133	0.199768	0.16597	0.19823
loop 65
	0.0418761	0.0402195	0.0730881	0.0595204	0.0718146
	0.0404158	0.0388404	0.0700904	0.0571904	0.0688731
	0.046594	0.044901	0.0785502	0.065205	0.0769869
	0.115882	0.110155	0.199808	0.166001	0.198269
loop 66
	0.041958	0.0402995	0.0732123	0.0596265	0.0719361
	0.0403889	0.0388152	0.0700481	0.0571584	0.0688317
	0.0515912	0.0484673	0.0831464	0.0708824	0.0829442
	0.115882	0.110155	0.199795	0.166001	0.198269
loop 67
	0.0429298	0.0399062	0.074187	0.060608	0.0729142
	0.0421929	0.0393272	0.0718455	0.058956	0.0706191
	0.0527088	0.0495688	0.085952	0.0720599	0.0857304
	0.115876	0.11015	0.199781	0.16598	0.198256
loop 68
	0.0419171	0.0402543	0.0731875	0.0596016	0.0719037
	0.0413887	0.03852	0.0710688	0.0581698	0.0698534
	0.0534358	0.0503044	0.0864462	0.0726563	0.0862561
	0.11587	0.110144	0.199808	0.16597	0.198256
loop 69
	0.0418947	0.0402334	0.0731461	0.0595641	0.0718632
	0.0413609	0.0384984	0.0710342	0.058137	0.0698111
	0.0468813	0.0438725	0.0775582	0.0641997	0.07597
	0.115853	0.110128	0.199781	0.16597	0.19823
loop 70
	0.0430067	0.0399688	0.0727651	0.0607488	0.0730881
	0.0422461	0.0393756	0.0718897	0.0590098	0.070671
	0.0515219	0.0497221	0.0847112	0.0708372	0.0844822
	0.115847	0.110122	0.199768	0.16596	0.19823
loop 71
	0.0420547	0.04039	0.0717822	0.0597701	0.0721143
	0.0410553	0.0394947	0.0720664	0.0591578	0.070844
	0.0525191	0.049388	0.0856721	0.0718111	0.0854505
	0.115859	0.110133	0.199768	0.16596	0.198216
loop 72
	0.0420882	0.0390661	0.0718389	0.05982	0.0705682
	0.0402467	0.0386784	0.0698111	0.0583929	0.0701158
	0.0476513	0.0459424	0.0783005	0.0663971	0.0782381
	0.115882	0.110155	0.199781	0.165991	0.198256
loop 73
	0.0420399	0.0403726	0.0717498	0.0597389	0.0720819
	0.0403966	0.0388224	0.0700565	0.0571712	0.06884
	0.0525369	0.049388	0.0858237	0.0719124	0.0855904
	0.115876	0.110155	0.199808	0.16598	0.198256
loop 74
	0.0420547	0.0390359	0.0717417	0.0597513	0.0720738
	0.0412855	0.0384264	0.0709218	0.0580386	0.069701
	0.0515392	0.0497385	0.0847798	0.0708824	0.0845509
	0.115876	0.11015	0.199795	0.165991	0.198256
loop 75
	0.0429644	0.0399375	0.0742631	0.0606656	0.0729805
	0.0423117	0.0394352	0.0720399	0.0591174	0.0708094
	0.0465183	0.0448153	0.0786126	0.065205	0.0785398
	0.115859	0.110133	0.199781	0.16598	0.198256
loop 76
	0.041824	0.0401638	0.0730633	0.0610048	0.0717903
	0.0404427	0.0388656	0.0701412	0.0572352	0.0689228
	0.0522938	0.0504956	0.0854971	0.0731173	0.0868382
	0.115859	0.110133	0.199768	0.16596	0.198216
loop 77
	0.0417347	0.0400768	0.0729142	0.0608768	0.0716364
	0.0393533	0.0377758	0.0689642	0.0575232	0.0677484
	0.0527681	0.0509456	0.0862786	0.0722627	0.086022
	0.115847	0.110122	0.199781	0.16596	0.19823
loop 78
	0.0419506	0.0402856	0.0732372	0.0596452	0.0719604
	0.0403851	0.0388116	0.0700481	0.0585963	0.0688317
	0.0530951	0.0513198	0.0876161	0.0737683	0.0873983
	0.115882	0.110161	0.199822	0.165991	0.198269
loop 79
	0.0419096	0.0402508	0.0731295	0.0595579	0.0718551
	0.0410315	0.0394686	0.0720222	0.0591241	0.0708007
	0.0476099	0.0458787	0.0784358	0.066455	0.0783317
	0.115876	0.110155	0.199795	0.166001	0.198269
loop 80
	0.0419022	0.0402438	0.0731047	0.0595454	0.0718389
	0.0402659	0.0386964	0.0698534	0.0584257	0.0686329
	0.0537765	0.0505969	0.0857887	0.0733337	0.0871115
	0.115876	0.11015	0.199795	0.165991	0.198269
loop 81
	0.0419729	0.04031	0.0732537	0.059664	0.0719766
	0.0401967	0.038628	0.0697434	0.0583339	0.0700481
	0.0545151	0.0513486	0.0878944	0.0739412	0.0876524
	0.115859	0.110133	0.199768	0.16596	0.198216
loop 82
	0.042118	0.0390897	0.0718551	0.0598387	0.070592
	0.0405657	0.0376957	0.0688068	0.0573952	0.0691049
	0.0474751	0.0457611	0.0796736	0.0662314	0.0795887
	0.115853	0.110128	0.199781	0.16596	0.19823
loop 83
	0.0417199	0.0400593	0.0728645	0.0608384	0.0715878
	0.0412062	0.0396324	0.0708526	0.0594133	0.0696333
	0.0545463	0.051366	0.0880638	0.0740564	0.0877976
	0.115859	0.110133	0.199768	0.16597	0.19823
loop 84
	0.0420696	0.040404	0.0717903	0.0597763	0.0721224
	0.0404389	0.038862	0.0701412	0.0572288	0.0689145
	0.0553728	0.052193	0.0903921	0.07633	0.0901161
	0.115882	0.110155	0.199795	0.166001	0.198269
loop 85
	0.0409752	0.0393151	0.0722358	0.0586558	0.0709722
	0.0413887	0.03852	0.0710775	0.0581698	0.0698534
	0.0485365	0.0468158	0.0808388	0.067348	0.0807523
	0.115882	0.110155	0.199795	0.166001	0.198269
loop 86
	0.0421738	0.0391401	0.0719604	0.0599198	0.070687
	0.0415515	0.038664	0.0713975	0.0584257	0.070175
	0.0543716	0.0525547	0.0878339	0.0753599	0.0891548
	0.115876	0.11015	0.199781	0.16598	0.198256
loop 87
	0.0419022	0.0402473	0.0731047	0.0595454	0.0718389
	0.0412776	0.0384192	0.0708786	0.0580124	0.0696672
	0.054434	0.0512562	0.0879186	0.073922	0.0876403
	0.11587	0.110144	0.199808	0.16597	0.198256
loop 88
	0.042144	0.0391132	0.0719118	0.0598886	0.0706553
	0.0409839	0.039424	0.0719604	0.0590703	0.0707402
	0.0484459	0.046725	0.0807306	0.0672465	0.0806333
	0.115853	0.110128	0.199781	0.16597	0.19823
loop 89
	0.0418166	0.0401603	0.0729556	0.0609408	0.0716931
	0.0412736	0.0397031	0.0709564	0.0594872	0.0712505
	0.0552064	0.0533871	0.090229	0.07617	0.0899405
	0.115847	0.110122	0.199768	0.16596	0.19823
loop 90
	0.0430259	0.0399967	0.0727403	0.060736	0.0730633
	0.0402813	0.0387144	0.0698619	0.0584454	0.0686495
	0.0555008	0.0523056	0.0891178	0.0750659	0.0904297
	0.115859	0.110133	0.199768	0.16596	0.198216
loop 91
	0.0421664	0.03913	0.0719442	0.0599074	0.0706791
	0.0402813	0.0387108	0.0698788	0.0584519	0.0686661
	0.0504844	0.047418	0.0830453	0.0694421	0.0829217
	0.115882	0.110155	0.199781	0.165991	0.198256
loop 92
	0.0417608	0.0401046	0.0728894	0.0608704	0.0716121
	0.0421929	0.0393235	0.0734003	0.0604096	0.0721548
	0.0542967	0.0511292	0.0876403	0.0737011	0.0873741
	0.115876	0.110155	0.199808	0.16598	0.198256
loop 93
	0.0420696	0.0390459	0.0717903	0.0597763	0.0721143
	0.0405081	0.0376435	0.0702343	0.0573184	0.0690139
	0.0556992	0.0524835	0.089549	0.0753991	0.089241
	0.115876	0.11015	0.199795	0.165991	0.198256
loop 94
	0.0419096	0.0402473	0.0731378	0.0595641	0.0718632
	0.0406503	0.0377723	0.0689642	0.0575168	0.0677484
	0.0562934	0.0544652	0.0914388	0.0773236	0.0911451
	0.115859	0.110133	0.199781	0.16598	0.198256
loop 95
	0.0419915	0.0403309	0.0732454	0.059664	0.0719766
	0.0405427	0.0376749	0.068782	0.0573696	0.0690718
	0.0485205	0.0467855	0.0809794	0.0674158	0.0808604
	0.115859	0.110133	0.199768	0.16596	0.198216
loop 96
	0.0420845	0.0390594	0.0718065	0.0598013	0.0721386
	0.041357	0.0384948	0.0710083	0.0581173	0.0697941
	0.0552	0.0533628	0.0904172	0.07627	0.0901036
	0.115847	0.110122	0.199781	0.16596	0.19823
loop 97
	0.0428721	0.0412128	0.0741023	0.0605312	0.0728231
	0.0401583	0.0385992	0.0711813	0.0582682	0.0699634
	0.057275	0.0554432	0.0925445	0.0783837	0.0938578
	0.115882	0.110161	0.199822	0.165991	0.198269
loop 98
	0.0417608	0.0401046	0.0728811	0.0608704	0.0716202
	0.0413332	0.0384732	0.070991	0.0581042	0.0697688
	0.048382	0.0466494	0.0807955	0.0672549	0.0806765
	0.115876	0.110155	0.199795	0.166001	0.198269
loop 99
	0.0418836	0.0402264	0.0730715	0.0610304	0.0718065
	0.0403851	0.0388152	0.0700396	0.0571584	0.0688317
	0.0554816	0.0536305	0.0893396	0.07671	0.0906179
	0.115876	0.11015	0.199795	0.165991	0.198269
loop 100
	0.0419617	0.0402995	0.073204	0.0596265	0.0719361
	0.0403466	0.0387684	0.0700481	0.0571328	0.0688151
	0.0574499	0.054228	0.0928174	0.0786126	0.0924925
	0.115853	0.110128	0.199768	0.16596	0.198216
loop 101
	0.0420399	0.0403761	0.0717336	0.0597389	0.0720657
	0.0404812	0.0376192	0.0686743	0.05728	0.0689724
	0.0495852	0.0465183	0.0806549	0.0685779	0.0805143
	0.115853	0.110128	0.199781	0.16596	0.19823
loop 102
	0.0417719	0.0401185	0.0729059	0.060896	0.0716445
	0.0413173	0.0384552	0.070965	0.058078	0.0697434
	0.0563459	0.0544964	0.0917836	0.0775582	0.0914516
	0.115859	0.110133	0.199768	0.16597	0.19823
loop 103
	0.0418464	0.0401847	0.0730219	0.060992	0.0717579
	0.0402928	0.0387216	0.0699042	0.0584651	0.0686826
	0.0570599	0.0552256	0.0938975	0.0796736	0.0935801
	0.115882	0.110155	0.199795	0.166001	0.198269
loop 104
	0.0418538	0.0401951	0.0730798	0.061024	0.0718065
	0.0412458	0.0383904	0.070844	0.0579796	0.0696249
	0.0492895	0.0475528	0.0817504	0.069663	0.0816181
	0.115882	0.110155	0.199795	0.166001	0.198269
loop 105
	0.0417496	0.0400976	0.0728231	0.0608384	0.0715716
	0.0409125	0.039357	0.0718278	0.0589628	0.0706104
	0.0561753	0.0543217	0.0915537	0.0773338	0.0928304
	0.115876	0.11015	0.199781	0.16598	0.198256
loop 106
	0.0421217	0.0390964	0.0718713	0.0598574	0.0706078
	0.0401544	0.038592	0.0696587	0.0582617	0.069955
	0.0573288	0.0554752	0.0927914	0.0785502	0.0924535
	0.11587	0.110144	0.199808	0.16597	0.198256
loop 107
	0.0429951	0.0399688	0.0742631	0.060672	0.0729887
	0.0403889	0.0388188	0.0700481	0.0571584	0.0688317
	0.0504112	0.0486644	0.0830003	0.0693891	0.0828655
	0.115853	0.110128	0.199781	0.16597	0.19823
loop 108
	0.0418501	0.0401916	0.0730384	0.0609984	0.0717741
	0.0410077	0.0394426	0.0720576	0.0591309	0.0708267
	0.0570733	0.0552192	0.0940827	0.0797797	0.0937124
	0.115847	0.110122	0.199768	0.16596	0.19823
loop 109
	0.0419282	0.0402682	0.0731626	0.0595891	0.0718956
	0.0402813	0.0387108	0.0713975	0.0584388	0.070175
	0.05747	0.0542218	0.0930903	0.0787791	0.0927265
	0.115859	0.110133	0.199768	0.16596	0.198216
loop 110
	0.0420101	0.0403483	0.0732868	0.0596889	0.072009
	0.040239	0.0386712	0.0698026	0.0583863	0.0701073
	0.0513486	0.0495961	0.0840128	0.0718479	0.0838639
	0.115882	0.110155	0.199781	0.165991	0.198256
loop 111
	0.0427184	0.0410652	0.0738653	0.0618505	0.0725912
	0.0404696	0.0376052	0.0701835	0.0572736	0.0689642
	0.0572616	0.0553984	0.0928174	0.0785294	0.0924535
	0.115876	0.110155	0.199808	0.16598	0.198256
loop 112
	0.042144	0.0391166	0.0719199	0.0598886	0.0706474
	0.0402082	0.0386388	0.0697603	0.058347	0.0700565
	0.0594962	0.0562343	0.0951743	0.0808388	0.0947975
	0.115876	0.11015	0.199795	0.165991	0.198256
loop 113
	0.041004	0.0393386	0.0722601	0.0586802	0.0709959
	0.040968	0.0394128	0.071925	0.0590434	0.0707056
	0.0514815	0.0483873	0.0842188	0.0705394	0.08407
	0.115859	0.110133	0.199781	0.16598	0.198256
loop 114
	0.0429644	0.039941	0.0742208	0.0606336	0.0729473
	0.0413371	0.0384732	0.0709823	0.0580977	0.0697603
	0.0584463	0.0551872	0.0941752	0.0798221	0.0937917
	0.115859	0.110133	0.199768	0.16596	0.198216
loop 115
	0.0421924	0.0391637	0.072009	0.0599635	0.0707345
	0.0401698	0.0386064	0.0712159	0.0582945	0.0699973
	0.0584256	0.0565558	0.094162	0.0798115	0.0937785
	0.115847	0.110122	0.199781	0.16596	0.19823
loop 116
	0.0419803	0.0403169	0.0732454	0.0596577	0.0719766
	0.0413371	0.038466	0.0710688	0.0581436	0.069828
	0.0524183	0.0493114	0.0852522	0.0715346	0.0850772
	0.115882	0.110161	0.199822	0.165991	0.198269
loop 117
	0.0417012	0.0400489	0.0728066	0.0607936	0.0715392
	0.0393719	0.0377967	0.0689807	0.0575424	0.0677646
	0.0573355	0.0554688	0.0929604	0.0786542	0.0925965
	0.115876	0.110155	0.199795	0.166001	0.198269
loop 118
	0.0417533	0.0400942	0.0729639	0.0609088	0.071685
	0.0393198	0.037748	0.0689062	0.0574784	0.0676917
	0.0585634	0.0552832	0.0944397	0.0800237	0.094043
	0.115876	0.11015	0.199795	0.165991	0.198269
loop 119
	0.0420957	0.0404318	0.0718227	0.0598137	0.0721548
	0.0403312	0.0387612	0.0699804	0.0585307	0.0687654
	0.0516143	0.0485099	0.084528	0.070774	0.0843562
	0.115853	0.110128	0.199768	0.16596	0.198216
loop 120
	0.0417124	0.0400593	0.0728231	0.0608128	0.0731461
	0.0410792	0.039517	0.0721018	0.0591914	0.0708786
	0.0593268	0.0574431	0.0951474	0.0807523	0.0963842
	0.115853	0.110128	0.199781	0.16596	0.19823
loop 121
	0.0421329	0.0391065	0.0718956	0.0598762	0.0706316
	0.0413054	0.0384444	0.0709304	0.0580583	0.069718
	0.0594115	0.0561359	0.095255	0.0808496	0.0964938
	0.115859	0.110133	0.199768	0.16597	0.19823
loop 122
	0.0421292	0.0390998	0.0719037	0.0598699	0.0706316
	0.0411903	0.0383364	0.0707488	0.0593393	0.0695402
	0.0513486	0.0495852	0.0841616	0.0704492	0.0839899
	0.115882	0.110155	0.199795	0.166001	0.198269
loop 123
	0.0419506	0.0402926	0.073204	0.0596203	0.071928
	0.0413371	0.0384768	0.0709996	0.0581042	0.0697772
	0.0593268	0.0574364	0.095255	0.0808172	0.0964664
	0.115882	0.110155	0.199795	0.166001	0.198269
loop 124
	0.0421552	0.0391233	0.071928	0.0599011	0.0706632
	0.0413054	0.0384372	0.0710083	0.0580977	0.0697772
	0.0593127	0.0574297	0.0967949	0.0807523	0.0963842
	0.115876	0.11015	0.199781	0.16598	0.198256
loop 125
	0.0430259	0.0399932	0.0743732	0.0607488	0.0730881
	0.0414403	0.0385668	0.0711986	0.0582682	0.0699719
	0.0513429	0.0495742	0.0841959	0.0704672	0.0840128
	0.11587	0.110144	0.199808	0.16597	0.198256
loop 126
	0.0418017	0.0401464	0.0729556	0.060928	0.071685
	0.0413729	0.0385092	0.0710602	0.0581633	0.0698449
	0.0592633	0.0573692	0.0968223	0.0823016	0.0963842
	0.118604	0.112921	0.205165	0.17152	0.200133
loop 127
	0.0421217	0.039093	0.0718956	0.0598637	0.0706236
	0.0405888	0.0377132	0.0688648	0.0574336	0.0691546
	0.0615125	0.0582121	0.0991412	0.083034	0.0987163
	0.115859	0.110133	0.199768	0.16596	0.198216

work load: twolf.mips mesa.mips ammp.mips bzip2.mips
