loop 0
	0.0573931	0.0556958	0.0999512	0.0826398	0.0987559
	0.0360226	0.0342734	0.0622727	0.0514855	0.0609982
	0.0401813	0.0386136	0.0712505	0.0583142	0.0700227
	0.0424013	0.0407429	0.0710809	0.0594539	0.0696365
loop 1
	0.0573792	0.0556827	0.0999304	0.082624	0.0987355
	0.0360198	0.0342682	0.0622789	0.0514807	0.0609982
	0.0401467	0.0385812	0.0696672	0.0582617	0.0699634
	0.0429328	0.0412867	0.0728727	0.0612611	0.0729103
loop 2
	0.0573931	0.0556958	0.0999512	0.0826398	0.0987559
	0.036017	0.0342708	0.0622665	0.0514807	0.0609921
	0.0414403	0.0385668	0.0711553	0.0582354	0.0699296
	0.0412994	0.03969	0.0694421	0.0580398	0.0695482
loop 3
	0.0573931	0.0556958	0.0999512	0.0826398	0.0987559
	0.0360001	0.0342552	0.0622477	0.0514616	0.0609738
	0.0414761	0.0385992	0.0712764	0.0583207	0.0700396
	0.0431168	0.0414599	0.0732773	0.0601481	0.0717926
loop 4
	0.0573792	0.0556871	0.0999304	0.082624	0.0987355
	0.0359917	0.0342448	0.062254	0.0514616	0.0609738
	0.0403428	0.038772	0.0699634	0.0585241	0.0687571
	0.0431887	0.0415233	0.0719401	0.0602782	0.0719585
loop 5
	0.0573931	0.0556958	0.0999408	0.0826319	0.0987559
	0.0366949	0.0349546	0.0643765	0.0535808	0.0630976
	0.0405196	0.037654	0.0687406	0.0573376	0.0690387
	0.0430989	0.0414304	0.0733055	0.0615791	0.0733243
loop 6
	0.0574948	0.0556915	0.0999408	0.0826319	0.0987457
	0.0359496	0.0342031	0.0621728	0.051395	0.0608948
	0.0417499	0.0388548	0.0717002	0.0586816	0.0704713
	0.0438263	0.0421748	0.0738836	0.0622247	0.0739028
loop 7
	0.0573885	0.0556958	0.0999408	0.0826319	0.0987457
	0.0359524	0.0342058	0.0621853	0.0514045	0.0609069
	0.0414086	0.038538	0.0711121	0.0582026	0.0698872
	0.0447867	0.0431303	0.0748698	0.0631988	0.0748894
loop 8
	0.0573931	0.0557002	0.0999512	0.0826398	0.0987559
	0.0359721	0.034224	0.0622103	0.0514283	0.0609313
	0.0405119	0.0389376	0.070302	0.057376	0.0690884
	0.0402678	0.0386437	0.0684568	0.0570195	0.0685433
loop 9
	0.0573838	0.0556871	0.0999408	0.082624	0.0987457
	0.0359552	0.0342058	0.0621916	0.0514093	0.060913
	0.0403928	0.0388188	0.070065	0.0571648	0.0688482
	0.0440575	0.0423752	0.074383	0.0611871	0.0728727
loop 10
	0.0573885	0.0556958	0.0999408	0.0826319	0.0987457
	0.0359636	0.0342162	0.0621916	0.051414	0.060913
	0.0404004	0.0388296	0.070065	0.0571776	0.0688565
	0.0450153	0.0433323	0.0754285	0.0621793	0.0754187
loop 11
	0.0573977	0.0557002	0.0999512	0.0826398	0.0987559
	0.0359608	0.0342136	0.0621916	0.051414	0.0609191
	0.0415475	0.038664	0.0714321	0.0584388	0.0701835
	0.0448201	0.0431483	0.0750169	0.0632995	0.0750267
loop 12
	0.0573838	0.0556871	0.0999408	0.082624	0.0987457
	0.0359749	0.0342292	0.0622165	0.0514283	0.0609434
	0.0405465	0.0376783	0.070302	0.0573696	0.0690801
	0.0422793	0.0393844	0.0706116	0.0591293	0.0707018
loop 13
	0.0573931	0.0556958	0.0999408	0.0826319	0.0987457
	0.0359833	0.0342344	0.062229	0.0514426	0.0609495
	0.0404735	0.038898	0.0701835	0.0572736	0.0689642
	0.0449486	0.0432605	0.0753109	0.0620885	0.0737971
loop 14
	0.0573931	0.0557002	0.0999512	0.0826398	0.0987559
	0.0359805	0.0342318	0.0622165	0.0514331	0.0609434
	0.0402428	0.0386712	0.069828	0.0583995	0.0701242
	0.0442054	0.0425102	0.0732491	0.0614534	0.0732208
loop 15
	0.0573792	0.0556871	0.0999304	0.082624	0.0987355
	0.0359692	0.0342188	0.0622228	0.0514331	0.0609434
	0.0406349	0.0377619	0.068931	0.0574976	0.0692292
	0.0451343	0.042153	0.0741333	0.062361	0.0741141
loop 16
	0.0575179	0.0557089	0.0999616	0.0826477	0.0987661
	0.0366862	0.0349438	0.06437	0.0535707	0.0630848
	0.03945	0.0378733	0.0691215	0.0576512	0.0678942
	0.0423273	0.0394241	0.070747	0.059221	0.0708192
loop 17
	0.0573931	0.0556958	0.0999512	0.0826398	0.0987559
	0.0359664	0.0342162	0.0622103	0.0514236	0.0609252
	0.0403697	0.0387972	0.0700227	0.0571328	0.0687985
	0.0448962	0.0432021	0.0753403	0.0620809	0.0737971
loop 18
	0.0573792	0.0556827	0.0999304	0.082624	0.0987355
	0.0359692	0.0342188	0.0622228	0.0514283	0.0609373
	0.0409799	0.039424	0.0719339	0.0590502	0.0707229
	0.0440528	0.042349	0.0746327	0.062747	0.0745847
loop 19
	0.0573931	0.0556958	0.0999512	0.0826398	0.0987559
	0.0359749	0.0342292	0.0622228	0.0514378	0.0609495
	0.0411268	0.039558	0.0707229	0.059299	0.0710169
	0.0458591	0.0428789	0.07631	0.0630516	0.0747718
loop 20
	0.0573931	0.0556958	0.0999512	0.0826398	0.0987559
	0.0359692	0.0342214	0.0622103	0.0514283	0.0609313
	0.0413609	0.0384948	0.0710256	0.0581305	0.0698026
	0.0440344	0.041105	0.0740949	0.0610022	0.0726281
loop 21
	0.0573792	0.0556871	0.0999304	0.082624	0.0987355
	0.0359636	0.0342136	0.0622103	0.0514188	0.0609313
	0.0414403	0.0385704	0.071164	0.058242	0.069938
	0.0439557	0.042275	0.0742389	0.0610614	0.0727316
loop 22
	0.0573931	0.0556958	0.0999408	0.0826319	0.0987559
	0.0359721	0.0342266	0.062204	0.0514236	0.0609313
	0.0403774	0.0388008	0.0700481	0.057152	0.0688234
	0.0459669	0.0442563	0.07667	0.0632995	0.0750855
loop 23
	0.0574948	0.0556915	0.0999408	0.0826319	0.0987457
	0.0359608	0.0342136	0.0621916	0.0514093	0.060913
	0.0414562	0.0398817	0.0711986	0.0597158	0.0699804
	0.0459032	0.0442054	0.0765	0.0631756	0.07646
loop 24
	0.0573885	0.0556958	0.0999408	0.0826319	0.0987457
	0.0359552	0.0342084	0.0621916	0.0514093	0.060913
	0.040239	0.0386712	0.071337	0.0583995	0.0701242
	0.047558	0.0458689	0.0795251	0.0661818	0.0779572
loop 25
	0.0573931	0.0557002	0.0999512	0.0826398	0.0987559
	0.0359692	0.0342214	0.0621978	0.0514188	0.0609191
	0.0403658	0.0387936	0.0700057	0.0585635	0.0687903
	0.0422009	0.0405504	0.0707109	0.0591504	0.070756
loop 26
	0.0573838	0.0556871	0.0999408	0.082624	0.0987457
	0.036017	0.0342682	0.0622914	0.0514902	0.0610104
	0.040289	0.038718	0.0698788	0.0584519	0.0686661
	0.0460698	0.043054	0.0753697	0.0634776	0.0753011
loop 27
	0.0573885	0.0556958	0.0999408	0.0826319	0.0987457
	0.0366833	0.0349384	0.0643831	0.0535808	0.063104
	0.0413292	0.0384624	0.0710429	0.0581305	0.0698111
	0.0468914	0.0438818	0.0775888	0.0642155	0.0775276
loop 28
	0.0573977	0.0557002	0.0999512	0.0826398	0.0987559
	0.036017	0.0342708	0.0622789	0.0514855	0.0610043
	0.039331	0.0377584	0.0689228	0.0574848	0.0677079
	0.0476306	0.0459277	0.0781965	0.0663308	0.0781444
loop 29
	0.0573838	0.0556871	0.0999408	0.082624	0.0987457
	0.0360226	0.034276	0.0622852	0.051495	0.0610104
	0.0403812	0.0388116	0.0700481	0.057152	0.0688234
	0.0421617	0.0405012	0.0707109	0.0591222	0.070747
loop 30
	0.0573931	0.0556958	0.0999408	0.0826319	0.0987457
	0.0360114	0.034263	0.0622665	0.0514759	0.0609921
	0.0401775	0.03861	0.069718	0.0583142	0.0700142
	0.045913	0.0441916	0.07673	0.0647542	0.07665
loop 31
	0.0573931	0.0557002	0.0999512	0.0826398	0.0987559
	0.0360086	0.034263	0.0622665	0.0514759	0.0609921
	0.0413609	0.0384984	0.0710342	0.058137	0.0698195
	0.0478639	0.0448391	0.078675	0.0652536	0.0786022
loop 32
	0.0573792	0.0556871	0.0999304	0.082624	0.0987355
	0.0360198	0.0342682	0.0622852	0.0514902	0.0610043
	0.0404158	0.0388404	0.0700988	0.0571968	0.0688731
	0.0467502	0.0437615	0.0772012	0.0653832	0.0771706
loop 33
	0.0575179	0.0557089	0.0999616	0.0826477	0.0987661
	0.0360142	0.0342656	0.0622665	0.0514759	0.060986
	0.0412776	0.0384192	0.0709045	0.0580255	0.0696841
	0.0439003	0.0422184	0.0742005	0.0624291	0.0726845
loop 34
	0.0573931	0.0556958	0.0999512	0.0826398	0.0987559
	0.0360058	0.0342578	0.0622602	0.0514664	0.0609799
	0.0400891	0.0385236	0.0710861	0.0581829	0.0698703
	0.0478431	0.044801	0.0787999	0.0653184	0.0787063
loop 35
	0.0573792	0.0556827	0.0999304	0.082624	0.0987355
	0.036031	0.0342838	0.0623226	0.0515188	0.0610408
	0.0422052	0.0393384	0.0718632	0.0589695	0.0706277
	0.0477395	0.0447106	0.0785606	0.0665875	0.0784774
loop 36
	0.0573931	0.0556958	0.0999512	0.0826398	0.0987559
	0.0360367	0.0342864	0.0623039	0.051514	0.0610286
	0.0410395	0.0394798	0.0720311	0.0591309	0.0708094
	0.0448439	0.0431797	0.0749678	0.063284	0.0749875
loop 37
	0.0573931	0.0556958	0.0999512	0.0826398	0.0987559
	0.0360367	0.0342864	0.0623164	0.051514	0.0610347
	0.0413927	0.0385272	0.0710948	0.0581829	0.0698619
	0.0465183	0.0448105	0.0771094	0.0652293	0.077038
loop 38
	0.0573792	0.0556871	0.0999304	0.082624	0.0987355
	0.0359608	0.034211	0.0621853	0.0514093	0.060913
	0.0403466	0.0387756	0.0699888	0.0585504	0.0687737
	0.0468158	0.0450771	0.077803	0.0657558	0.0776908
loop 39
	0.0573931	0.0556958	0.0999408	0.0826319	0.0987559
	0.0367066	0.0349654	0.0644028	0.0535909	0.0631168
	0.0401852	0.0386208	0.0712332	0.058301	0.0700142
	0.0474336	0.045717	0.0796948	0.0662149	0.0795993
loop 40
	0.0574948	0.0556915	0.0999408	0.0826319	0.0987457
	0.0370769	0.0353278	0.06336	0.0525623	0.0620792
	0.0412895	0.0397217	0.0709391	0.0595007	0.0712418
	0.0450391	0.0420877	0.0737779	0.0621188	0.0737971
loop 41
	0.0573885	0.0556958	0.0999408	0.0826319	0.0987457
	0.0370769	0.0353251	0.0633536	0.0525574	0.062073
	0.0403043	0.038736	0.0699211	0.0584848	0.0702258
	0.0466494	0.0449105	0.0775684	0.0655452	0.0774562
loop 42
	0.0573931	0.0557002	0.0999512	0.0826398	0.0987559
	0.0370711	0.0353224	0.0633408	0.0525476	0.0620605
	0.0404004	0.038826	0.070065	0.0571712	0.0688482
	0.0488456	0.0457807	0.07996	0.0678728	0.0798433
loop 43
	0.0573838	0.0556871	0.0999408	0.082624	0.0987457
	0.0370682	0.0353196	0.0633472	0.0525525	0.0620667
	0.0402275	0.0386532	0.0698449	0.058406	0.0701327
	0.0484992	0.0467704	0.0809361	0.0673904	0.080828
loop 44
	0.0573885	0.0556958	0.0999408	0.0826319	0.0987457
	0.0370711	0.0353224	0.0633536	0.0525574	0.0620792
	0.0402544	0.0386856	0.069828	0.058406	0.0701242
	0.0440205	0.0423447	0.0727786	0.0611131	0.072788
loop 45
	0.0573977	0.0557002	0.0999512	0.0826398	0.0987559
	0.0371003	0.0353494	0.0633856	0.0525868	0.0621104
	0.0409482	0.0393905	0.0718985	0.0590165	0.0706796
	0.0487124	0.046962	0.0798115	0.0677289	0.0796842
loop 46
	0.0573838	0.0556871	0.0999408	0.082624	0.0987457
	0.0371032	0.0353548	0.063392	0.0525917	0.0621104
	0.0412776	0.0384156	0.0709132	0.0594738	0.0696926
	0.0496618	0.0479157	0.0823457	0.0686904	0.0822134
loop 47
	0.0573931	0.0556958	0.0999408	0.0826319	0.0987457
	0.0370799	0.0353305	0.0633728	0.0525721	0.0620979
	0.0404273	0.0388476	0.0701666	0.058675	0.068931
	0.0504	0.0486591	0.0829554	0.0693538	0.0828206
loop 48
	0.0573931	0.0557002	0.0999512	0.0826398	0.0987559
	0.037074	0.0353224	0.0633664	0.0525623	0.0620792
	0.0403466	0.0387792	0.0699804	0.0585372	0.0687654
	0.0450057	0.0420398	0.0738452	0.0621415	0.0738452
loop 49
	0.0573792	0.0556871	0.0999304	0.082624	0.0987355
	0.0370099	0.0352602	0.0632448	0.0524741	0.0619731
	0.0402121	0.038646	0.0697688	0.058347	0.070065
	0.0496728	0.0479157	0.0808929	0.0687596	0.0807414
loop 50
	0.0575179	0.0557089	0.0999616	0.0826477	0.0987661
	0.0378095	0.0360648	0.0639763	0.0532279	0.0642716
	0.0404504	0.0388692	0.0702004	0.0572672	0.0689807
	0.0496454	0.0478898	0.0808063	0.068699	0.0806657
loop 51
	0.0573931	0.0556958	0.0999512	0.0826398	0.0987559
	0.0371032	0.0353548	0.0634048	0.0526064	0.0621292
	0.0413173	0.038448	0.0710169	0.0581042	0.0697857
	0.0466797	0.0437014	0.0770686	0.0652779	0.077038
loop 52
	0.0573792	0.0556827	0.0999304	0.082624	0.0987355
	0.0371119	0.0353602	0.0634176	0.0526113	0.0621416
	0.0413371	0.0384732	0.0709996	0.0581042	0.0697772
	0.0484726	0.0467351	0.079419	0.0673904	0.0792917
loop 53
	0.0573931	0.0556958	0.0999512	0.0826398	0.0987559
	0.0370828	0.0353359	0.0633792	0.052577	0.0621042
	0.0409839	0.039424	0.0719604	0.0590636	0.0707402
	0.0489202	0.0471434	0.0803632	0.0681352	0.0801934
loop 54
	0.0573931	0.0556958	0.0999512	0.0826398	0.0987559
	0.0370944	0.035344	0.0633856	0.0525819	0.0621042
	0.0414364	0.0385632	0.0711553	0.058242	0.069938
	0.0506644	0.0475788	0.0819268	0.0697779	0.0817724
loop 55
	0.0573792	0.0556871	0.0999304	0.082624	0.0987355
	0.0370974	0.0353467	0.0634048	0.0525966	0.0621167
	0.0402659	0.0386964	0.0698449	0.0584257	0.0686329
	0.0448343	0.0431483	0.0751933	0.0634079	0.0751835
loop 56
	0.0573931	0.0556958	0.0999408	0.0826319	0.0987559
	0.0370799	0.0353305	0.0633664	0.0525672	0.0620855
	0.041349	0.038484	0.0710083	0.0581173	0.0697857
	0.0494373	0.0476772	0.0822024	0.0685174	0.082037
loop 57
	0.0574948	0.0556915	0.0999408	0.0826319	0.0987457
	0.0370828	0.0353332	0.06336	0.0525672	0.0620792
	0.0413768	0.0385092	0.0710602	0.0581567	0.0698365
	0.0496235	0.0478587	0.0809469	0.0687596	0.0807739
loop 58
	0.0573885	0.0556958	0.0999408	0.0826319	0.0987457
	0.0371382	0.0340393	0.061892	0.0526505	0.0621853
	0.0413887	0.0385236	0.0710948	0.0581829	0.0698788
	0.048382	0.0466696	0.08059	0.0671364	0.0805035
loop 59
	0.0573931	0.0557002	0.0999512	0.0826398	0.0987559
	0.0371207	0.0353683	0.0634432	0.0526309	0.0621604
	0.0404927	0.0389088	0.0702766	0.0573376	0.069047
	0.0486698	0.045619	0.0796524	0.0661569	0.0795357
loop 60
	0.0573838	0.0556871	0.0999408	0.082624	0.0987457
	0.0370332	0.0352872	0.063296	0.0525084	0.0620168
	0.0395245	0.0379429	0.0692374	0.056325	0.0680157
	0.0507994	0.0476772	0.0823457	0.0700783	0.0821583
loop 61
	0.0573885	0.0556958	0.0999408	0.0826319	0.0987457
	0.0378579	0.0361097	0.0640616	0.0533035	0.0643634
	0.0402006	0.0386316	0.0697434	0.0583339	0.0700396
	0.051158	0.0494045	0.0854388	0.071682	0.0852638
loop 62
	0.0573977	0.0557002	0.0999512	0.0826398	0.0987559
	0.0371148	0.0353656	0.0634112	0.0526113	0.0621354
	0.0411149	0.0395542	0.0721724	0.0592452	0.0709477
	0.0456239	0.0439326	0.076	0.0641997	0.07596
loop 63
	0.0573838	0.0556871	0.0999408	0.082624	0.0987457
	0.0371061	0.0353575	0.0634048	0.0526015	0.0621229
	0.0403159	0.0387432	0.0699465	0.0585044	0.068724
	0.0504675	0.0486857	0.0834273	0.0696542	0.0832363
loop 64
	0.0573931	0.0556958	0.0999408	0.0826319	0.0987457
	0.0371586	0.0354062	0.0619232	0.0526848	0.0622228
	0.0405427	0.0376783	0.0702851	0.0573632	0.0690718
	0.0513948	0.0496235	0.0843104	0.0705574	0.0841273
loop 65
	0.0573931	0.0557002	0.0999512	0.0826398	0.0987559
	0.0371644	0.0340627	0.0619045	0.051176	0.0621978
	0.0404158	0.0388404	0.0700904	0.0571904	0.0688731
	0.046594	0.044901	0.0785502	0.065205	0.0769869
loop 66
	0.0573792	0.0556871	0.0999304	0.082624	0.0987355
	0.0371673	0.0340679	0.061917	0.0511855	0.0622165
	0.0403889	0.0388152	0.0700481	0.0571584	0.0688317
	0.0515912	0.0484673	0.0831464	0.0708824	0.0829442
loop 67
	0.0575041	0.0557089	0.0999616	0.0826477	0.0987661
	0.0371353	0.0353818	0.0634624	0.0526505	0.0621853
	0.0421929	0.0393272	0.0718455	0.058956	0.0706191
	0.0527088	0.0495688	0.085952	0.0720599	0.0857304
loop 68
	0.0573931	0.0556958	0.0999512	0.0826398	0.0987559
	0.0371119	0.0353575	0.0634304	0.0526211	0.0621541
	0.0413887	0.03852	0.0710688	0.0581698	0.0698534
	0.0534358	0.0503044	0.0864462	0.0726563	0.0862561
loop 69
	0.0573792	0.0556827	0.0999304	0.082624	0.0987355
	0.0371353	0.0353845	0.063456	0.0526407	0.0621728
	0.0413609	0.0384984	0.0710342	0.058137	0.0698111
	0.0468813	0.0438725	0.0775582	0.0641997	0.07597
loop 70
	0.0573931	0.0556958	0.0999512	0.0826398	0.0987559
	0.0371323	0.0353764	0.063456	0.0526407	0.0621791
	0.0422461	0.0393756	0.0718897	0.0590098	0.070671
	0.0515219	0.0497221	0.0847112	0.0708372	0.0844822
loop 71
	0.0573931	0.0556958	0.0999512	0.0826398	0.0987559
	0.0370507	0.035298	0.0633216	0.052528	0.0620418
	0.0410553	0.0394947	0.0720664	0.0591578	0.070844
	0.0525191	0.049388	0.0856721	0.0718111	0.0854505
loop 72
	0.0573792	0.0556871	0.0999304	0.082624	0.0987355
	0.0378397	0.0360928	0.0640157	0.0532733	0.0627392
	0.0402467	0.0386784	0.0698111	0.0583929	0.0701158
	0.0476513	0.0459424	0.0783005	0.0663971	0.0782381
loop 73
	0.0573931	0.0556958	0.0999408	0.0826319	0.0987559
	0.0359496	0.0342031	0.0621666	0.0513902	0.0608887
	0.0403966	0.0388224	0.0700565	0.0571712	0.06884
	0.0525369	0.049388	0.0858237	0.0719124	0.0855904
loop 74
	0.0574948	0.0556915	0.0999408	0.0826319	0.0987457
	0.0359833	0.0342344	0.0622228	0.0514426	0.0609495
	0.0412855	0.0384264	0.0709218	0.0580386	0.069701
	0.0515392	0.0497385	0.0847798	0.0708824	0.0845509
loop 75
	0.0573885	0.0556958	0.0999408	0.0826319	0.0987457
	0.0359749	0.0342266	0.0622228	0.0514283	0.0609434
	0.0423117	0.0394352	0.0720399	0.0591174	0.0708094
	0.0465183	0.0448153	0.0786126	0.065205	0.0785398
loop 76
	0.0573931	0.0557002	0.0999512	0.0826398	0.0987559
	0.0359496	0.0342031	0.0621916	0.0514093	0.0609191
	0.0404427	0.0388656	0.0701412	0.0572352	0.0689228
	0.0522938	0.0504956	0.0854971	0.0731173	0.0868382
loop 77
	0.0573838	0.0556871	0.0999408	0.082624	0.0987457
	0.0359636	0.0342162	0.0621978	0.0514188	0.0609252
	0.0393533	0.0377758	0.0689642	0.0575232	0.0677484
	0.0527681	0.0509456	0.0862786	0.0722627	0.086022
loop 78
	0.0573885	0.0556958	0.0999408	0.0826319	0.0987457
	0.0359721	0.034224	0.062204	0.0514236	0.0609313
	0.0403851	0.0388116	0.0700481	0.0585963	0.0688317
	0.0530951	0.0513198	0.0876161	0.0737683	0.0873983
loop 79
	0.0573977	0.0557002	0.0999512	0.0826398	0.0987559
	0.0359552	0.0342084	0.0621916	0.0514045	0.060913
	0.0410315	0.0394686	0.0720222	0.0591241	0.0708007
	0.0476099	0.0458787	0.0784358	0.066455	0.0783317
loop 80
	0.0573838	0.0556871	0.0999408	0.082624	0.0987457
	0.0359749	0.0342292	0.0622103	0.0514283	0.0609373
	0.0402659	0.0386964	0.0698534	0.0584257	0.0686329
	0.0537765	0.0505969	0.0857887	0.0733337	0.0871115
loop 81
	0.0573931	0.0556958	0.0999408	0.0826319	0.0987457
	0.0359833	0.0342344	0.0622415	0.0514474	0.0609617
	0.0401967	0.038628	0.0697434	0.0583339	0.0700481
	0.0545151	0.0513486	0.0878944	0.0739412	0.0876524
loop 82
	0.0573931	0.0557002	0.0999512	0.0826398	0.0987559
	0.0359805	0.0342318	0.062229	0.0514426	0.0609495
	0.0405657	0.0376957	0.0688068	0.0573952	0.0691049
	0.0474751	0.0457611	0.0796736	0.0662314	0.0795887
loop 83
	0.0573792	0.0556871	0.0999304	0.082624	0.0987355
	0.0366512	0.034914	0.064324	0.0535354	0.0630464
	0.0412062	0.0396324	0.0708526	0.0594133	0.0696333
	0.0545463	0.051366	0.0880638	0.0740564	0.0877976
loop 84
	0.0575041	0.0557089	0.0999616	0.0826477	0.0987661
	0.0360058	0.0342578	0.0622665	0.0514759	0.0609921
	0.0404389	0.038862	0.0701412	0.0572288	0.0689145
	0.0553728	0.052193	0.0903921	0.07633	0.0901161
loop 85
	0.0573931	0.0556958	0.0999512	0.0826398	0.0987559
	0.0360142	0.0342682	0.0622727	0.0514807	0.0609982
	0.0413887	0.03852	0.0710775	0.0581698	0.0698534
	0.0485365	0.0468158	0.0808388	0.067348	0.0807523
loop 86
	0.0573792	0.0556827	0.0999304	0.082624	0.0987355
	0.0359945	0.03425	0.0622415	0.0514521	0.0609617
	0.0415515	0.038664	0.0713975	0.0584257	0.070175
	0.0543716	0.0525547	0.0878339	0.0753599	0.0891548
loop 87
	0.0573931	0.0556958	0.0999512	0.0826398	0.0987559
	0.0359777	0.0342266	0.0622477	0.0514521	0.0609678
	0.0412776	0.0384192	0.0708786	0.0580124	0.0696672
	0.054434	0.0512562	0.0879186	0.073922	0.0876403
loop 88
	0.0573931	0.0556958	0.0999512	0.0826398	0.0987559
	0.0359777	0.0342344	0.0622165	0.0514331	0.0609373
	0.0409839	0.039424	0.0719604	0.0590703	0.0707402
	0.0484459	0.046725	0.0807306	0.0672465	0.0806333
loop 89
	0.0573792	0.0556871	0.0999304	0.082624	0.0987355
	0.0359692	0.0342266	0.0621978	0.0514188	0.0609191
	0.0412736	0.0397031	0.0709564	0.0594872	0.0712505
	0.0552064	0.0533871	0.090229	0.07617	0.0899405
loop 90
	0.0573931	0.0556958	0.0999408	0.0826319	0.0987559
	0.0359861	0.0342396	0.062229	0.0514426	0.0609495
	0.0402813	0.0387144	0.0698619	0.0584454	0.0686495
	0.0555008	0.0523056	0.0891178	0.0750659	0.0904297
loop 91
	0.0574948	0.0556915	0.0999408	0.0826319	0.0987457
	0.0359777	0.0342318	0.0622165	0.0514378	0.0609495
	0.0402813	0.0387108	0.0698788	0.0584519	0.0686661
	0.0504844	0.047418	0.0830453	0.0694421	0.0829217
loop 92
	0.0573885	0.0556958	0.0999408	0.0826319	0.0987457
	0.0359861	0.0342396	0.0622228	0.0514426	0.0609556
	0.0421929	0.0393235	0.0734003	0.0604096	0.0721548
	0.0542967	0.0511292	0.0876403	0.0737011	0.0873741
loop 93
	0.0573931	0.0557002	0.0999512	0.0826398	0.0987559
	0.0359749	0.0342266	0.0622165	0.0514331	0.0609434
	0.0405081	0.0376435	0.0702343	0.0573184	0.0690139
	0.0556992	0.0524835	0.089549	0.0753991	0.089241
loop 94
	0.0573838	0.0556871	0.0999408	0.082624	0.0987457
	0.0366658	0.0349249	0.0643372	0.0535354	0.0630464
	0.0406503	0.0377723	0.0689642	0.0575168	0.0677484
	0.0562934	0.0544652	0.0914388	0.0773236	0.0911451
loop 95
	0.0573885	0.0556958	0.0999408	0.0826319	0.0987457
	0.0360114	0.0342656	0.0622602	0.0514759	0.060986
	0.0405427	0.0376749	0.068782	0.0573696	0.0690718
	0.0485205	0.0467855	0.0809794	0.0674158	0.0808604
loop 96
	0.0573977	0.0557002	0.0999512	0.0826398	0.0987559
	0.036003	0.0342526	0.0622602	0.0514664	0.0609799
	0.041357	0.0384948	0.0710083	0.0581173	0.0697941
	0.0552	0.0533628	0.0904172	0.07627	0.0901036
loop 97
	0.0573838	0.0556871	0.0999408	0.082624	0.0987457
	0.0360001	0.0342526	0.0622415	0.0514569	0.0609617
	0.0401583	0.0385992	0.0711813	0.0582682	0.0699634
	0.057275	0.0554432	0.0925445	0.0783837	0.0938578
loop 98
	0.0573931	0.0556958	0.0999408	0.0826319	0.0987457
	0.0360339	0.0342864	0.0622977	0.0515045	0.0610225
	0.0413332	0.0384732	0.070991	0.0581042	0.0697688
	0.048382	0.0466494	0.0807955	0.0672549	0.0806765
loop 99
	0.0573931	0.0557002	0.0999512	0.0826398	0.0987559
	0.0360254	0.034276	0.0622977	0.0515045	0.0610225
	0.0403851	0.0388152	0.0700396	0.0571584	0.0688317
	0.0554816	0.0536305	0.0893396	0.07671	0.0906179
loop 100
	0.0573792	0.0556871	0.0999304	0.082624	0.0987355
	0.0360114	0.0342656	0.0622727	0.0514807	0.0609921
	0.0403466	0.0387684	0.0700481	0.0571328	0.0688151
	0.0574499	0.054228	0.0928174	0.0786126	0.0924925
loop 101
	0.0575087	0.0557089	0.0999616	0.0826477	0.0987661
	0.0360058	0.0342578	0.0622602	0.0514664	0.060986
	0.0404812	0.0376192	0.0686743	0.05728	0.0689724
	0.0495852	0.0465183	0.0806549	0.0685779	0.0805143
loop 102
	0.0573931	0.0556958	0.0999512	0.0826398	0.0987559
	0.0359973	0.03425	0.062254	0.0514616	0.0609738
	0.0413173	0.0384552	0.070965	0.058078	0.0697434
	0.0563459	0.0544964	0.0917836	0.0775582	0.0914516
loop 103
	0.0573792	0.0556827	0.0999304	0.082624	0.0987355
	0.0360001	0.03425	0.062254	0.0514664	0.0609799
	0.0402928	0.0387216	0.0699042	0.0584651	0.0686826
	0.0570599	0.0552256	0.0938975	0.0796736	0.0935801
loop 104
	0.0573931	0.0556958	0.0999512	0.0826398	0.0987559
	0.0360058	0.0342552	0.0622852	0.0514807	0.0609982
	0.0412458	0.0383904	0.070844	0.0579796	0.0696249
	0.0492895	0.0475528	0.0817504	0.069663	0.0816181
loop 105
	0.0573931	0.0556958	0.0999512	0.0826398	0.0987559
	0.0367095	0.0349654	0.0644028	0.053601	0.0631168
	0.0409125	0.039357	0.0718278	0.0589628	0.0706104
	0.0561753	0.0543217	0.0915537	0.0773338	0.0928304
loop 106
	0.0573792	0.0556871	0.0999304	0.082624	0.0987355
	0.0359692	0.034224	0.0622165	0.0514283	0.0609373
	0.0401544	0.038592	0.0696587	0.0582617	0.069955
	0.0573288	0.0554752	0.0927914	0.0785502	0.0924535
loop 107
	0.0573931	0.0556958	0.0999408	0.0826319	0.0987559
	0.035958	0.034211	0.0622103	0.0514188	0.0609373
	0.0403889	0.0388188	0.0700481	0.0571584	0.0688317
	0.0504112	0.0486644	0.0830003	0.0693891	0.0828655
loop 108
	0.0574948	0.0556915	0.0999408	0.0826319	0.0987457
	0.035958	0.034211	0.062204	0.0514188	0.0609252
	0.0410077	0.0394426	0.0720576	0.0591309	0.0708267
	0.0570733	0.0552192	0.0940827	0.0797797	0.0937124
loop 109
	0.0573885	0.0556958	0.0999408	0.0826319	0.0987457
	0.0359608	0.0342136	0.062204	0.0514188	0.0609252
	0.0402813	0.0387108	0.0713975	0.0584388	0.070175
	0.05747	0.0542218	0.0930903	0.0787791	0.0927265
loop 110
	0.0573931	0.0557002	0.0999512	0.0826398	0.0987559
	0.0360001	0.03425	0.0622665	0.0514712	0.060986
	0.040239	0.0386712	0.0698026	0.0583863	0.0701073
	0.0513486	0.0495961	0.0840128	0.0718479	0.0838639
loop 111
	0.0573838	0.0556871	0.0999408	0.082624	0.0987457
	0.0359664	0.0342214	0.0622165	0.0514283	0.0609373
	0.0404696	0.0376052	0.0701835	0.0572736	0.0689642
	0.0572616	0.0553984	0.0928174	0.0785294	0.0924535
loop 112
	0.0573885	0.0556958	0.0999408	0.0826319	0.0987457
	0.0359777	0.0342292	0.0622228	0.0514378	0.0609434
	0.0402082	0.0386388	0.0697603	0.058347	0.0700565
	0.0594962	0.0562343	0.0951743	0.0808388	0.0947975
loop 113
	0.0573977	0.0557002	0.0999512	0.0826398	0.0987559
	0.0359917	0.0342448	0.0622477	0.0514569	0.0609678
	0.040968	0.0394128	0.071925	0.0590434	0.0707056
	0.0514815	0.0483873	0.0842188	0.0705394	0.08407
loop 114
	0.0573838	0.0556871	0.0999408	0.082624	0.0987457
	0.0359917	0.0342448	0.0622477	0.0514616	0.0609738
	0.0413371	0.0384732	0.0709823	0.0580977	0.0697603
	0.0584463	0.0551872	0.0941752	0.0798221	0.0937917
loop 115
	0.0573931	0.0556958	0.0999408	0.0826319	0.0987457
	0.0360114	0.0342604	0.0622914	0.0514902	0.0610104
	0.0401698	0.0386064	0.0712159	0.0582945	0.0699973
	0.0584256	0.0565558	0.094162	0.0798115	0.0937785
loop 116
	0.0573931	0.0557002	0.0999512	0.0826398	0.0987559
	0.0359271	0.0341823	0.0621541	0.0513807	0.0608826
	0.0413371	0.038466	0.0710688	0.0581436	0.069828
	0.0524183	0.0493114	0.0852522	0.0715346	0.0850772
loop 117
	0.0573792	0.0556871	0.0999304	0.082624	0.0987355
	0.0366716	0.034933	0.0643568	0.0535505	0.063072
	0.0393719	0.0377967	0.0689807	0.0575424	0.0677646
	0.0573355	0.0554688	0.0929604	0.0786542	0.0925965
loop 118
	0.0575087	0.0557089	0.0999616	0.0826477	0.0987661
	0.0360058	0.0342604	0.062254	0.0514664	0.0609799
	0.0393198	0.037748	0.0689062	0.0574784	0.0676917
	0.0585634	0.0552832	0.0944397	0.0800237	0.094043
loop 119
	0.0573931	0.0556958	0.0999512	0.0826398	0.0987559
	0.0359749	0.0342292	0.062229	0.0514426	0.0609556
	0.0403312	0.0387612	0.0699804	0.0585307	0.0687654
	0.0516143	0.0485099	0.084528	0.070774	0.0843562
loop 120
	0.0573792	0.0556827	0.0999304	0.082624	0.0987355
	0.0359552	0.0342084	0.0621853	0.0514045	0.0609069
	0.0410792	0.039517	0.0721018	0.0591914	0.0708786
	0.0593268	0.0574431	0.0951474	0.0807523	0.0963842
loop 121
	0.0573931	0.0556958	0.0999512	0.0826398	0.0987559
	0.035958	0.034211	0.0621791	0.0513998	0.0609008
	0.0413054	0.0384444	0.0709304	0.0580583	0.069718
	0.0594115	0.0561359	0.095255	0.0808496	0.0964938
loop 122
	0.0573931	0.0556958	0.0999512	0.0826398	0.0987559
	0.0359552	0.034211	0.0621916	0.0514093	0.060913
	0.0411903	0.0383364	0.0707488	0.0593393	0.0695402
	0.0513486	0.0495852	0.0841616	0.0704492	0.0839899
loop 123
	0.0573792	0.0556871	0.0999304	0.082624	0.0987355
	0.0359861	0.0342422	0.0622353	0.0514474	0.0609617
	0.0413371	0.0384768	0.0709996	0.0581042	0.0697772
	0.0593268	0.0574364	0.095255	0.0808172	0.0964664
loop 124
	0.0573931	0.0556958	0.0999408	0.0826319	0.0987559
	0.0359721	0.0342266	0.0622165	0.0514331	0.0609434
	0.0413054	0.0384372	0.0710083	0.0580977	0.0697772
	0.0593127	0.0574297	0.0967949	0.0807523	0.0963842
loop 125
	0.0574948	0.0556915	0.0999408	0.0826319	0.0987457
	0.0359692	0.0342214	0.0622165	0.0514236	0.0609373
	0.0414403	0.0385668	0.0711986	0.0582682	0.0699719
	0.0513429	0.0495742	0.0841959	0.0704672	0.0840128
loop 126
	0.0573885	0.0556958	0.0999408	0.0826319	0.0987457
	0.0359889	0.0342422	0.0622415	0.0514521	0.0609617
	0.0413729	0.0385092	0.0710602	0.0581633	0.0698449
	0.0592633	0.0573692	0.0968223	0.0823016	0.0963842
loop 127
	0.0573931	0.0557002	0.0999512	0.0826398	0.0987559
	0.0359046	0.0341589	0.0621042	0.0513426	0.0608339
	0.0405888	0.0377132	0.0688648	0.0574336	0.0691546
	0.0615125	0.0582121	0.0991412	0.083034	0.0987163

work load: gap.mips mcf.mips mesa.mips ammp.mips
