loop 0
	0.45	0.43	0.44	0.44
	0.95	0.75	0.91	0.85
	0.99	0.78	0.97	1.00
	0.98	0.78	0.94	0.95
loop 1
	0.44	0.42	0.42	0.43
	0.96	0.76	0.92	0.86
	1.00	0.78	0.97	1.00
	0.98	0.78	0.94	0.95
loop 2
	0.54	0.50	0.52	0.51
	0.95	0.76	0.92	0.85
	1.01	0.79	0.98	1.01
	0.98	0.77	0.94	0.95
loop 3
	0.53	0.49	0.51	0.49
	0.95	0.75	0.92	0.84
	1.00	0.78	0.97	1.01
	0.98	0.77	0.94	0.95
loop 4
	0.52	0.48	0.49	0.48
	0.95	0.76	0.92	0.85
	1.01	0.79	0.98	1.01
	0.99	0.78	0.95	0.96
loop 5
	0.50	0.47	0.48	0.49
	0.95	0.75	0.92	0.83
	1.01	0.78	0.98	1.01
	0.99	0.78	0.95	0.97
loop 6
	0.55	0.51	0.53	0.51
	0.95	0.75	0.91	0.85
	1.00	0.78	0.97	1.01
	0.98	0.77	0.94	0.95
loop 7
	0.55	0.50	0.53	0.50
	0.94	0.75	0.91	0.85
	0.99	0.77	0.96	0.99
	0.98	0.77	0.94	0.95
loop 8
	0.53	0.49	0.51	0.49
	0.94	0.75	0.91	0.85
	1.01	0.79	0.98	1.02
	0.99	0.78	0.95	0.96
loop 9
	0.52	0.48	0.50	0.49
	0.96	0.76	0.92	0.86
	1.00	0.78	0.97	1.00
	0.99	0.78	0.95	0.97
loop 10
	0.53	0.49	0.51	0.51
	0.95	0.75	0.92	0.85
	1.00	0.78	0.98	1.01
	0.99	0.78	0.95	0.96
loop 11
	0.54	0.50	0.52	0.50
	0.96	0.76	0.93	0.86
	1.00	0.78	0.97	1.00
	0.98	0.77	0.94	0.95
loop 12
	0.52	0.49	0.50	0.49
	0.95	0.75	0.92	0.86
	1.00	0.78	0.98	1.01
	0.99	0.78	0.95	0.96
loop 13
	0.48	0.45	0.46	0.46
	0.95	0.75	0.92	0.85
	1.01	0.78	0.98	1.01
	0.99	0.78	0.95	0.96
loop 14
	0.47	0.44	0.45	0.45
	0.96	0.76	0.93	0.87
	0.99	0.77	0.96	0.99
	0.98	0.78	0.95	0.95
loop 15
	0.47	0.45	0.46	0.46
	0.96	0.76	0.93	0.87
	1.00	0.78	0.97	1.01
	0.99	0.78	0.96	0.97
loop 16
	0.54	0.50	0.52	0.51
	0.95	0.76	0.92	0.85
	1.01	0.78	0.98	1.01
	1.00	0.79	0.96	0.97
loop 17
	0.47	0.44	0.45	0.45
	0.95	0.75	0.91	0.85
	1.00	0.78	0.97	1.00
	0.99	0.78	0.95	0.96
loop 18
	0.43	0.41	0.42	0.43
	0.96	0.76	0.93	0.86
	1.00	0.78	0.97	1.01
	0.96	0.77	0.93	0.94
loop 19
	0.43	0.40	0.41	0.42
	0.95	0.75	0.91	0.84
	1.00	0.78	0.97	1.01
	0.97	0.77	0.93	0.94
loop 20
	0.48	0.45	0.46	0.48
	0.95	0.76	0.92	0.86
	1.01	0.79	0.98	1.01
	0.98	0.77	0.94	0.95
loop 21
	0.47	0.45	0.46	0.48
	0.95	0.76	0.92	0.86
	1.00	0.78	0.97	1.00
	0.98	0.77	0.94	0.95
loop 22
	0.47	0.45	0.46	0.48
	0.96	0.76	0.92	0.87
	1.00	0.78	0.97	1.01
	0.99	0.78	0.95	0.96
loop 23
	0.50	0.47	0.48	0.51
	0.96	0.76	0.92	0.86
	1.00	0.78	0.97	1.01
	0.97	0.76	0.94	0.94
loop 24
	0.50	0.46	0.48	0.50
	0.96	0.76	0.92	0.86
	1.00	0.78	0.97	1.01
	0.98	0.77	0.94	0.95
loop 25
	0.50	0.47	0.48	0.51
	0.97	0.76	0.93	0.88
	0.99	0.78	0.96	1.00
	0.99	0.78	0.95	0.97
loop 26
	0.50	0.46	0.48	0.50
	0.97	0.76	0.93	0.86
	1.01	0.79	0.98	1.01
	0.98	0.78	0.95	0.96
loop 27
	0.50	0.47	0.48	0.51
	0.95	0.76	0.92	0.85
	1.01	0.79	0.98	1.01
	0.98	0.77	0.94	0.95
loop 28
	0.50	0.47	0.48	0.51
	0.95	0.75	0.91	0.85
	1.00	0.78	0.97	1.00
	0.99	0.78	0.95	0.97
loop 29
	0.49	0.46	0.47	0.50
	0.95	0.75	0.91	0.85
	1.01	0.78	0.98	1.01
	0.99	0.78	0.95	0.96
loop 30
	0.51	0.47	0.49	0.51
	0.96	0.76	0.93	0.86
	1.01	0.78	0.98	1.01
	0.98	0.77	0.94	0.95
loop 31
	0.48	0.45	0.46	0.49
	0.95	0.76	0.92	0.85
	1.00	0.78	0.97	1.00
	0.98	0.77	0.94	0.95

cpus: 10 40 80 120
work load: gcc.mips equake.mips twolf.mips mesa.mips
