loop 0
0.035496 0.034084 0.0624267 0.0520312 0.0613877 0.0705606 0.0684657 0.0280675
0.0487637 0.0467533 0.0837216 0.0696059 0.0821012 0.0943977 0.0916531 0.0385598
0.0360226 0.0342734 0.0622727 0.0514855 0.0609982 0.0701659 0.0677305 0.0282927
0.0579407 0.055158 0.101702 0.0842074 0.100525 0.115527 0.113263 0.0450516
0.0579407 0.055158 0.101702 0.0842074 0.100525 0.115527 0.113263 0.0450516
0.035496 0.034084 0.0624267 0.0520312 0.0613877 0.0705606 0.0684657 0.0280675
0.115847 0.110122 0.199781 0.16598 0.198243 0.223725 0.219323 0.0917873
0.0579407 0.055158 0.101702 0.0842074 0.100525 0.115527 0.113263 0.0450516
loop 1
0.035514 0.0341009 0.0624591 0.0520499 0.0614115 0.070599 0.0685025 0.028085
0.0457336 0.0437503 0.0788044 0.0648056 0.0772425 0.089491 0.0867391 0.0370522
0.0360198 0.0342682 0.0622789 0.0514807 0.0609982 0.0701659 0.0677305 0.028285
0.0594099 0.0565325 0.103075 0.0850358 0.101846 0.119128 0.114989 0.0460392
0.0594099 0.0565325 0.103075 0.0850358 0.101846 0.119128 0.114989 0.0460392
0.035514 0.0341009 0.0624591 0.0520499 0.0614115 0.070599 0.0685025 0.028085
0.115847 0.110122 0.199768 0.16597 0.198203 0.223693 0.219308 0.0917832
0.0594099 0.0565325 0.103075 0.0850358 0.101846 0.119128 0.114989 0.0460392
loop 2
0.0354924 0.0340807 0.0624267 0.052025 0.0613798 0.0705606 0.0684657 0.0280675
0.0497683 0.0477612 0.0845739 0.0705088 0.0848057 0.09714 0.0924717 0.0395757
0.036017 0.0342708 0.0622665 0.0514807 0.0609921 0.0701585 0.0677235 0.0282908
0.0564288 0.0536456 0.100426 0.0812606 0.0975794 0.114361 0.11033 0.043499
0.0564288 0.0536456 0.100426 0.0812606 0.0975794 0.114361 0.11033 0.043499
0.0354924 0.0340807 0.0624267 0.052025 0.0613798 0.0705606 0.0684657 0.0280675
0.115841 0.110111 0.199781 0.16597 0.198203 0.223709 0.219323 0.0917791
0.0564288 0.0536456 0.100426 0.0812606 0.0975794 0.114361 0.11033 0.043499
loop 3
0.035478 0.0340672 0.0624024 0.0520063 0.0613561 0.0705318 0.068438 0.028055
0.0498413 0.0478476 0.084607 0.0705792 0.0830088 0.0952461 0.0925093 0.0396758
0.0360001 0.0342552 0.0622477 0.0514616 0.0609738 0.0701363 0.0677023 0.0282753
0.0569036 0.0541476 0.102194 0.083079 0.09936 0.116075 0.112064 0.0454031
0.0569036 0.0541476 0.102194 0.083079 0.09936 0.116075 0.112064 0.0454031
0.035478 0.0340672 0.0624024 0.0520063 0.0613561 0.0705318 0.068438 0.028055
0.115882 0.110155 0.199822 0.165991 0.198269 0.223756 0.219354 0.0918077
0.0569036 0.0541476 0.102194 0.083079 0.09936 0.116075 0.112064 0.0454031
loop 4
0.0355284 0.0341143 0.0624753 0.0520749 0.0614353 0.0706182 0.068521 0.028095
0.0597459 0.0577176 0.10069 0.0843917 0.100817 0.115419 0.110618 0.0479124
0.0359917 0.0342448 0.062254 0.0514616 0.0609738 0.0701437 0.0677023 0.0282656
0.0559936 0.0532365 0.099648 0.0821914 0.0984898 0.113486 0.109494 0.044486
0.0559936 0.0532365 0.099648 0.0821914 0.0984898 0.113486 0.109494 0.044486
0.0355284 0.0341143 0.0624753 0.0520749 0.0614353 0.0706086 0.068521 0.028095
0.115876 0.11015 0.199795 0.166001 0.198269 0.223725 0.219323 0.0918036
0.0559936 0.0532365 0.099648 0.0821914 0.0984898 0.113486 0.109494 0.044486
loop 5
0.0355068 0.0340941 0.0624429 0.0520437 0.0614036 0.0705894 0.0684933 0.0280775
0.0698944 0.0661795 0.116525 0.0981513 0.116592 0.13339 0.128521 0.054905
0.0366949 0.0349546 0.0643765 0.0535808 0.0630976 0.0722593 0.0698256 0.0290122
0.0583535 0.0555043 0.103117 0.0852475 0.101909 0.117229 0.113159 0.0465313
0.0583535 0.0555043 0.103117 0.0852475 0.101909 0.117229 0.113159 0.0465313
0.0355068 0.0340941 0.0624429 0.0520437 0.0614036 0.0705894 0.0684933 0.0280775
0.115876 0.11015 0.199795 0.16598 0.198256 0.223725 0.219339 0.0918036
0.0583535 0.0555043 0.103117 0.0852475 0.101909 0.117229 0.113159 0.0465313
loop 6
0.0354672 0.0340538 0.0623862 0.0519875 0.0613402 0.0705126 0.0684196 0.0280425
0.0796486 0.0758591 0.133156 0.112294 0.133234 0.15263 0.147616 0.0644142
0.0359496 0.0342031 0.0621728 0.051395 0.0608948 0.0700549 0.0692372 0.0282249
0.0576064 0.0547662 0.10077 0.0829479 0.0995705 0.114869 0.110806 0.0444138
0.0576064 0.0547662 0.10077 0.0829479 0.0995705 0.114869 0.110806 0.0444138
0.0354672 0.0340538 0.0623862 0.0519875 0.0613402 0.0705126 0.0684196 0.0280425
0.115853 0.110128 0.199768 0.16596 0.198216 0.223693 0.219308 0.0917832
0.0576064 0.0547662 0.10077 0.0829479 0.0995705 0.114869 0.110806 0.0444138
loop 7
0.0355068 0.0340908 0.0624429 0.0520375 0.0613957 0.0705798 0.0684841 0.0280775
0.0801427 0.0763032 0.131969 0.110988 0.131891 0.151278 0.146305 0.0630726
0.0359524 0.0342058 0.0621853 0.0514045 0.0609069 0.0700697 0.0692516 0.0282269
0.0580954 0.055314 0.101911 0.082843 0.10073 0.115757 0.11176 0.0451996
0.0580954 0.055314 0.101911 0.082843 0.10073 0.115757 0.11176 0.0451996
0.0355248 0.0340908 0.0624429 0.0520375 0.0613957 0.0705798 0.0684841 0.0280775
0.115835 0.110106 0.199781 0.16596 0.19823 0.223709 0.219323 0.091775
0.0580954 0.055314 0.101911 0.082843 0.10073 0.115757 0.11176 0.0451996
loop 8
0.035514 0.0341009 0.0624591 0.0520499 0.0614115 0.070599 0.0685025 0.0280825
0.0455587 0.0435935 0.0783088 0.06444 0.0767945 0.0889343 0.0861974 0.0369538
0.0359721 0.034224 0.0622103 0.0514283 0.0609313 0.0700919 0.06766 0.0282482
0.0562112 0.0534262 0.0983765 0.0809578 0.0972034 0.112165 0.109904 0.0433074
0.0562112 0.0534262 0.0983765 0.0809578 0.0972034 0.112165 0.109904 0.0433074
0.035514 0.0341009 0.0624591 0.0520499 0.0614115 0.070599 0.0685025 0.0280825
0.115847 0.110122 0.199781 0.16597 0.19823 0.223709 0.219308 0.0917873
0.0562112 0.0534262 0.0983765 0.0809578 0.0972034 0.112165 0.109904 0.0433074
loop 9
0.0354816 0.0340706 0.0624105 0.0520125 0.061364 0.0705414 0.0684472 0.0280575
0.0523551 0.0487339 0.0875019 0.073305 0.0858165 0.0981744 0.0954225 0.0405479
0.0359552 0.0342058 0.0621916 0.0514093 0.060913 0.0700771 0.0692589 0.0282308
0.0557696 0.0530171 0.0992736 0.0818717 0.0981074 0.113057 0.109068 0.0443019
0.0557696 0.0530171 0.0992736 0.0818717 0.0981074 0.113057 0.109068 0.0443019
0.0354816 0.0340706 0.0624105 0.0520125 0.061364 0.0705414 0.0684472 0.0280575
0.115876 0.110144 0.199808 0.166011 0.198269 0.22374 0.219339 0.0918077
0.0557696 0.0530171 0.0992736 0.0818717 0.0981074 0.113057 0.109068 0.0443019
loop 10
0.0354924 0.0340807 0.0624267 0.052025 0.0613798 0.0705606 0.0684657 0.028065
0.110567 0.10634 0.182963 0.154895 0.182834 0.209597 0.204031 0.0883378
0.0359636 0.0342162 0.0621916 0.051414 0.060913 0.0700697 0.0676388 0.0282424
0.0612639 0.0583872 0.106569 0.0884714 0.105334 0.122654 0.118501 0.0479052
0.0612639 0.0583872 0.106569 0.0884714 0.105334 0.122654 0.118501 0.0479052
0.0354924 0.0340807 0.0624267 0.052025 0.0613798 0.0705606 0.0684657 0.028065
0.11587 0.110144 0.199795 0.166001 0.198269 0.22374 0.219339 0.0918077
0.0612639 0.0583872 0.106569 0.0884714 0.105334 0.122654 0.118501 0.0479052
loop 11
0.0355104 0.0340975 0.062451 0.0520437 0.0614036 0.0705894 0.0684933 0.0280825
0.0542191 0.050569 0.0893836 0.0751746 0.089528 0.101941 0.0991917 0.0424166
0.0359608 0.0342136 0.0621916 0.051414 0.0609191 0.0700771 0.0676388 0.0282366
0.0569152 0.0541081 0.0995518 0.0819312 0.0983731 0.1135 0.109484 0.043878
0.0569152 0.0541081 0.0995518 0.0819312 0.0983731 0.1135 0.109484 0.043878
0.0355104 0.0340975 0.062451 0.0520437 0.0614036 0.0705894 0.0684933 0.0280825
0.115876 0.11015 0.199781 0.165991 0.198243 0.223709 0.219323 0.0918036
0.0569152 0.0541081 0.0995518 0.0819312 0.0983731 0.1135 0.109484 0.043878
loop 12
0.035478 0.0340639 0.0624024 0.0520063 0.0613561 0.0705414 0.068438 0.0280525
0.0471084 0.0450766 0.0787304 0.0646762 0.0771197 0.0894115 0.0866629 0.0368049
0.0359749 0.0342292 0.0622165 0.0514283 0.0609434 0.0700993 0.067667 0.0282462
0.0581962 0.0540198 0.101985 0.0829104 0.100818 0.115845 0.111844 0.0452967
0.0581962 0.0540198 0.101985 0.0829104 0.100818 0.115845 0.111844 0.0452967
0.035478 0.0340639 0.0624024 0.0520063 0.0613561 0.0705414 0.068438 0.0280525
0.115859 0.110133 0.199795 0.16597 0.19823 0.223725 0.219323 0.0917873
0.0581962 0.0540198 0.101985 0.0829104 0.100818 0.115845 0.111844 0.0452967
loop 13
0.0354888 0.0340773 0.0624105 0.0520187 0.0613719 0.070551 0.0684564 0.0280625
0.0416755 0.039665 0.071456 0.0592361 0.0717184 0.0821329 0.0793813 0.0329062
0.0359833 0.0342344 0.062229 0.0514426 0.0609495 0.0701141 0.0676812 0.0282559
0.0552141 0.0524461 0.0973566 0.0799388 0.0961926 0.111145 0.107163 0.0436689
0.0552141 0.0524461 0.0973566 0.0799388 0.0961926 0.111145 0.107163 0.0436689
0.0354888 0.0340773 0.0624105 0.0520187 0.0613719 0.070551 0.0684564 0.0280625
0.118591 0.112909 0.20515 0.171509 0.200133 0.232426 0.224532 0.0947691
0.0552141 0.0524461 0.0973566 0.0799388 0.0961926 0.111145 0.107163 0.0436689
loop 14
0.0355356 0.0341211 0.0624834 0.050771 0.0614432 0.0706278 0.0685302 0.0281
0.045673 0.0436594 0.0789301 0.064845 0.0773292 0.0896324 0.086883 0.0369442
0.0359805 0.0342318 0.0622165 0.0514331 0.0609434 0.0701067 0.067667 0.0282482
0.0589829 0.0561565 0.103444 0.0840902 0.102238 0.117473 0.113416 0.0458793
0.0589829 0.0561565 0.103444 0.0840902 0.102238 0.117473 0.113416 0.0458793
0.0355356 0.0341211 0.0624834 0.050771 0.0614432 0.0706278 0.0685302 0.0281
0.115859 0.110133 0.199768 0.16596 0.198216 0.223693 0.219293 0.0917873
0.0589829 0.0561565 0.103444 0.0840902 0.102238 0.117473 0.113416 0.0458793
loop 15
0.0355068 0.0340908 0.0624429 0.0520437 0.0614036 0.0705894 0.0684841 0.028075
0.0576652 0.0540057 0.09654 0.0803827 0.0947659 0.109198 0.10643 0.0458749
0.0359692 0.0342188 0.0622228 0.0514331 0.0609434 0.0701067 0.0676741 0.0282385
0.058944 0.0546713 0.102298 0.0843853 0.101081 0.116455 0.112361 0.0456846
0.058944 0.0546713 0.102298 0.0843853 0.101081 0.116455 0.112361 0.0456846
0.0355068 0.0340908 0.0624429 0.0520437 0.0614036 0.0705894 0.0684841 0.028075
0.115882 0.110155 0.199781 0.165991 0.198256 0.223725 0.219323 0.0918036
0.058944 0.0546713 0.102298 0.0843853 0.101081 0.116455 0.112361 0.0456846
loop 16
0.0354744 0.0340605 0.0623943 0.052 0.0613481 0.0705318 0.0684288 0.0280475
0.0665711 0.0646277 0.112597 0.09448 0.112686 0.129281 0.124463 0.0533958
0.0366862 0.0349438 0.06437 0.0535707 0.0630848 0.0722593 0.0698182 0.0290041
0.0572907 0.0545005 0.101199 0.083652 0.100022 0.115103 0.111079 0.0443513
0.0572907 0.0545005 0.101199 0.083652 0.100022 0.115103 0.111079 0.0443513
0.0354744 0.0340605 0.0623943 0.052 0.0613481 0.0705318 0.0684288 0.0280475
0.115876 0.110155 0.199808 0.16598 0.198256 0.22374 0.219339 0.0918036
0.0572907 0.0545005 0.101199 0.083652 0.100022 0.115103 0.111079 0.0443513
loop 17
0.0354996 0.0340874 0.0624348 0.0520312 0.0613877 0.0705702 0.0684749 0.02807
0.0457403 0.0437378 0.0771486 0.0649069 0.077387 0.0877874 0.0850459 0.0370282
0.0359664 0.0342162 0.0622103 0.0514236 0.0609252 0.0700993 0.06766 0.0282404
0.0560256 0.0532602 0.0996912 0.0822355 0.0985322 0.11352 0.109543 0.0445084
0.0560256 0.0532602 0.0996912 0.0822355 0.0985322 0.11352 0.109543 0.0445084
0.0354996 0.0340874 0.0624348 0.0520312 0.0613877 0.0705702 0.0684749 0.02807
0.115876 0.11015 0.199795 0.165991 0.198256 0.223725 0.219323 0.0917996
0.0560256 0.0532602 0.0996912 0.0822355 0.0985322 0.11352 0.109543 0.0445084
loop 18
0.0354996 0.0340874 0.0624348 0.0520312 0.0613877 0.0705702 0.0684749 0.02807
0.04691 0.0448882 0.0784124 0.0661583 0.0786491 0.0890492 0.0863074 0.0366537
0.0359692 0.0342188 0.0622228 0.0514283 0.0609373 0.0701067 0.0676741 0.0282385
0.0557824 0.0530349 0.0993024 0.0818937 0.0981357 0.113091 0.109117 0.0443109
0.0557824 0.0530349 0.0993024 0.0818937 0.0981357 0.113091 0.109117 0.0443109
0.0354996 0.0340874 0.0624348 0.0520312 0.0613877 0.0705702 0.0684749 0.02807
0.115859 0.110133 0.199781 0.16598 0.198256 0.223709 0.219323 0.0917873
0.0557824 0.0530349 0.0993024 0.0818937 0.0981357 0.113091 0.109117 0.0443109
loop 19
0.0354924 0.0340773 0.0624186 0.0520187 0.0613719 0.070551 0.0684564 0.028065
0.0470318 0.0434493 0.0785011 0.0645412 0.076939 0.0891552 0.0864174 0.0367785
0.0359749 0.0342292 0.0622228 0.0514378 0.0609495 0.0701067 0.0676741 0.0282482
0.0596957 0.0568243 0.106387 0.0867033 0.103439 0.120646 0.116523 0.0464342
0.0596957 0.0568243 0.106387 0.0867033 0.103439 0.120646 0.116523 0.0464342
0.0354924 0.0340773 0.0624186 0.0520187 0.0613719 0.070551 0.0684564 0.028065
0.115859 0.110133 0.199768 0.16596 0.198216 0.223693 0.219293 0.0917832
0.0596957 0.0568243 0.106387 0.0867033 0.103439 0.120646 0.116523 0.0464342
loop 20
0.035496 0.034084 0.0624267 0.0520312 0.0613877 0.0705702 0.0684749 0.02807
0.0418154 0.0398056 0.071616 0.0593831 0.0700989 0.0804509 0.0777193 0.0330338
0.0359692 0.0342214 0.0622103 0.0514283 0.0609313 0.0700919 0.06766 0.0282424
0.0569664 0.0541496 0.101448 0.0836687 0.100246 0.115511 0.111444 0.0452401
0.0569664 0.0541496 0.101448 0.0836687 0.100246 0.115511 0.111444 0.0452401
0.035496 0.034084 0.0624267 0.0520312 0.0613877 0.0705702 0.0684749 0.02807
0.115847 0.110122 0.199781 0.16596 0.19823 0.223725 0.219323 0.091775
0.0569664 0.0541496 0.101448 0.0836687 0.100246 0.115511 0.111444 0.0452401
loop 21
0.0355176 0.0341042 0.0624672 0.0520624 0.0614194 0.0706086 0.0685117 0.0280875
0.0469448 0.0449304 0.0784642 0.066193 0.0786934 0.0891111 0.0863667 0.0366897
0.0359636 0.0342136 0.0622103 0.0514188 0.0609313 0.0700993 0.06766 0.0282346
0.0571004 0.054318 0.0991728 0.0817945 0.0980224 0.112954 0.110679 0.0442256
0.0571004 0.054318 0.0991728 0.0817945 0.0980224 0.112954 0.110679 0.0442256
0.0355176 0.0341042 0.0624672 0.0520624 0.0614194 0.0706086 0.0685117 0.0280875
0.115882 0.110161 0.199822 0.165991 0.198269 0.223756 0.219354 0.0918077
0.0571004 0.054318 0.0991728 0.0817945 0.0980224 0.112954 0.110679 0.0442256
loop 22
0.035478 0.0340672 0.0624024 0.0520063 0.061364 0.0705414 0.0684472 0.028055
0.0416434 0.0396379 0.0713024 0.0591332 0.0715776 0.0819548 0.0792112 0.0328981
0.0359721 0.0342266 0.062204 0.0514236 0.0609313 0.0700919 0.06766 0.0282424
0.0562176 0.0534321 0.100051 0.0809686 0.0972174 0.113932 0.10992 0.0433204
0.0562176 0.0534321 0.100051 0.0809686 0.0972174 0.113932 0.10992 0.0433204
0.035478 0.0340672 0.0624024 0.0520063 0.061364 0.0705414 0.0684472 0.028055
0.115876 0.110155 0.199795 0.166001 0.198269 0.223725 0.219323 0.0918036
0.0562176 0.0534321 0.100051 0.0809686 0.0972174 0.113932 0.10992 0.0433204
loop 23
0.0354744 0.0340605 0.0623862 0.0519938 0.0613481 0.0705222 0.0684288 0.02805
0.0470736 0.0434838 0.0786565 0.0646313 0.0770691 0.089332 0.0865783 0.0367905
0.0359608 0.0342136 0.0621916 0.0514093 0.060913 0.0700771 0.0676388 0.0282346
0.0566805 0.0539225 0.100232 0.0828093 0.0990576 0.115739 0.111743 0.0451904
0.0566805 0.0539225 0.100232 0.0828093 0.0990576 0.115739 0.111743 0.0451904
0.0354744 0.0340605 0.0623862 0.0519938 0.0613481 0.0705222 0.0684288 0.02805
0.115876 0.11015 0.199795 0.165991 0.198269 0.223725 0.219339 0.0918036
0.0566805 0.0539225 0.100232 0.0828093 0.0990576 0.115739 0.111743 0.0451904
loop 24
0.0355176 0.0341042 0.0624591 0.0520562 0.0614194 0.0706086 0.0685025 0.0280875
0.0449564 0.0413985 0.0745941 0.0624665 0.0748765 0.0852115 0.0824735 0.0347211
0.0359552 0.0342084 0.0621916 0.0514093 0.060913 0.0700771 0.0692661 0.0282327
0.0604286 0.0575545 0.10584 0.0860678 0.104595 0.120161 0.116019 0.0470538
0.0604286 0.0575545 0.10584 0.0860678 0.104595 0.120161 0.116019 0.0470538
0.0355176 0.0341042 0.0624591 0.0520562 0.0614194 0.0706086 0.0685025 0.0280875
0.115853 0.110128 0.199768 0.16596 0.198216 0.223693 0.219293 0.0917832
0.0604286 0.0575545 0.10584 0.0860678 0.104595 0.120161 0.116019 0.0470538
loop 25
0.0354996 0.0340874 0.0624348 0.0520375 0.0613957 0.0705798 0.0684841 0.0280725
0.0490577 0.0470283 0.0823784 0.0682746 0.0825923 0.0930456 0.0903041 0.0387835
0.0359692 0.0342214 0.0621978 0.0514188 0.0609191 0.0700845 0.0676529 0.0282482
0.056704 0.0539183 0.0991553 0.0816067 0.0979832 0.113061 0.109048 0.0437299
0.056704 0.0539183 0.0991553 0.0816067 0.0979832 0.113061 0.109048 0.0437299
0.0354996 0.0340874 0.0624348 0.0520375 0.0613957 0.0705798 0.0684841 0.0280725
0.115853 0.110128 0.199781 0.16596 0.19823 0.223725 0.219323 0.0917832
0.056704 0.0539183 0.0991553 0.0816067 0.0979832 0.113061 0.109048 0.0437299
loop 26
0.0354744 0.0340605 0.0623943 0.052 0.0613481 0.0705222 0.0684288 0.0280475
0.0416055 0.0395974 0.0712448 0.059094 0.07152 0.0818928 0.079152 0.0328637
0.036017 0.0342682 0.0622914 0.0514902 0.0610104 0.0701806 0.0677447 0.028285
0.0580281 0.0552703 0.101717 0.0842532 0.100554 0.117289 0.113263 0.0451765
0.0580281 0.0552703 0.101717 0.0842532 0.100554 0.117289 0.113263 0.0451765
0.0354744 0.0340605 0.0623943 0.052 0.0613481 0.0705222 0.0684288 0.0280475
0.115859 0.110133 0.199768 0.16597 0.19823 0.223709 0.219308 0.0917832
0.0580281 0.0552703 0.101717 0.0842532 0.100554 0.117289 0.113263 0.0451765
loop 27
0.035514 0.0341009 0.0624591 0.0520499 0.0614115 0.070599 0.0685025 0.0280825
0.0456562 0.04365 0.0788192 0.0647887 0.0772425 0.0876144 0.0848802 0.036949
0.0366833 0.0349384 0.0643831 0.0535808 0.063104 0.0722748 0.069833 0.028996
0.0560384 0.053278 0.09972 0.0806982 0.0985606 0.113571 0.109576 0.0432028
0.0560384 0.053278 0.09972 0.0806982 0.0985606 0.113571 0.109576 0.0432028
0.035514 0.0341009 0.0624591 0.0520499 0.0614115 0.070599 0.0685025 0.0280825
0.115882 0.110155 0.199795 0.166001 0.198269 0.22374 0.219339 0.0918036
0.0560384 0.053278 0.09972 0.0806982 0.0985606 0.113571 0.109576 0.0432028
loop 28
0.0355068 0.0340941 0.062451 0.0520437 0.0614036 0.0705894 0.0684933 0.0280775
0.0501873 0.04815 0.0836325 0.0694998 0.083835 0.096236 0.093469 0.0398921
0.036017 0.0342708 0.0622789 0.0514855 0.0610043 0.0701659 0.0677305 0.0282869
0.0581501 0.0553036 0.102765 0.0849442 0.101563 0.116845 0.114531 0.0463648
0.0581501 0.0553036 0.102765 0.0849442 0.101563 0.116845 0.114531 0.0463648
0.0355068 0.0340941 0.062451 0.0520437 0.0614036 0.0705894 0.0684933 0.0280775
0.115882 0.110155 0.199795 0.166001 0.198269 0.22374 0.219339 0.0918077
0.0581501 0.0553036 0.102765 0.0849442 0.101563 0.116845 0.114531 0.0463648
loop 29
0.0354744 0.0340639 0.0623943 0.052 0.0613481 0.0705318 0.068438 0.02805
0.0470213 0.0449954 0.0785825 0.0662854 0.0788044 0.0892436 0.0865021 0.0367377
0.0360226 0.034276 0.0622852 0.051495 0.0610104 0.0701806 0.0677447 0.0282888
0.0573632 0.0545349 0.102082 0.0826126 0.0991946 0.116214 0.112132 0.0455678
0.0573632 0.0545349 0.102082 0.0826126 0.0991946 0.116214 0.112132 0.0455678
0.0354744 0.0340639 0.0623943 0.052 0.0613481 0.0705318 0.068438 0.02805
0.115876 0.11015 0.199781 0.16598 0.198256 0.223709 0.219323 0.0917996
0.0573632 0.0545349 0.102082 0.0826126 0.0991946 0.116214 0.112132 0.0455678
loop 30
0.0355068 0.0340941 0.0624429 0.0520437 0.0613957 0.0705798 0.0684841 0.0280775
0.0488679 0.0468438 0.0822121 0.0681165 0.0823942 0.0928668 0.0901237 0.038617
0.0360114 0.034263 0.0622665 0.0514759 0.0609921 0.0701585 0.0677235 0.0282733
0.0582433 0.0540624 0.102149 0.083034 0.0993024 0.116022 0.112013 0.0453152
0.0582433 0.0540624 0.102149 0.083034 0.0993024 0.116022 0.112013 0.0453152
0.0355068 0.0340941 0.0624429 0.0520437 0.0613957 0.0705798 0.0684841 0.0280775
0.11587 0.110144 0.199808 0.16597 0.198256 0.22374 0.219339 0.0917996
0.0582433 0.0540624 0.102149 0.083034 0.0993024 0.116022 0.112013 0.0453152
loop 31
0.0355284 0.0341143 0.0624591 0.0520687 0.0614274 0.0706182 0.068521 0.028095
0.0476676 0.0456562 0.0808086 0.068518 0.0810255 0.0914412 0.0887046 0.0374625
0.0360086 0.034263 0.0622665 0.0514759 0.0609921 0.0701585 0.0677235 0.0282753
0.0573759 0.053195 0.099648 0.0821803 0.0984756 0.113469 0.109478 0.0444366
0.0573759 0.053195 0.099648 0.0821803 0.0984756 0.113469 0.109478 0.0444366
0.0355284 0.0341143 0.0624753 0.0520687 0.0614274 0.0706182 0.068521 0.028095
0.115853 0.110128 0.199781 0.16597 0.19823 0.223709 0.219308 0.0917791
0.0573759 0.053195 0.099648 0.0821803 0.0984756 0.113469 0.109478 0.0444366

work load: wupwise.mips vortex.mips mcf.mips swim.mips swim.mips wupwise.mips bzip2.mips swim.mips
