loop 0  
0.221699 0.234404 0.188405 0.235578
1.60247 2.33963 1.86063 1.1584
0.106738 0.124161 0.115549 0.148235
0.322529 0.36072 0.296557 0.36606
loop 1  
0.236225 0.246657 0.200496 0.252086
1.60257 2.33944 1.86022 1.15856
0.0995652 0.097218 0.0921354 0.119384
0.325655 0.363618 0.29519 0.364373
loop 2  
0.225684 0.239173 0.193074 0.244458
1.61182 2.33889 1.85953 1.15777
0.142492 0.150755 0.133829 0.168977
0.322263 0.360388 0.292611 0.365967
loop 3  
0.223414 0.236067 0.193819 0.241293
1.61192 2.33889 1.85967 1.15793
0.18077 0.212564 0.17165 0.21722
0.324979 0.362705 0.294516 0.367615
loop 4  
0.228326 0.241332 0.19521 0.24665
1.61202 2.33889 1.85981 1.15788
0.14305 0.17665 0.14181 0.180103
0.331778 0.367048 0.299215 0.372027
loop 5  
0.231042 0.243691 0.197741 0.249262
1.60257 2.33908 1.86063 1.15846
0.178359 0.237378 0.201773 0.247022
0.312085 0.354092 0.286224 0.354617
loop 6  
0.231681 0.241332 0.195408 0.246859
1.60267 2.33963 1.86022 1.15856
0.222698 0.258137 0.211426 0.262815
0.317215 0.359131 0.291121 0.36405
loop 7  
0.235656 0.246833 0.200745 0.248157
1.60247 2.33944 1.86049 1.1584
0.185036 0.245896 0.179512 0.221382
0.317271 0.359629 0.29139 0.359823
loop 8  
0.236053 0.246218 0.200247 0.247662
1.61202 2.33889 1.85967 1.15793
0.152594 0.215773 0.1579 0.199534
0.324187 0.362153 0.293787 0.366913
loop 9  
0.239059 0.246759 0.200475 0.247917
1.61182 2.33889 1.85953 1.15772
0.15445 0.218684 0.1649 0.205583
0.317571 0.359653 0.291875 0.360028
loop 10  
0.238777 0.246335 0.200161 0.251798
1.61192 2.33889 1.85967 1.15793
0.132135 0.202855 0.136909 0.174458
0.32496 0.362177 0.294188 0.367194
loop 11  
0.238602 0.246335 0.200193 0.251741
1.60267 2.33963 1.86036 1.15856
0.152601 0.215721 0.161343 0.199311
0.32152 0.363498 0.295063 0.363888
loop 12  
0.240215 0.251973 0.20168 0.253187
1.60247 2.33963 1.86063 1.15846
0.151028 0.219035 0.165078 0.205715
0.321825 0.363426 0.294771 0.363726
loop 13  
0.255877 0.260806 0.214654 0.266606
1.60257 2.33963 1.86022 1.15856
0.135059 0.205578 0.139284 0.176932
0.321234 0.363066 0.295063 0.363495
loop 14  
0.245169 0.257078 0.206929 0.258691
1.61182 2.33889 1.85994 1.15777
0.152877 0.215955 0.157846 0.199439
0.321329 0.362946 0.294698 0.362918
loop 15  
0.244801 0.254457 0.204417 0.25596
1.61202 2.33889 1.85967 1.15793
0.149363 0.216805 0.163141 0.203806
0.32013 0.362009 0.294042 0.366725
loop 16  
0.24732 0.256406 0.206437 0.25798
1.61182 2.33889 1.85953 1.15772
0.134737 0.205017 0.13878 0.176336
0.331416 0.37104 0.301943 0.375821
loop 17  
0.246874 0.256078 0.206185 0.257692
1.60257 2.33908 1.86022 1.15851
0.149919 0.216253 0.15814 0.195928
0.317928 0.359629 0.291085 0.359868
loop 18  
0.244688 0.251035 0.204911 0.256556
1.60267 2.33963 1.86022 1.15856
0.149613 0.217124 0.159766 0.204044
0.324322 0.361336 0.296898 0.366327
loop 19  
0.250039 0.252828 0.206746 0.258297
1.60247 2.33963 1.86063 1.1584
0.131605 0.204926 0.138703 0.176311
0.321177 0.358064 0.293823 0.362848
loop 20  
0.252209 0.258684 0.208459 0.260054
1.60257 2.33944 1.86022 1.15856
0.149984 0.216214 0.161287 0.199216
0.322893 0.364991 0.295788 0.369851
loop 21  
0.257579 0.263209 0.217022 0.269096
1.61182 2.33889 1.85953 1.15777
0.150496 0.214176 0.160703 0.201189
0.323124 0.364748 0.295622 0.369448
loop 22  
0.252596 0.259382 0.209415 0.261023
1.61192 2.33889 1.85967 1.15793
0.134732 0.208016 0.141496 0.179259
0.32324 0.36504 0.299929 0.3694
loop 23  
0.258348 0.261677 0.211755 0.263531
1.61202 2.33889 1.85981 1.15788
0.149965 0.216214 0.161097 0.198961
0.32681 0.368429 0.298784 0.373228
loop 24  
0.257256 0.26108 0.211185 0.262797
1.60257 2.33908 1.86063 1.15846
0.148367 0.211552 0.158268 0.198633
0.326536 0.367985 0.298615 0.372748
loop 25  
0.257317 0.257652 0.211577 0.263219
1.60267 2.33963 1.86022 1.15856
0.134748 0.207479 0.141331 0.179149
0.320568 0.362321 0.293313 0.362479
loop 26  
0.269385 0.268304 0.21819 0.274194
1.60247 2.33944 1.86049 1.1584
0.149427 0.215799 0.160511 0.19825
0.32907 0.367862 0.298896 0.372676
loop 27  
0.264854 0.265507 0.215445 0.27127
1.61202 2.33889 1.85967 1.15793
0.145663 0.212365 0.158851 0.199247
0.323202 0.361648 0.297212 0.366889
loop 28  
0.267403 0.270869 0.220904 0.27694
1.61182 2.33889 1.85953 1.15772
0.132442 0.204365 0.138579 0.176269
0.320053 0.362321 0.293823 0.362733
loop 29  
0.265516 0.262668 0.216739 0.268467
1.61192 2.33889 1.85967 1.15793
0.150536 0.216357 0.161184 0.199046
0.32583 0.364456 0.299929 0.369282
loop 30  
0.270816 0.268152 0.218353 0.274277
1.60267 2.33963 1.86036 1.15856
0.143209 0.209669 0.156588 0.196941
0.326007 0.364286 0.295991 0.369353
loop 31  
0.264193 0.266156 0.216221 0.267854
1.60247 2.33963 1.86063 1.15846
0.125884 0.198185 0.132861 0.167923
0.324805 0.363258 0.294097 0.363703
loop 32  
0.267256 0.26609 0.216061 0.267725
1.60257 2.33963 1.86022 1.15856
0.124532 0.200705 0.133877 0.17331
0.322989 0.365259 0.296121 0.36518
loop 33  
0.27236 0.267426 0.221261 0.273129
1.61182 2.33889 1.85994 1.15777
0.135366 0.203211 0.140415 0.179504
0.326399 0.368552 0.299347 0.368475
loop 34  
0.27473 0.272895 0.222842 0.278849
1.61202 2.33889 1.85967 1.15793
0.138581 0.204338 0.140286 0.178571
0.330263 0.368059 0.302895 0.372916
loop 35  
0.278192 0.275948 0.226002 0.282286
1.61182 2.33889 1.85953 1.15772
0.135653 0.20415 0.142094 0.18094
0.333351 0.370516 0.30531 0.375164
loop 36  
0.277808 0.270423 0.220559 0.276416
1.60257 2.33908 1.86022 1.15851
0.139879 0.210057 0.141246 0.179589
0.32734 0.36902 0.299347 0.36895
loop 37  
0.28243 0.278228 0.224428 0.280265
1.60267 2.33963 1.86022 1.15856
0.140136 0.209252 0.145498 0.184301
0.331436 0.370765 0.301467 0.371042
loop 38  
0.29015 0.284136 0.230057 0.286147
1.60247 2.33963 1.86063 1.1584
0.13663 0.208738 0.144779 0.183757
0.327457 0.364237 0.299478 0.368855
loop 39  
0.277861 0.270406 0.220393 0.276264
1.60257 2.33944 1.86022 1.15856
0.143996 0.211244 0.147714 0.186836
0.320073 0.362273 0.29324 0.36234
loop 40  
0.276414 0.273173 0.223115 0.274963
1.61182 2.33889 1.85953 1.15777
0.141407 0.211945 0.147623 0.18689
0.320263 0.363018 0.294261 0.363403
loop 41  
0.288334 0.283821 0.229811 0.285931
1.61192 2.33889 1.85967 1.15793
0.140027 0.209555 0.145222 0.184619
0.31699 0.35842 0.29406 0.363126
loop 42  
0.284893 0.281631 0.227622 0.28359
1.61202 2.33889 1.85981 1.15788
0.136744 0.209631 0.144991 0.184518
0.320777 0.362417 0.293459 0.362687
loop 43  
0.286817 0.280246 0.230358 0.286596
1.60257 2.33908 1.86063 1.15846
0.145563 0.214593 0.149286 0.188845
0.323414 0.360928 0.29662 0.365789
loop 44  
0.290281 0.280282 0.230372 0.286488
1.60267 2.33963 1.86022 1.15856
0.144764 0.212207 0.147898 0.187639
0.321025 0.362153 0.293951 0.367053
loop 45  
0.286947 0.281358 0.227312 0.283272
1.60247 2.33944 1.86049 1.1584
0.142279 0.208774 0.148121 0.183966
0.320796 0.357993 0.293842 0.362617
loop 46  
0.292954 0.283747 0.229551 0.28559
1.61202 2.33889 1.85967 1.15793
0.137057 0.209952 0.145626 0.185229
0.327457 0.368971 0.299741 0.368902
loop 47  
0.30078 0.293784 0.239849 0.296268
1.61182 2.33889 1.85953 1.15772
0.138394 0.210733 0.147341 0.183013
0.327634 0.369242 0.299854 0.368997
loop 48  
0.29 0.281139 0.227353 0.283325
1.61192 2.33889 1.85967 1.15793
0.141111 0.210232 0.147123 0.182598
0.331839 0.367664 0.298802 0.368333
loop 49  
0.29792 0.285232 0.231403 0.291682
1.60267 2.33963 1.86036 1.15856
0.142689 0.2121 0.145786 0.185167
0.323685 0.36577 0.296472 0.365953
loop 50  
0.308013 0.293647 0.239673 0.295906
1.60247 2.33963 1.86063 1.15846
0.138309 0.209987 0.143637 0.182701
0.320568 0.358159 0.293678 0.363033
loop 51  
0.300243 0.291283 0.237312 0.293641
1.60257 2.33963 1.86022 1.15856
0.131232 0.207731 0.137036 0.176654
0.323723 0.365283 0.296916 0.365227
loop 52  
0.300064 0.291631 0.237773 0.294035
1.61182 2.33889 1.85994 1.15777
0.133531 0.207147 0.140642 0.176329
0.321063 0.362489 0.293495 0.362363
loop 53  
0.302823 0.290626 0.236866 0.293003
1.6514 2.35519 1.88709 1.19443
0.128617 0.204448 0.137419 0.173086
0.323047 0.365064 0.295899 0.369732
loop 54  
0.299766 0.284913 0.235044 0.29122
1.61202 2.33853 1.85967 1.15793
0.13177 0.214256 0.13632 0.173481
0.320358 0.361841 0.293769 0.361993
loop 55  
0.304445 0.293216 0.239234 0.295582
1.60267 2.33963 1.86036 1.15856
0.127613 0.209046 0.135298 0.168595
0.321196 0.357946 0.293641 0.362432
loop 56  
0.308013 0.296267 0.242535 0.303192
1.60247 2.33963 1.86063 1.15846
0.133437 0.21245 0.136279 0.171099
0.326987 0.3687 0.299534 0.373421
loop 57  
0.30625 0.291903 0.238458 0.298703
1.60257 2.33963 1.86022 1.15851
0.142188 0.208264 0.151213 0.187142
0.324573 0.362033 0.297397 0.367053
loop 58  
0.304547 0.291167 0.237226 0.293359
1.61182 2.33889 1.85967 1.15777
0.130016 0.192115 0.128596 0.164634
0.320682 0.361744 0.296916 0.366562
loop 59  
0.310161 0.292138 0.242118 0.298471
1.61192 2.33889 1.85967 1.15793
0.141876 0.207003 0.145913 0.18624
0.331839 0.37104 0.30179 0.371451
loop 60  
0.318418 0.307259 0.249328 0.310048
1.61182 2.33889 1.85953 1.15772
0.130616 0.19887 0.138453 0.170178
0.320168 0.362489 0.293186 0.362687
loop 61  
0.312194 0.298992 0.241121 0.301487
1.60257 2.33908 1.86022 1.15846
0.143196 0.213405 0.151469 0.192263
0.32324 0.361096 0.296361 0.366281
loop 62  
0.322267 0.303223 0.245416 0.305666
1.60257 2.33963 1.86022 1.15856
0.136784 0.203408 0.14162 0.177894
0.317027 0.358372 0.294079 0.36368
loop 63  
0.31245 0.296227 0.24185 0.298278
1.60247 2.33963 1.86049 1.1584
0.156602 0.216531 0.157483 0.20192
0.316671 0.358396 0.294261 0.362871
loop 64  
0.326031 0.311321 0.253354 0.318461
1.61202 2.33889 1.85967 1.15793
0.1389 0.206738 0.143567 0.184377
0.321329 0.358728 0.293969 0.36368
loop 65  
0.314605 0.298145 0.244394 0.304895
1.61182 2.33889 1.85953 1.15772
0.153485 0.216424 0.158139 0.198678
0.315098 0.356496 0.292467 0.361852
loop 66  
0.317126 0.297238 0.243456 0.303861
1.61192 2.33889 1.85967 1.15793
0.134494 0.205387 0.143006 0.175966
0.314561 0.356355 0.291875 0.356422
loop 67  
0.32328 0.304114 0.245924 0.306372
1.60267 2.33963 1.86036 1.15856
0.149535 0.21128 0.151572 0.19151
0.324709 0.366281 0.296472 0.366796
loop 68  
0.330087 0.312445 0.254322 0.315333
1.60257 2.33908 1.86063 1.15846
0.134136 0.2047 0.13905 0.17642
0.323878 0.365867 0.296195 0.366093
loop 69  
0.323122 0.303845 0.246108 0.306513
1.60257 2.33963 1.86022 1.15856
0.136088 0.200235 0.137168 0.172645
0.336754 0.371639 0.302228 0.377086
loop 70  
0.325393 0.302289 0.248609 0.309128
1.60247 2.33944 1.86049 1.1584
0.12415 0.195757 0.132527 0.166105
0.320034 0.361624 0.297064 0.366702
loop 71  
0.327892 0.305767 0.251698 0.31245
1.61202 2.33889 1.85967 1.15793
0.135644 0.204365 0.138974 0.174385
0.323453 0.365794 0.296176 0.36621
loop 72  
0.337119 0.320242 0.258185 0.323281
1.61182 2.33889 1.85953 1.15772
0.129315 0.185463 0.127699 0.163514
0.320701 0.362297 0.297434 0.367334
loop 73  
0.33366 0.311753 0.253838 0.314534
1.61202 2.33853 1.85967 1.15793
0.12417 0.187523 0.128877 0.16621
0.323839 0.362057 0.297101 0.362733
loop 74  
0.341167 0.316764 0.258651 0.319381
1.60267 2.33963 1.86036 1.15856
0.118235 0.18102 0.11862 0.15301
0.323124 0.362345 0.293368 0.36264
loop 75  
0.33611 0.310997 0.252854 0.313483
1.60247 2.33963 1.86063 1.15846
0.130265 0.199518 0.134044 0.175758
0.320415 0.363162 0.294006 0.363334
loop 76  
0.339633 0.32004 0.261967 0.322974
1.60257 2.33963 1.86022 1.15851
0.140808 0.199861 0.141645 0.178613
0.320549 0.35861 0.290438 0.363472
loop 77  
0.338587 0.312986 0.255328 0.320159
1.61182 2.33889 1.85967 1.15777
0.122697 0.187311 0.128574 0.160256
0.321196 0.358752 0.290438 0.363565
loop 78  
0.336014 0.311299 0.253354 0.313924
1.61192 2.33889 1.85967 1.15793
0.155345 0.212883 0.155464 0.199024
0.322339 0.360056 0.291103 0.360598
loop 79  
0.340748 0.316231 0.258019 0.318733
1.61182 2.33889 1.85953 1.15772
0.124039 0.188799 0.12843 0.163085
0.321558 0.358871 0.290636 0.363611
loop 80  
0.34822 0.325697 0.263541 0.32877
1.60257 2.33908 1.86022 1.15846
0.154138 0.214279 0.158986 0.203361
0.339676 0.37119 0.306334 0.376454
loop 81  
0.343879 0.315321 0.257686 0.322624
1.60257 2.33963 1.86022 1.15856
0.130594 0.194757 0.134766 0.172967
0.32411 0.36594 0.297083 0.36621
loop 82  
0.346324 0.31923 0.261054 0.321879
1.60247 2.33963 1.86049 1.1584
0.152713 0.219248 0.164239 0.20862
0.322701 0.361266 0.292288 0.362125
loop 83  
0.34944 0.325004 0.266814 0.327915
1.61202 2.33889 1.85967 1.15793
0.140417 0.196748 0.141423 0.183197
0.320929 0.358752 0.294407 0.363796
loop 84  
0.346906 0.322566 0.264726 0.325666
1.61182 2.33889 1.85953 1.15772
0.13034 0.195547 0.134968 0.174036
0.320073 0.362081 0.293058 0.362063
loop 85  
0.352344 0.324034 0.266134 0.327015
1.61192 2.33889 1.85967 1.15793
0.141806 0.193245 0.142627 0.179895
0.317665 0.355278 0.29069 0.359937
loop 86  
0.35167 0.324727 0.266413 0.327285
1.60267 2.33963 1.86036 1.15856
0.151844 0.201174 0.147507 0.193163
0.316971 0.358799 0.290474 0.363541
loop 87  
0.371908 0.344327 0.281813 0.3476
1.60257 2.33908 1.86063 1.15846
0.199019 0.244197 0.206363 0.258412
0.314654 0.356004 0.292108 0.360415
loop 88  
0.355921 0.324218 0.266378 0.331527
1.60257 2.33963 1.86022 1.15856
0.173174 0.228442 0.191168 0.235831
0.315449 0.353191 0.288508 0.357885
loop 89  
0.363508 0.328656 0.270669 0.335872
1.60247 2.33944 1.86049 1.1584
0.207725 0.268518 0.22658 0.279491
0.318379 0.355489 0.291085 0.360393
loop 90  
0.359842 0.329937 0.271728 0.332698
1.61202 2.33889 1.85967 1.15793
0.214313 0.27742 0.239226 0.292121
0.328275 0.367147 0.29869 0.371619
loop 91  
0.370031 0.341807 0.279527 0.345206
1.61182 2.33889 1.85953 1.15772
0.465474 0.535331 0.477439 0.541481
0.32411 0.365478 0.296953 0.365297
loop 92  
0.365889 0.331545 0.273667 0.338973
1.61202 2.33853 1.85967 1.15793
0.422637 0.537405 0.479151 0.544009
0.327379 0.364626 0.299985 0.369211
loop 93  
0.360111 0.32693 0.268767 0.334107
1.60267 2.33963 1.86036 1.15856
0.53042 0.474105 0.399193 0.473473
0.326967 0.36414 0.299685 0.369092
loop 94  
0.369083 0.337938 0.279377 0.345377
1.60247 2.33963 1.86063 1.15846
0.561189 0.416515 0.33932 0.415306
0.316802 0.358538 0.293842 0.363334
loop 95  
0.366743 0.33265 0.274705 0.340159
1.60257 2.33963 1.86022 1.15851
0.636061 0.546033 0.451245 0.549769
0.321082 0.358396 0.29386 0.363149
loop 96  
0.367828 0.337741 0.275683 0.340987
1.61182 2.33889 1.85967 1.15777
0.929004 0.722891 0.591544 0.714732
0.321158 0.362225 0.293295 0.362294
loop 97  
0.371936 0.334766 0.276626 0.341996
1.61192 2.33889 1.85967 1.15793
1.3469 0.95557 0.730171 0.883947
0.306444 0.34722 0.282899 0.348488
loop 98  
0.384119 0.348663 0.286415 0.356608
1.61182 2.33889 1.85953 1.15772
1.34238 0.952985 0.732232 0.879002
0.306462 0.3465 0.282419 0.347754
loop 99  
0.388411 0.348741 0.28667 0.352265
1.60257 2.33908 1.86022 1.15846
1.34238 0.948585 0.732186 0.879002
0.310028 0.349927 0.285579 0.351034
   
work load:ammp,bzip2,crafty,equake  
