loop 0
	0.0573931	0.0556958	0.0999512	0.0826398	0.0987559
	0.0579407	0.055158	0.101702	0.0842074	0.100525
	0.137581	0.133416	0.22562	0.188976	0.224571
	0.0558272	0.0521717	0.10042	0.0817721	0.0994213
loop 1
	0.0573792	0.0556827	0.0999304	0.082624	0.0987355
	0.0594099	0.0565325	0.103075	0.0850358	0.101846
	0.142906	0.138656	0.232195	0.197318	0.233478
	0.056049	0.0523885	0.099282	0.0820816	0.098281
loop 2
	0.0573931	0.0556958	0.0999512	0.0826398	0.0987559
	0.0564288	0.0536456	0.100426	0.0812606	0.0975794
	0.103676	0.099741	0.169622	0.144178	0.171163
	0.0555864	0.0531471	0.100536	0.081757	0.099551
loop 3
	0.0573931	0.0556958	0.0999512	0.0826398	0.0987559
	0.0569036	0.0541476	0.102194	0.083079	0.09936
	0.111012	0.106902	0.18111	0.152679	0.180384
	0.0557638	0.0533473	0.101846	0.0816914	0.0993342
loop 4
	0.0573792	0.0556871	0.0999304	0.082624	0.0987355
	0.0559936	0.0532365	0.099648	0.0821914	0.0984898
	0.114973	0.108948	0.185287	0.156773	0.186736
	0.0550289	0.0526125	0.0996653	0.0809899	0.0986586
loop 5
	0.0573931	0.0556958	0.0999408	0.0826319	0.0987559
	0.0583535	0.0555043	0.103117	0.0852475	0.101909
	0.116705	0.112792	0.191578	0.161428	0.193195
	0.054843	0.0524318	0.0993516	0.0807386	0.0983497
loop 6
	0.0574948	0.0556915	0.0999408	0.0826319	0.0987457
	0.0576064	0.0547662	0.10077	0.0829479	0.0995705
	0.1017	0.0977516	0.168052	0.140392	0.167435
	0.0549282	0.0525113	0.099491	0.0808444	0.098487
loop 7
	0.0573885	0.0556958	0.0999408	0.0826319	0.0987457
	0.0580954	0.055314	0.101911	0.082843	0.10073
	0.104542	0.100537	0.171155	0.143381	0.170522
	0.0556716	0.0519816	0.0991734	0.0804582	0.098189
loop 8
	0.0573931	0.0557002	0.0999512	0.0826398	0.0987559
	0.0562112	0.0534262	0.0983765	0.0809578	0.0972034
	0.107542	0.103509	0.177093	0.148871	0.176335
	0.0545649	0.0508959	0.0979017	0.0792572	0.0969172
loop 9
	0.0573838	0.0556871	0.0999408	0.082624	0.0987457
	0.0557696	0.0530171	0.0992736	0.0818717	0.0981074
	0.111963	0.107942	0.183592	0.155304	0.182758
	0.0544741	0.0508133	0.0977834	0.0791423	0.0952893
loop 10
	0.0573885	0.0556958	0.0999408	0.0826319	0.0987457
	0.0612639	0.0583872	0.106569	0.0884714	0.105334
	0.107487	0.103697	0.178411	0.149109	0.177906
	0.0543984	0.0507444	0.0976482	0.0790401	0.0966509
loop 11
	0.0573977	0.0557002	0.0999512	0.0826398	0.0987559
	0.0569152	0.0541081	0.0995518	0.0819312	0.0983731
	0.105459	0.101507	0.171606	0.146066	0.173175
	0.0517226	0.0492608	0.0939062	0.0766087	0.0914094
loop 12
	0.0573838	0.0556871	0.0999408	0.082624	0.0987457
	0.0581962	0.0540198	0.101985	0.0829104	0.100818
	0.111784	0.107763	0.181215	0.153041	0.182768
	0.051075	0.04864	0.0928438	0.0757057	0.0918408
loop 13
	0.0573931	0.0556958	0.0999408	0.0826319	0.0987457
	0.0552141	0.0524461	0.0973566	0.0799388	0.0961926
	0.125616	0.121594	0.206548	0.173377	0.205661
	0.0516399	0.049184	0.09375	0.0764899	0.0927634
loop 14
	0.0573931	0.0557002	0.0999512	0.0826398	0.0987559
	0.0589829	0.0561565	0.103444	0.0840902	0.102238
	0.128626	0.122626	0.209822	0.176574	0.211308
	0.0485686	0.044843	0.0854994	0.069683	0.0844945
loop 15
	0.0573792	0.0556871	0.0999304	0.082624	0.0987355
	0.058944	0.0546713	0.102298	0.0843853	0.101081
	0.12747	0.121469	0.208747	0.175462	0.207946
	0.045945	0.0434419	0.082858	0.068411	0.0818496
loop 16
	0.0575179	0.0557089	0.0999616	0.0826477	0.0987661
	0.0572907	0.0545005	0.101199	0.083652	0.100022
	0.105038	0.10112	0.173225	0.145569	0.172626
	0.0459821	0.0446194	0.0816947	0.066703	0.0806353
loop 17
	0.0573931	0.0556958	0.0999512	0.0826398	0.0987559
	0.0560256	0.0532602	0.0996912	0.0822355	0.0985322
	0.126818	0.122903	0.210867	0.175887	0.210139
	0.0509952	0.0484087	0.0904642	0.0741251	0.0894165
loop 18
	0.0573792	0.0556827	0.0999304	0.082624	0.0987355
	0.0557824	0.0530349	0.0993024	0.0818937	0.0981357
	0.149107	0.142682	0.239884	0.204424	0.241021
	0.0461172	0.043512	0.0813254	0.0665684	0.0802833
loop 19
	0.0573931	0.0556958	0.0999512	0.0826398	0.0987559
	0.0596957	0.0568243	0.106387	0.0867033	0.103439
	0.154131	0.147588	0.245786	0.209967	0.246864
	0.0512677	0.0487511	0.0913306	0.0752475	0.0902736
loop 20
	0.0573931	0.0556958	0.0999512	0.0826398	0.0987559
	0.0569664	0.0541496	0.101448	0.0836687	0.100246
	0.135676	0.131078	0.213065	0.183882	0.216457
	0.050272	0.047764	0.0902016	0.0741762	0.0891577
loop 21
	0.0573792	0.0556871	0.0999304	0.082624	0.0987355
	0.0571004	0.054318	0.0991728	0.0817945	0.0980224
	0.135757	0.131247	0.216832	0.183236	0.217831
	0.054202	0.0517143	0.0984842	0.0794212	0.0974353
loop 22
	0.0573931	0.0556958	0.0999408	0.0826319	0.0987559
	0.0562176	0.0534321	0.100051	0.0809686	0.0972174
	0.130349	0.124156	0.211776	0.177523	0.210667
	0.0507904	0.048268	0.09108	0.0749149	0.0900356
loop 23
	0.0574948	0.0556915	0.0999408	0.0826319	0.0987457
	0.0566805	0.0539225	0.100232	0.0828093	0.0990576
	0.126559	0.122011	0.200801	0.169704	0.201777
	0.0545159	0.0507931	0.0969441	0.0795415	0.095903
loop 24
	0.0573885	0.0556958	0.0999408	0.0826319	0.0987457
	0.0604286	0.0575545	0.10584	0.0860678	0.104595
	0.128067	0.12348	0.202669	0.173721	0.206068
	0.0520484	0.0495177	0.092619	0.0749149	0.0915552
loop 25
	0.0573931	0.0557002	0.0999512	0.0826398	0.0987559
	0.056704	0.0539183	0.0991553	0.0816067	0.0979832
	0.127094	0.122507	0.19945	0.170548	0.202865
	0.0537901	0.050067	0.0962901	0.07744	0.0937344
loop 26
	0.0573838	0.0556871	0.0999408	0.082624	0.0987457
	0.0580281	0.0552703	0.101717	0.0842532	0.100554
	0.127931	0.123365	0.202418	0.173516	0.205811
	0.050627	0.0480679	0.0898516	0.0735946	0.0888005
loop 27
	0.0573885	0.0556958	0.0999408	0.0826319	0.0987457
	0.0560384	0.053278	0.09972	0.0806982	0.0985606
	0.12638	0.121827	0.200828	0.171923	0.201749
	0.0502704	0.0477959	0.08972	0.0738879	0.0886896
loop 28
	0.0573977	0.0557002	0.0999512	0.0826398	0.0987559
	0.0581501	0.0553036	0.102765	0.0849442	0.101563
	0.126321	0.121785	0.20047	0.171697	0.201498
	0.0484837	0.045904	0.0865404	0.0702242	0.0854757
loop 29
	0.0573838	0.0556871	0.0999408	0.082624	0.0987457
	0.0573632	0.0545349	0.102082	0.0826126	0.0991946
	0.129574	0.12499	0.204172	0.175221	0.20756
	0.0461981	0.0436856	0.083356	0.0674201	0.0823012
loop 30
	0.0573931	0.0556958	0.0999408	0.0826319	0.0987457
	0.0582433	0.0540624	0.102149	0.083034	0.0993024
	0.125737	0.121153	0.198197	0.169252	0.199178
	0.0428728	0.0402712	0.0753239	0.0620217	0.0742638
loop 31
	0.0573931	0.0557002	0.0999512	0.0826398	0.0987559
	0.0573759	0.053195	0.099648	0.0821803	0.0984756
	0.13276	0.126298	0.210146	0.179494	0.211221
	0.0463419	0.0436552	0.0813936	0.0676006	0.0803171

work load: gap.mips swim.mips gcc.mips crafty.mips
