loop 0
	0.0450819	0.0423055	0.0781132	0.0640254	0.0769155	0.0883416	0.0861016	0.0347903	0.0779572
	0.0424013	0.0407429	0.0710809	0.0594539	0.0696365	0.079716	0.077497	0.0329362	0.0709365
	0.0360226	0.0342734	0.0622727	0.0514855	0.0609982	0.0701659	0.0677305	0.0282927	0.0621416
	0.0579407	0.055158	0.101702	0.0842074	0.100525	0.115527	0.113263	0.0450516	0.10318
	0.035496	0.034084	0.0624267	0.0520312	0.0613877	0.0705606	0.0684657	0.0280675	0.0622971
	0.115847	0.110122	0.199781	0.16598	0.198243	0.223725	0.219323	0.0917873	0.199337
	0.115847	0.110122	0.199781	0.16598	0.198243	0.223725	0.219323	0.0917873	0.199337
	0.0430682	0.040035	0.0728148	0.0608	0.0731461	0.08377	0.0813651	0.0330847	0.0742716
loop 1
	0.0433368	0.0405586	0.0748992	0.062308	0.0752227	0.0866719	0.0828543	0.0342577	0.07627
	0.0429328	0.0412867	0.0728727	0.0612611	0.0729103	0.0830565	0.0808172	0.0347383	0.0727316
	0.0360198	0.0342682	0.0622789	0.0514807	0.0609982	0.0701659	0.0677305	0.028285	0.0621416
	0.0594099	0.0565325	0.103075	0.0850358	0.101846	0.119128	0.114989	0.0460392	0.104595
	0.035514	0.0341009	0.0624591	0.0520499	0.0614115	0.070599	0.0685025	0.028085	0.0623295
	0.115847	0.110122	0.199768	0.16597	0.198203	0.223693	0.219308	0.0917832	0.199324
	0.115847	0.110122	0.199768	0.16597	0.198203	0.223693	0.219308	0.0917832	0.199324
	0.0419245	0.0402612	0.0731792	0.0596016	0.0719118	0.0825048	0.0800988	0.033285	0.0730301
loop 2
	0.0423403	0.0408412	0.0753697	0.0612685	0.0741717	0.0856138	0.0818055	0.033278	0.0752227
	0.0412994	0.03969	0.0694421	0.0580398	0.0695482	0.0795463	0.0773236	0.0331721	0.0693007
	0.036017	0.0342708	0.0622665	0.0514807	0.0609921	0.0701585	0.0677235	0.0282908	0.0621354
	0.0564288	0.0536456	0.100426	0.0812606	0.0975794	0.114361	0.11033	0.043499	0.100238
	0.0354924	0.0340807	0.0624267	0.052025	0.0613798	0.0705606	0.0684657	0.0280675	0.0622971
	0.115841	0.110111	0.199781	0.16597	0.198203	0.223709	0.219323	0.0917791	0.199337
	0.115841	0.110111	0.199781	0.16597	0.198203	0.223709	0.219323	0.0917791	0.199337
	0.0420845	0.0390594	0.0718389	0.05982	0.0705761	0.0827988	0.0787415	0.0334098	0.0732951
loop 3
	0.0444274	0.0416374	0.07611	0.0634698	0.074909	0.0863273	0.0840815	0.0340883	0.07596
	0.0431168	0.0414599	0.0732773	0.0601481	0.0717926	0.0819378	0.0797054	0.0348618	0.0731267
	0.0360001	0.0342552	0.0622477	0.0514616	0.0609738	0.0701363	0.0677023	0.0282753	0.0621167
	0.0569036	0.0541476	0.102194	0.083079	0.09936	0.116075	0.112064	0.0454031	0.102
	0.035478	0.0340672	0.0624024	0.0520063	0.0613561	0.0705318	0.068438	0.028055	0.0622728
	0.115882	0.110155	0.199822	0.165991	0.198269	0.223756	0.219354	0.0918077	0.199378
	0.115882	0.110155	0.199822	0.165991	0.198269	0.223756	0.219354	0.0918077	0.199378
	0.042092	0.0390695	0.0718389	0.0598262	0.0705761	0.0827988	0.0803905	0.0334255	0.0732951
loop 4
	0.0447677	0.0432784	0.0792492	0.0650997	0.0780404	0.0895014	0.0872531	0.0357358	0.0791007
	0.0431887	0.0415233	0.0719401	0.0602782	0.0719585	0.0821252	0.0798858	0.0349203	0.0733055
	0.0359917	0.0342448	0.062254	0.0514616	0.0609738	0.0701437	0.0677023	0.0282656	0.0621167
	0.0559936	0.0532365	0.099648	0.0821914	0.0984898	0.113486	0.109494	0.044486	0.0994608
	0.0355284	0.0341143	0.0624753	0.0520749	0.0614353	0.0706182	0.068521	0.028095	0.0623538
	0.115876	0.11015	0.199795	0.166001	0.198269	0.223725	0.219323	0.0918036	0.199351
	0.115876	0.11015	0.199795	0.166001	0.198269	0.223725	0.219323	0.0918036	0.199351
	0.042118	0.0390897	0.0718713	0.0598512	0.0706078	0.0828283	0.0787692	0.0334411	0.07332
loop 5
	0.0441916	0.0414134	0.0772522	0.0631446	0.07605	0.0874951	0.0852522	0.0351217	0.0770992
	0.0430989	0.0414304	0.0733055	0.0615791	0.0733243	0.0835397	0.0812931	0.0348358	0.0731644
	0.0366949	0.0349546	0.0643765	0.0535808	0.0630976	0.0722593	0.0698256	0.0290122	0.0642388
	0.0583535	0.0555043	0.103117	0.0852475	0.101909	0.117229	0.113159	0.0465313	0.102912
	0.0355068	0.0340941	0.0624429	0.0520437	0.0614036	0.0705894	0.0684933	0.0280775	0.0623214
	0.115876	0.11015	0.199795	0.16598	0.198256	0.223725	0.219339	0.0918036	0.199351
	0.115876	0.11015	0.199795	0.16598	0.198256	0.223725	0.219339	0.0918036	0.199351
	0.0420994	0.0390729	0.0718308	0.05982	0.0705682	0.082789	0.0803811	0.0334281	0.0732868
loop 6
	0.0441037	0.042606	0.0771604	0.0630516	0.07595	0.0873862	0.0851472	0.0350372	0.0770073
	0.0438263	0.0421748	0.0738836	0.0622247	0.0739028	0.08407	0.0818386	0.0356012	0.0752521
	0.0359496	0.0342031	0.0621728	0.051395	0.0608948	0.0700549	0.0692372	0.0282249	0.0620355
	0.0576064	0.0547662	0.10077	0.0829479	0.0995705	0.114869	0.110806	0.0444138	0.100571
	0.0354672	0.0340538	0.0623862	0.0519875	0.0613402	0.0705126	0.0684196	0.0280425	0.0636478
	0.115853	0.110128	0.199768	0.16596	0.198216	0.223693	0.219308	0.0917832	0.199324
	0.115853	0.110128	0.199768	0.16596	0.198216	0.223693	0.219308	0.0917832	0.199324
	0.0418836	0.040223	0.0730964	0.0595329	0.0718308	0.0824166	0.0800141	0.0332486	0.0729473
loop 7
	0.0460453	0.0432605	0.0791325	0.0650187	0.077926	0.0909664	0.0871321	0.035729	0.078984
	0.0447867	0.0431303	0.0748698	0.0631988	0.0748894	0.0850539	0.0828206	0.0353321	0.07623
	0.0359524	0.0342058	0.0621853	0.0514045	0.0609069	0.0700697	0.0692516	0.0282269	0.062048
	0.0580954	0.055314	0.101911	0.082843	0.10073	0.115757	0.11176	0.0451996	0.101702
	0.0355068	0.0340908	0.0624429	0.0520375	0.0613957	0.0705798	0.0684841	0.0280775	0.0623133
	0.115835	0.110106	0.199781	0.16596	0.19823	0.223709	0.219323	0.091775	0.199337
	0.115835	0.110106	0.199781	0.16596	0.19823	0.223709	0.219323	0.091775	0.199337
	0.0429798	0.0399549	0.0742716	0.0606784	0.072997	0.0836	0.0811922	0.0330197	0.0741192
loop 8
	0.0439974	0.0425015	0.0770278	0.064374	0.077344	0.0888467	0.0850072	0.0349397	0.0784149
	0.0402678	0.0386437	0.0684568	0.0570195	0.0685433	0.0785502	0.07633	0.0321402	0.0697956
	0.0359721	0.034224	0.0622103	0.0514283	0.0609313	0.0700919	0.06766	0.0282482	0.0620792
	0.0562112	0.0534262	0.0983765	0.0809578	0.0972034	0.112165	0.109904	0.0433074	0.0998352
	0.035514	0.0341009	0.0624591	0.0520499	0.0614115	0.070599	0.0685025	0.0280825	0.0623295
	0.115847	0.110122	0.199781	0.16597	0.19823	0.223709	0.219308	0.0917873	0.199337
	0.115847	0.110122	0.199781	0.16597	0.19823	0.223709	0.219308	0.0917873	0.199337
	0.0420733	0.0390527	0.0717822	0.0597825	0.0721143	0.0827302	0.0803246	0.0334124	0.0732289
loop 9
	0.0443025	0.0415233	0.077395	0.0632762	0.0762	0.0876524	0.0854038	0.0339974	0.077242
	0.0440575	0.0423752	0.074383	0.0611871	0.0728727	0.0830565	0.0808172	0.035756	0.0742389
	0.0359552	0.0342058	0.0621916	0.0514093	0.060913	0.0700771	0.0692589	0.0282308	0.0620605
	0.0557696	0.0530171	0.0992736	0.0818717	0.0981074	0.113057	0.109068	0.0443019	0.099072
	0.0354816	0.0340706	0.0624105	0.0520125	0.061364	0.0705414	0.0684472	0.0280575	0.0622809
	0.115876	0.110144	0.199808	0.166011	0.198269	0.22374	0.219339	0.0918077	0.199364
	0.115876	0.110144	0.199808	0.166011	0.198269	0.22374	0.219339	0.0918077	0.199364
	0.0420696	0.040404	0.0718065	0.0597888	0.0721305	0.0827596	0.0803435	0.0334046	0.0732537
loop 10
	0.0441037	0.0426104	0.0771196	0.064469	0.07592	0.0873499	0.0851122	0.0350437	0.0784982
	0.0450153	0.0433323	0.0754285	0.0621793	0.0754187	0.0856837	0.0834385	0.0354667	0.0752815
	0.0359636	0.0342162	0.0621916	0.051414	0.060913	0.0700697	0.0676388	0.0282424	0.0620543
	0.0612639	0.0583872	0.106569	0.0884714	0.105334	0.122654	0.118501	0.0479052	0.108093
	0.0354924	0.0340807	0.0624267	0.052025	0.0613798	0.0705606	0.0684657	0.028065	0.0622971
	0.11587	0.110144	0.199795	0.166001	0.198269	0.22374	0.219339	0.0918077	0.199364
	0.11587	0.110144	0.199795	0.166001	0.198269	0.22374	0.219339	0.0918077	0.199364
	0.0420064	0.0403413	0.0717093	0.0597076	0.0720333	0.082642	0.08024	0.03335	0.0731626
loop 11
	0.0444181	0.0416289	0.07608	0.0634466	0.0748796	0.0878823	0.0840586	0.034082	0.0774562
	0.0448201	0.0431483	0.0750169	0.0632995	0.0750267	0.0852172	0.0829891	0.0353287	0.0748698
	0.0359608	0.0342136	0.0621916	0.051414	0.0609191	0.0700771	0.0676388	0.0282366	0.0620605
	0.0569152	0.0541081	0.0995518	0.0819312	0.0983731	0.1135	0.109484	0.043878	0.101045
	0.0355104	0.0340975	0.062451	0.0520437	0.0614036	0.0705894	0.0684933	0.0280825	0.0623214
	0.115876	0.11015	0.199781	0.165991	0.198243	0.223709	0.219323	0.0918036	0.199337
	0.115876	0.11015	0.199781	0.165991	0.198243	0.223709	0.219323	0.0918036	0.199337
	0.0420473	0.0403796	0.071766	0.0597576	0.0720981	0.0827106	0.0803058	0.0333864	0.0732206
loop 12
	0.0432201	0.0417261	0.07622	0.0621415	0.0750267	0.086458	0.0842188	0.0341667	0.07607
	0.0422793	0.0393844	0.0706116	0.0591293	0.0707018	0.0807523	0.078519	0.0328969	0.0704762
	0.0359749	0.0342292	0.0622165	0.0514283	0.0609434	0.0700993	0.067667	0.0282462	0.0620792
	0.0581962	0.0540198	0.101985	0.0829104	0.100818	0.115845	0.111844	0.0452967	0.101777
	0.035478	0.0340639	0.0624024	0.0520063	0.0613561	0.0705414	0.068438	0.0280525	0.0622728
	0.115859	0.110133	0.199795	0.16597	0.19823	0.223725	0.219323	0.0917873	0.199351
	0.115859	0.110133	0.199795	0.16597	0.19823	0.223725	0.219323	0.0917873	0.199351
	0.0421031	0.0390762	0.0718632	0.0598387	0.070592	0.0828283	0.0787692	0.0334281	0.07332
loop 13
	0.0434266	0.0406446	0.0750463	0.0624291	0.0738548	0.0852522	0.0830116	0.0343298	0.07641
	0.0449486	0.0432605	0.0753109	0.0620885	0.0737971	0.0855554	0.0817394	0.0354061	0.0751639
	0.0359833	0.0342344	0.062229	0.0514426	0.0609495	0.0701141	0.0676812	0.0282559	0.0620917
	0.0552141	0.0524461	0.0973566	0.0799388	0.0961926	0.111145	0.107163	0.0436689	0.0988155
	0.0354888	0.0340773	0.0624105	0.0520187	0.0613719	0.070551	0.0684564	0.0280625	0.062289
	0.118591	0.112909	0.20515	0.171509	0.200133	0.232426	0.224532	0.0947691	0.204697
	0.118591	0.112909	0.20515	0.171509	0.200133	0.232426	0.224532	0.0947691	0.204697
	0.042051	0.0403866	0.0717498	0.0597513	0.0720819	0.082691	0.080287	0.0333916	0.0731958
loop 14
	0.0440066	0.0425146	0.0769869	0.0643502	0.0773134	0.0887974	0.0865412	0.0349592	0.0783629
	0.0442054	0.0425102	0.0732491	0.0614534	0.0732208	0.0834722	0.0812282	0.0358501	0.0746135
	0.0359805	0.0342318	0.0622165	0.0514331	0.0609434	0.0701067	0.067667	0.0282482	0.0620855
	0.0589829	0.0561565	0.103444	0.0840902	0.102238	0.117473	0.113416	0.0458793	0.10325
	0.0355356	0.0341211	0.0624834	0.050771	0.0614432	0.0706278	0.0685302	0.0281	0.0623538
	0.115859	0.110133	0.199768	0.16596	0.198216	0.223693	0.219293	0.0917873	0.199324
	0.115859	0.110133	0.199768	0.16596	0.198216	0.223693	0.219293	0.0917873	0.199324
	0.0429336	0.0399097	0.0742124	0.0606208	0.0729308	0.08353	0.081125	0.0329807	0.07406
loop 15
	0.045139	0.0423534	0.0782485	0.0641284	0.0770482	0.0884894	0.0862442	0.0348195	0.0780924
	0.0451343	0.042153	0.0741333	0.062361	0.0741141	0.0843562	0.0821142	0.0355508	0.0739892
	0.0359692	0.0342188	0.0622228	0.0514331	0.0609434	0.0701067	0.0676741	0.0282385	0.0620855
	0.058944	0.0546713	0.102298	0.0843853	0.101081	0.116455	0.112361	0.0456846	0.102096
	0.0355068	0.0340908	0.0624429	0.0520437	0.0614036	0.0705894	0.0684841	0.028075	0.0623214
	0.115882	0.110155	0.199781	0.165991	0.198256	0.223725	0.219323	0.0918036	0.199337
	0.115882	0.110155	0.199781	0.165991	0.198256	0.223725	0.219323	0.0918036	0.199337
	0.0418947	0.0402334	0.0731047	0.0595391	0.0718389	0.0824166	0.0800141	0.0332642	0.0729473
loop 16
	0.0443118	0.0415191	0.07597	0.0633382	0.07629	0.0877613	0.0839441	0.0339786	0.077344
	0.0423273	0.0394241	0.070747	0.059221	0.0708192	0.0808929	0.0786646	0.032912	0.0706026
	0.0366862	0.0349438	0.06437	0.0535707	0.0630848	0.0722593	0.0698182	0.0290041	0.0642322
	0.0572907	0.0545005	0.101199	0.083652	0.100022	0.115103	0.111079	0.0443513	0.101008
	0.0354744	0.0340605	0.0623943	0.052	0.0613481	0.0705318	0.0684288	0.0280475	0.0622647
	0.115876	0.110155	0.199808	0.16598	0.198256	0.22374	0.219339	0.0918036	0.199364
	0.115876	0.110155	0.199808	0.16598	0.198256	0.22374	0.219339	0.0918036	0.199364
	0.0422296	0.0391973	0.0720333	0.0599885	0.0707662	0.0813459	0.0789443	0.03224	0.0718794
loop 17
	0.0449676	0.0421835	0.07803	0.0653751	0.0768237	0.0898527	0.0860066	0.0346701	0.0794084
	0.0448962	0.0432021	0.0753403	0.0620809	0.0737971	0.0855788	0.0817724	0.0353455	0.0751933
	0.0359664	0.0342162	0.0622103	0.0514236	0.0609252	0.0700993	0.06766	0.0282404	0.0620792
	0.0560256	0.0532602	0.0996912	0.0822355	0.0985322	0.11352	0.109543	0.0445084	0.099504
	0.0354996	0.0340874	0.0624348	0.0520312	0.0613877	0.0705702	0.0684749	0.02807	0.0623052
	0.115876	0.11015	0.199795	0.165991	0.198256	0.223725	0.219323	0.0917996	0.199351
	0.115876	0.11015	0.199795	0.165991	0.198256	0.223725	0.219323	0.0917996	0.199351
	0.0430566	0.0400245	0.0727734	0.0607616	0.0730964	0.08371	0.0813075	0.0330769	0.0742293
loop 18
	0.0439742	0.0424797	0.0769869	0.0643423	0.0773032	0.0887851	0.0849606	0.0349203	0.0783629
	0.0440528	0.042349	0.0746327	0.062747	0.0745847	0.0849058	0.0826544	0.0356954	0.074479
	0.0359692	0.0342188	0.0622228	0.0514283	0.0609373	0.0701067	0.0676741	0.0282385	0.0620855
	0.0557824	0.0530349	0.0993024	0.0818937	0.0981357	0.113091	0.109117	0.0443109	0.100774
	0.0354996	0.0340874	0.0624348	0.0520312	0.0613877	0.0705702	0.0684749	0.02807	0.0623052
	0.115859	0.110133	0.199781	0.16598	0.198256	0.223709	0.219323	0.0917873	0.199337
	0.115859	0.110133	0.199781	0.16598	0.198256	0.223709	0.219323	0.0917873	0.199337
	0.0419468	0.0402821	0.0732206	0.0596265	0.0719361	0.082544	0.0801459	0.033298	0.0730715
loop 19
	0.043238	0.0417388	0.07635	0.0622172	0.0751345	0.0866006	0.0827756	0.0341542	0.0762
	0.0458591	0.0428789	0.07631	0.0630516	0.0747718	0.086565	0.0843104	0.0362964	0.07616
	0.0359749	0.0342292	0.0622228	0.0514378	0.0609495	0.0701067	0.0676741	0.0282482	0.0620917
	0.0596957	0.0568243	0.106387	0.0867033	0.103439	0.120646	0.116523	0.0464342	0.106175
	0.0354924	0.0340773	0.0624186	0.0520187	0.0613719	0.070551	0.0684564	0.028065	0.062289
	0.115859	0.110133	0.199768	0.16596	0.198216	0.223693	0.219293	0.0917832	0.199324
	0.115859	0.110133	0.199768	0.16596	0.198216	0.223693	0.219293	0.0917832	0.199324
	0.0421366	0.0391099	0.0719037	0.0598824	0.0706395	0.0812018	0.078806	0.0321625	0.0717579
loop 20
	0.0433278	0.0418275	0.07642	0.0623004	0.0752227	0.0866838	0.0844364	0.0342483	0.07627
	0.0440344	0.041105	0.0740949	0.0610022	0.0726281	0.084299	0.0805035	0.0345791	0.0739508
	0.0359692	0.0342214	0.0622103	0.0514283	0.0609313	0.0700919	0.06766	0.0282424	0.0620792
	0.0569664	0.0541496	0.101448	0.0836687	0.100246	0.115511	0.111444	0.0452401	0.101246
	0.035496	0.034084	0.0624267	0.0520312	0.0613877	0.0705702	0.0684749	0.02807	0.0623052
	0.115847	0.110122	0.199781	0.16596	0.19823	0.223725	0.219323	0.091775	0.199337
	0.115847	0.110122	0.199781	0.16596	0.19823	0.223725	0.219323	0.091775	0.199337
	0.0420324	0.0403692	0.0717417	0.0597389	0.0720738	0.082691	0.0802776	0.033376	0.0731958
loop 21
	0.04522	0.0424187	0.0784878	0.0642948	0.0772624	0.0887482	0.0865056	0.0348618	0.0783317
	0.0439557	0.042275	0.0742389	0.0610614	0.0727316	0.0844707	0.0806657	0.0356685	0.0740949
	0.0359636	0.0342136	0.0622103	0.0514188	0.0609313	0.0700993	0.06766	0.0282346	0.0620792
	0.0571004	0.054318	0.0991728	0.0817945	0.0980224	0.112954	0.110679	0.0442256	0.100642
	0.0355176	0.0341042	0.0624672	0.0520624	0.0614194	0.0706086	0.0685117	0.0280875	0.0623376
	0.115882	0.110161	0.199822	0.165991	0.198269	0.223756	0.219354	0.0918077	0.199378
	0.115882	0.110161	0.199822	0.165991	0.198269	0.223756	0.219354	0.0918077	0.199378
	0.0419617	0.0402961	0.0732703	0.059664	0.0719847	0.0826028	0.0802023	0.0333058	0.0731212
loop 22
	0.043467	0.0406733	0.0751737	0.0625199	0.07397	0.0854038	0.0831576	0.0343423	0.07655
	0.0459669	0.0442563	0.07667	0.0632995	0.0750855	0.086957	0.0831239	0.0363347	0.07652
	0.0359721	0.0342266	0.062204	0.0514236	0.0609313	0.0700919	0.06766	0.0282424	0.062073
	0.0562176	0.0534321	0.100051	0.0809686	0.0972174	0.113932	0.10992	0.0433204	0.0998496
	0.035478	0.0340672	0.0624024	0.0520063	0.061364	0.0705414	0.0684472	0.028055	0.0622809
	0.115876	0.110155	0.199795	0.166001	0.198269	0.223725	0.219323	0.0918036	0.199351
	0.115876	0.110155	0.199795	0.166001	0.198269	0.223725	0.219323	0.0918036	0.199351
	0.0419282	0.0402682	0.0731709	0.0595891	0.0719037	0.0824852	0.0800894	0.0332954	0.0730136
loop 23
	0.04415	0.0413712	0.0772318	0.0631213	0.07603	0.0874709	0.0852288	0.0350762	0.0770788
	0.0459032	0.0442054	0.0765	0.0631756	0.07646	0.0867669	0.0845165	0.0363033	0.07635
	0.0359608	0.0342136	0.0621916	0.0514093	0.060913	0.0700771	0.0676388	0.0282346	0.0620605
	0.0566805	0.0539225	0.100232	0.0828093	0.0990576	0.115739	0.111743	0.0451904	0.101702
	0.0354744	0.0340605	0.0623862	0.0519938	0.0613481	0.0705222	0.0684288	0.02805	0.0622647
	0.115876	0.11015	0.199795	0.165991	0.198269	0.223725	0.219339	0.0918036	0.199351
	0.115876	0.11015	0.199795	0.165991	0.198269	0.223725	0.219339	0.0918036	0.199351
	0.0421329	0.0391031	0.0718875	0.0598637	0.0706236	0.0811826	0.0787876	0.0321525	0.0733365
loop 24
	0.0467754	0.0439835	0.0813865	0.0671957	0.0801574	0.0916608	0.0894136	0.036467	0.0812322
	0.047558	0.0458689	0.0795251	0.0661818	0.0779572	0.0898025	0.0875556	0.0379914	0.0793765
	0.0359552	0.0342084	0.0621916	0.0514093	0.060913	0.0700771	0.0692661	0.0282327	0.0620605
	0.0604286	0.0575545	0.10584	0.0860678	0.104595	0.120161	0.116019	0.0470538	0.105632
	0.0355176	0.0341042	0.0624591	0.0520562	0.0614115	0.0706086	0.0685025	0.0280875	0.0623376
	0.115853	0.110128	0.199768	0.16596	0.198216	0.223693	0.219293	0.0917832	0.199324
	0.115853	0.110128	0.199768	0.16596	0.198216	0.223693	0.219293	0.0917832	0.199324
	0.0420361	0.0403726	0.0717336	0.0597264	0.0720576	0.0826714	0.0802682	0.0333838	0.0731792
loop 25
	0.0450724	0.042288	0.0781757	0.0640492	0.0769665	0.0884155	0.0861729	0.0347578	0.0780196
	0.0422009	0.0405504	0.0707109	0.0591504	0.070756	0.0808604	0.0786334	0.0339848	0.0705755
	0.0359692	0.0342214	0.0621978	0.0514188	0.0609191	0.0700845	0.0676529	0.0282482	0.0620667
	0.056704	0.0539183	0.0991553	0.0816067	0.0979832	0.113061	0.109048	0.0437299	0.0989712
	0.0354996	0.0340874	0.0624348	0.0520375	0.0613957	0.0705798	0.0684841	0.0280725	0.0623133
	0.115853	0.110128	0.199781	0.16596	0.19823	0.223725	0.219323	0.0917832	0.199337
	0.115853	0.110128	0.199781	0.16596	0.19823	0.223725	0.219323	0.0917832	0.199337
	0.0417422	0.0400907	0.0728645	0.0608512	0.0715959	0.08382	0.0814035	0.0331367	0.0743139
loop 26
	0.0432111	0.0417092	0.07629	0.0621642	0.0750757	0.0865293	0.0842761	0.0341385	0.07613
	0.0460698	0.043054	0.0753697	0.0634776	0.0753011	0.0856254	0.0833711	0.0364043	0.07675
	0.036017	0.0342682	0.0622914	0.0514902	0.0610104	0.0701806	0.0677447	0.028285	0.0621541
	0.0580281	0.0552703	0.101717	0.0842532	0.100554	0.117289	0.113263	0.0451765	0.10318
	0.0354744	0.0340605	0.0623943	0.052	0.0613481	0.0705222	0.0684288	0.0280475	0.0622647
	0.115859	0.110133	0.199768	0.16597	0.19823	0.223709	0.219308	0.0917832	0.199324
	0.115859	0.110133	0.199768	0.16597	0.19823	0.223709	0.219308	0.0917832	0.199324
	0.0420287	0.0403622	0.0717498	0.0597389	0.0720738	0.082691	0.080287	0.0333656	0.073204
loop 27
	0.0441638	0.042654	0.077395	0.0632143	0.07617	0.0876524	0.0854038	0.0350502	0.077242
	0.0468914	0.0438818	0.0775888	0.0642155	0.0775276	0.0878702	0.0856138	0.0372528	0.0774358
	0.0366833	0.0349384	0.0643831	0.0535808	0.063104	0.0722748	0.069833	0.028996	0.0642453
	0.0560384	0.053278	0.09972	0.0806982	0.0985606	0.113571	0.109576	0.0432028	0.0995328
	0.035514	0.0341009	0.0624591	0.0520499	0.0614115	0.070599	0.0685025	0.0280825	0.0623295
	0.115882	0.110155	0.199795	0.166001	0.198269	0.22374	0.219339	0.0918036	0.199351
	0.115882	0.110155	0.199795	0.166001	0.198269	0.22374	0.219339	0.0918036	0.199351
	0.0409104	0.0392512	0.0721467	0.0600821	0.0708692	0.0814707	0.0790733	0.0322775	0.0719928
loop 28
	0.0452962	0.0424928	0.0770176	0.064366	0.0773338	0.0888344	0.0865768	0.0349332	0.0783941
	0.0476306	0.0459277	0.0781965	0.0663308	0.0781444	0.0900408	0.0877855	0.0380249	0.0795781
	0.036017	0.0342708	0.0622789	0.0514855	0.0610043	0.0701659	0.0677305	0.0282869	0.0621416
	0.0581501	0.0553036	0.102765	0.0849442	0.101563	0.116845	0.114531	0.0463648	0.104277
	0.0355068	0.0340941	0.062451	0.0520437	0.0614036	0.0705894	0.0684933	0.0280775	0.0623214
	0.115882	0.110155	0.199795	0.166001	0.198269	0.22374	0.219339	0.0918077	0.199364
	0.115882	0.110155	0.199795	0.166001	0.198269	0.22374	0.219339	0.0918077	0.199364
	0.0418538	0.0401916	0.0730881	0.0610304	0.0718146	0.082397	0.0800047	0.0332174	0.072939
loop 29
	0.045101	0.0423055	0.0783005	0.0641363	0.0770686	0.088551	0.0863036	0.0347643	0.0781444
	0.0421617	0.0405012	0.0707109	0.0591222	0.070747	0.0808496	0.078623	0.0339347	0.0720599
	0.0360226	0.034276	0.0622852	0.051495	0.0610104	0.0701806	0.0677447	0.0282888	0.0621541
	0.0573632	0.0545349	0.102082	0.0826126	0.0991946	0.116214	0.112132	0.0455678	0.10188
	0.0354744	0.0340639	0.0623943	0.052	0.0613481	0.0705318	0.068438	0.02805	0.0622647
	0.115876	0.11015	0.199781	0.16598	0.198256	0.223709	0.219323	0.0917996	0.199337
	0.115876	0.11015	0.199781	0.16598	0.198256	0.223709	0.219323	0.0917996	0.199337
	0.0421515	0.03912	0.0719199	0.0598886	0.0706474	0.081221	0.0788244	0.0321675	0.0717741
loop 30
	0.044284	0.0414979	0.0774256	0.063284	0.07622	0.0876766	0.0854271	0.033966	0.0772726
	0.045913	0.0441916	0.07673	0.0647542	0.07665	0.0870283	0.0847684	0.0374976	0.07658
	0.0360114	0.034263	0.0622665	0.0514759	0.0609921	0.0701585	0.0677235	0.0282733	0.0621354
	0.0582433	0.0540624	0.102149	0.083034	0.0993024	0.116022	0.112013	0.0453152	0.101955
	0.0355068	0.0340941	0.0624429	0.0520437	0.0613957	0.0705798	0.0684841	0.0280775	0.0623133
	0.11587	0.110144	0.199808	0.16597	0.198256	0.22374	0.219339	0.0917996	0.199364
	0.11587	0.110144	0.199808	0.16597	0.198256	0.22374	0.219339	0.0917996	0.199364
	0.0419878	0.0403274	0.073262	0.0596702	0.0719847	0.082593	0.0801835	0.0333422	0.0731047
loop 31
	0.0448867	0.0433907	0.0794826	0.065286	0.0782485	0.0897523	0.0875072	0.0358199	0.0793235
	0.0478639	0.0448391	0.078675	0.0652536	0.0786022	0.0889699	0.0867194	0.0381923	0.078519
	0.0360086	0.034263	0.0622665	0.0514759	0.0609921	0.0701585	0.0677235	0.0282753	0.0621354
	0.0573759	0.053195	0.099648	0.0821803	0.0984756	0.113469	0.109478	0.0444366	0.101111
	0.0355284	0.0341143	0.0624753	0.0520687	0.0614274	0.0706182	0.068521	0.028095	0.0623457
	0.115853	0.110128	0.199781	0.16597	0.19823	0.223709	0.219308	0.0917791	0.199337
	0.115853	0.110128	0.199781	0.16597	0.19823	0.223709	0.219308	0.0917791	0.199337
	0.0419245	0.0402612	0.0731626	0.0595891	0.0718875	0.0824852	0.08008	0.033285	0.0730136

work load: vpr.mips ammp.mips mcf.mips swim.mips wupwise.mips bzip2.mips bzip2.mips twolf.mips
