loop 0
0.115847 0.110122 0.199781 0.16598 0.198243 0.223725 0.219323 0.0917873
0.0306375 0.029035 0.0520056 0.0435386 0.0508919 0.0592524 0.057024 0.0235357
0.137581 0.133416 0.22562 0.188976 0.224571 0.257645 0.247506 0.110676
0.0424013 0.0407429 0.0710809 0.0594539 0.0696365 0.079716 0.077497 0.0329362
0.0401813 0.0386136 0.0712505 0.0583142 0.0700227 0.0801187 0.0778297 0.0320397
0.137581 0.133416 0.22562 0.188976 0.224571 0.257645 0.247506 0.110676
0.115847 0.110122 0.199781 0.16598 0.198243 0.223725 0.219323 0.0917873
0.0558272 0.0521717 0.10042 0.0817721 0.0994213 0.114628 0.112531 0.0433863
loop 1
0.115847 0.110122 0.199768 0.16597 0.198203 0.223693 0.219308 0.0917832
0.0296091 0.0280101 0.0522958 0.042455 0.0511797 0.058112 0.0573361 0.0236853
0.142906 0.138656 0.232195 0.197318 0.233478 0.267069 0.256814 0.115596
0.0429328 0.0412867 0.0728727 0.0612611 0.0729103 0.0830565 0.0808172 0.0347383
0.0401467 0.0385812 0.0696672 0.0582617 0.0699634 0.0800472 0.0777611 0.0320127
0.142906 0.138656 0.232195 0.197318 0.233478 0.267069 0.256814 0.115596
0.115847 0.110122 0.199768 0.16597 0.198203 0.223693 0.219308 0.0917832
0.056049 0.0523885 0.099282 0.0820816 0.098281 0.115049 0.111366 0.0424029
loop 2
0.115841 0.110111 0.199781 0.16597 0.198203 0.223709 0.219323 0.0917791
0.0306125 0.0290074 0.0519563 0.0435006 0.0522465 0.0591999 0.0584256 0.0235138
0.103676 0.099741 0.169622 0.144178 0.171163 0.195184 0.188028 0.0835062
0.0412994 0.03969 0.0694421 0.0580398 0.0695482 0.0795463 0.0773236 0.0331721
0.0414403 0.0385668 0.0711553 0.0582354 0.0699296 0.0800166 0.0777317 0.0320045
0.103676 0.099741 0.169622 0.144178 0.171163 0.195184 0.188028 0.0835062
0.115841 0.110111 0.199781 0.16597 0.198203 0.223709 0.219323 0.0917791
0.0555864 0.0531471 0.100536 0.081757 0.099551 0.114877 0.111175 0.043037
loop 3
0.115882 0.110155 0.199822 0.165991 0.198269 0.223756 0.219354 0.0918077
0.0315085 0.0298973 0.0528975 0.0444268 0.0531844 0.0601395 0.0593705 0.0243891
0.111012 0.106902 0.18111 0.152679 0.180384 0.207322 0.199988 0.09022
0.0431168 0.0414599 0.0732773 0.0601481 0.0717926 0.0819378 0.0797054 0.0348618
0.0414761 0.0385992 0.0712764 0.0583207 0.0700396 0.0801391 0.0778591 0.0320208
0.111012 0.106902 0.18111 0.152679 0.180384 0.207322 0.199988 0.09022
0.115882 0.110155 0.199822 0.165991 0.198269 0.223756 0.219354 0.0918077
0.0557638 0.0533473 0.101846 0.0816914 0.0993342 0.116108 0.112429 0.0433371
loop 4
0.115876 0.11015 0.199795 0.166001 0.198269 0.223725 0.219323 0.0918036
0.0306825 0.0290742 0.0520822 0.0436062 0.0523725 0.0593377 0.0571052 0.0235676
0.114973 0.108948 0.185287 0.156773 0.186736 0.211471 0.206486 0.0922939
0.0431887 0.0415233 0.0719401 0.0602782 0.0719585 0.0821252 0.0798858 0.0349203
0.0403428 0.038772 0.0699634 0.0585241 0.0687571 0.0788 0.0765247 0.0321776
0.114973 0.108948 0.185287 0.156773 0.186736 0.211471 0.206486 0.0922939
0.115876 0.11015 0.199795 0.166001 0.198269 0.223725 0.219323 0.0918036
0.0550289 0.0526125 0.0996653 0.0809899 0.0986586 0.113882 0.11022 0.0425894
loop 5
0.115876 0.11015 0.199795 0.16598 0.198256 0.223725 0.219339 0.0918036
0.030655 0.0290488 0.0520275 0.043564 0.0523177 0.0592786 0.057049 0.0235491
0.116705 0.112792 0.191578 0.161428 0.193195 0.219892 0.21259 0.0946496
0.0430989 0.0414304 0.0733055 0.0615791 0.0733243 0.0835397 0.0812931 0.0348358
0.0405196 0.037654 0.0687406 0.0573376 0.0690387 0.07912 0.0768416 0.0310872
0.116705 0.112792 0.191578 0.161428 0.193195 0.219892 0.21259 0.0946496
0.115876 0.11015 0.199795 0.16598 0.198256 0.223725 0.219339 0.0918036
0.054843 0.0524318 0.0993516 0.0807386 0.0983497 0.115112 0.111446 0.0424348
loop 6
0.115853 0.110128 0.199768 0.16596 0.198216 0.223693 0.219308 0.0917832
0.0305775 0.0289751 0.0533081 0.0434499 0.0521918 0.0591343 0.0583552 0.0234853
0.1017 0.0977516 0.168052 0.140392 0.167435 0.1915 0.184318 0.0814414
0.0438263 0.0421748 0.0738836 0.0622247 0.0739028 0.08407 0.0818386 0.0356012
0.0417499 0.0388548 0.0717002 0.0586816 0.0704713 0.0806185 0.0783198 0.0322398
0.1017 0.0977516 0.168052 0.140392 0.167435 0.1915 0.184318 0.0814414
0.115853 0.110128 0.199768 0.16596 0.198216 0.223693 0.219308 0.0917832
0.0549282 0.0525113 0.099491 0.0808444 0.098487 0.113695 0.110021 0.0425041
loop 7
0.115835 0.110106 0.199781 0.16596 0.19823 0.223709 0.219323 0.091775
0.0303625 0.0287654 0.0530325 0.0445401 0.051907 0.0602941 0.0580608 0.0244561
0.104542 0.100537 0.171155 0.143381 0.170522 0.194642 0.189701 0.0841605
0.0447867 0.0431303 0.0748698 0.0631988 0.0748894 0.0850539 0.0828206 0.0353321
0.0414086 0.038538 0.0711121 0.0582026 0.0698872 0.0799656 0.0776827 0.0319748
0.104542 0.100537 0.171155 0.143381 0.170522 0.194642 0.189701 0.0841605
0.115835 0.110106 0.199781 0.16596 0.19823 0.223709 0.219323 0.091775
0.0556716 0.0519816 0.0991734 0.0804582 0.098189 0.113451 0.10978 0.0419282
loop 8
0.115847 0.110122 0.199781 0.16597 0.19823 0.223709 0.219308 0.0917873
0.0305625 0.028959 0.0518906 0.0434414 0.0521808 0.0591212 0.0583488 0.0234735
0.107542 0.103509 0.177093 0.148871 0.176335 0.200794 0.195855 0.0869546
0.0402678 0.0386437 0.0684568 0.0570195 0.0685433 0.0785502 0.07633 0.0321402
0.0405119 0.0389376 0.070302 0.057376 0.0690884 0.07917 0.0768896 0.032302
0.107542 0.103509 0.177093 0.148871 0.176335 0.200794 0.195855 0.0869546
0.115847 0.110122 0.199781 0.16597 0.19823 0.223709 0.219308 0.0917873
0.0545649 0.0508959 0.0979017 0.0792572 0.0969172 0.112132 0.108468 0.0420578
loop 9
0.115876 0.110144 0.199808 0.166011 0.198269 0.22374 0.219339 0.0918077
0.0306225 0.0290166 0.0519727 0.0435175 0.0522629 0.0592196 0.0584448 0.0235189
0.111963 0.107942 0.183592 0.155304 0.182758 0.20958 0.202309 0.0914512
0.0440575 0.0423752 0.074383 0.0611871 0.0728727 0.0830565 0.0808172 0.035756
0.0403928 0.0388188 0.070065 0.0571648 0.0688482 0.07891 0.0766303 0.0322182
0.111963 0.107942 0.183592 0.155304 0.182758 0.20958 0.202309 0.0914512
0.115876 0.110144 0.199808 0.166011 0.198269 0.22374 0.219339 0.0918077
0.0544741 0.0508133 0.0977834 0.0791423 0.0952893 0.111991 0.108314 0.04198
loop 10
0.11587 0.110144 0.199795 0.166001 0.198269 0.22374 0.219339 0.0918077
0.0305625 0.028959 0.0518796 0.043433 0.0521699 0.059108 0.058336 0.0234752
0.107487 0.103697 0.178411 0.149109 0.177906 0.203918 0.196764 0.0859842
0.0450153 0.0433323 0.0754285 0.0621793 0.0754187 0.0856837 0.0834385 0.0354667
0.0404004 0.0388296 0.070065 0.0571776 0.0688565 0.07892 0.0766399 0.0322263
0.107487 0.103697 0.178411 0.149109 0.177906 0.203918 0.196764 0.0859842
0.11587 0.110144 0.199795 0.166001 0.198269 0.22374 0.219339 0.0918077
0.0543984 0.0507444 0.0976482 0.0790401 0.0966509 0.11185 0.108178 0.041923
loop 11
0.115876 0.11015 0.199781 0.165991 0.198243 0.223709 0.219323 0.0918036
0.0314539 0.0298468 0.0528131 0.0443528 0.0531 0.0600453 0.0592721 0.0243485
0.105459 0.101507 0.171606 0.146066 0.173175 0.197266 0.190089 0.0851891
0.0448201 0.0431483 0.0750169 0.0632995 0.0750267 0.0852172 0.0829891 0.0353287
0.0415475 0.038664 0.0714321 0.0584388 0.0701835 0.0803125 0.0780258 0.0320694
0.105459 0.101507 0.171606 0.146066 0.173175 0.197266 0.190089 0.0851891
0.115876 0.11015 0.199781 0.165991 0.198243 0.223709 0.219323 0.0918036
0.0517226 0.0492608 0.0939062 0.0766087 0.0914094 0.106592 0.102932 0.0402923
loop 12
0.115859 0.110133 0.199795 0.16597 0.19823 0.223725 0.219323 0.0917873
0.0306925 0.0290811 0.0520932 0.0436104 0.0509772 0.0593508 0.0571176 0.0235727
0.111784 0.107763 0.181215 0.153041 0.182768 0.207273 0.199956 0.08939
0.0422793 0.0393844 0.0706116 0.0591293 0.0707018 0.0807523 0.078519 0.0328969
0.0405465 0.0376783 0.070302 0.0573696 0.0690801 0.07918 0.0768896 0.0311106
0.111784 0.107763 0.181215 0.153041 0.182768 0.207273 0.199956 0.08939
0.115859 0.110133 0.199795 0.16597 0.19823 0.223725 0.219323 0.0917873
0.051075 0.04864 0.0928438 0.0757057 0.0918408 0.105427 0.103337 0.0397686
loop 13
0.118591 0.112909 0.20515 0.171509 0.200133 0.232426 0.224532 0.0947691
0.030735 0.0291226 0.0521589 0.0436738 0.0510465 0.059423 0.0571925 0.0236096
0.125616 0.121594 0.206548 0.173377 0.205661 0.235338 0.227899 0.101289
0.0449486 0.0432605 0.0753109 0.0620885 0.0737971 0.0855554 0.0817394 0.0354061
0.0404735 0.038898 0.0701835 0.0572736 0.0689642 0.07904 0.0767648 0.0310533
0.125616 0.121594 0.206548 0.173377 0.205661 0.235338 0.227899 0.101289
0.118591 0.112909 0.20515 0.171509 0.200133 0.232426 0.224532 0.0947691
0.0516399 0.049184 0.09375 0.0764899 0.0927634 0.106444 0.104324 0.0402257
loop 14
0.115859 0.110133 0.199768 0.16596 0.198216 0.223693 0.219293 0.0917873
0.0304325 0.0288369 0.0530775 0.0432556 0.0519618 0.0603412 0.0581056 0.0245267
0.128626 0.122626 0.209822 0.176574 0.211308 0.24112 0.233663 0.104203
0.0442054 0.0425102 0.0732491 0.0614534 0.0732208 0.0834722 0.0812282 0.0358501
0.0402428 0.0386712 0.069828 0.0583995 0.0701242 0.0802309 0.0779376 0.0320911
0.128626 0.122626 0.209822 0.176574 0.211308 0.24112 0.233663 0.104203
0.115859 0.110133 0.199768 0.16596 0.198216 0.223693 0.219293 0.0917873
0.0485686 0.044843 0.0854994 0.069683 0.0844945 0.0981611 0.0945163 0.0369459
loop 15
0.115882 0.110155 0.199781 0.165991 0.198256 0.223725 0.219323 0.0918036
0.03066 0.0290534 0.0520275 0.043564 0.0523232 0.0592786 0.057049 0.0235525
0.12747 0.121469 0.208747 0.175462 0.207946 0.237656 0.230195 0.103028
0.0451343 0.042153 0.0741333 0.062361 0.0741141 0.0843562 0.0821142 0.0355508
0.0406349 0.0377619 0.068931 0.0574976 0.0692292 0.07934 0.0770529 0.0311808
0.12747 0.121469 0.208747 0.175462 0.207946 0.237656 0.230195 0.103028
0.115882 0.110155 0.199781 0.165991 0.198256 0.223725 0.219323 0.0918036
0.045945 0.0434419 0.082858 0.068411 0.0818496 0.0939813 0.0918723 0.0355109
loop 16
0.115876 0.110155 0.199808 0.16598 0.198256 0.22374 0.219339 0.0918036
0.030435 0.0288323 0.0531394 0.0432936 0.052011 0.0604084 0.058176 0.0245143
0.105038 0.10112 0.173225 0.145569 0.172626 0.196615 0.19173 0.084841
0.0423273 0.0394241 0.070747 0.059221 0.0708192 0.0808929 0.0786646 0.032912
0.03945 0.0378733 0.0691215 0.0576512 0.0678942 0.077967 0.075686 0.0312744
0.105038 0.10112 0.173225 0.145569 0.172626 0.196615 0.19173 0.084841
0.115876 0.110155 0.199808 0.16598 0.198256 0.22374 0.219339 0.0918036
0.0459821 0.0446194 0.0816947 0.066703 0.0806353 0.0932351 0.0910433 0.0362052
loop 17
0.115876 0.11015 0.199795 0.165991 0.198256 0.223725 0.219323 0.0917996
0.0306475 0.0290396 0.0520056 0.0435471 0.0523013 0.0592524 0.057024 0.0235407
0.126818 0.122903 0.210867 0.175887 0.210139 0.239536 0.232139 0.102898
0.0448962 0.0432021 0.0753403 0.0620809 0.0737971 0.0855788 0.0817724 0.0353455
0.0403697 0.0387972 0.0700227 0.0571328 0.0687985 0.07886 0.0765823 0.0322019
0.126818 0.122903 0.210867 0.175887 0.210139 0.239536 0.232139 0.102898
0.115876 0.11015 0.199795 0.165991 0.198256 0.223725 0.219323 0.0917996
0.0509952 0.0484087 0.0904642 0.0741251 0.0894165 0.10354 0.101355 0.0402364
loop 18
0.115859 0.110133 0.199781 0.16598 0.198256 0.223709 0.219323 0.0917873
0.03062 0.0290166 0.0519727 0.0435133 0.0522629 0.059213 0.0584384 0.0235189
0.149107 0.142682 0.239884 0.204424 0.241021 0.27514 0.267335 0.121334
0.0440528 0.042349 0.0746327 0.062747 0.0745847 0.0849058 0.0826544 0.0356954
0.0409799 0.039424 0.0719339 0.0590502 0.0707229 0.0823577 0.0800676 0.0328737
0.149107 0.142682 0.239884 0.204424 0.241021 0.27514 0.267335 0.121334
0.115859 0.110133 0.199781 0.16598 0.198256 0.223709 0.219323 0.0917873
0.0461172 0.043512 0.0813254 0.0665684 0.0802833 0.0927121 0.0905527 0.0364658
loop 19
0.115859 0.110133 0.199768 0.16596 0.198216 0.223693 0.219293 0.0917832
0.0306325 0.0290235 0.0519946 0.0435302 0.0508813 0.0592393 0.0570115 0.0235256
0.154131 0.147588 0.245786 0.209967 0.246864 0.281233 0.27342 0.124038
0.0458591 0.0428789 0.07631 0.0630516 0.0747718 0.086565 0.0843104 0.0362964
0.0411268 0.039558 0.0707229 0.059299 0.0710169 0.0811096 0.07883 0.0329749
0.154131 0.147588 0.245786 0.209967 0.246864 0.281233 0.27342 0.124038
0.115859 0.110133 0.199768 0.16596 0.198216 0.223693 0.219293 0.0917832
0.0512677 0.0487511 0.0913306 0.0752475 0.0902736 0.104161 0.102025 0.0395885
loop 20
0.115847 0.110122 0.199781 0.16596 0.19823 0.223725 0.219323 0.091775
0.03042 0.0288184 0.0531169 0.0432725 0.0519946 0.0603882 0.0581504 0.0245002
0.135676 0.131078 0.213065 0.183882 0.216457 0.243581 0.238263 0.110803
0.0440344 0.041105 0.0740949 0.0610022 0.0726281 0.084299 0.0805035 0.0345791
0.0413609 0.0384948 0.0710256 0.0581305 0.0698026 0.0798738 0.0775945 0.0319478
0.135676 0.131078 0.213065 0.183882 0.216457 0.243581 0.238263 0.110803
0.115847 0.110122 0.199781 0.16596 0.19823 0.223725 0.219323 0.091775
0.050272 0.047764 0.0902016 0.0741762 0.0891577 0.103 0.0993198 0.0386334
loop 21
0.115882 0.110161 0.199822 0.165991 0.198269 0.223756 0.219354 0.0918077
0.030695 0.029088 0.0520822 0.0436147 0.0509719 0.0593377 0.0571114 0.0235794
0.135757 0.131247 0.216832 0.183236 0.217831 0.247247 0.239385 0.10925
0.0439557 0.042275 0.0742389 0.0610614 0.0727316 0.0844707 0.0806657 0.0356685
0.0414403 0.0385704 0.071164 0.058242 0.069938 0.0800166 0.0777317 0.0320072
0.135757 0.131247 0.216832 0.183236 0.217831 0.247247 0.239385 0.10925
0.115882 0.110161 0.199822 0.165991 0.198269 0.223756 0.219354 0.0918077
0.054202 0.0517143 0.0984842 0.0794212 0.0974353 0.113014 0.109254 0.0426166
loop 22
0.115876 0.110155 0.199795 0.166001 0.198269 0.223725 0.219323 0.0918036
0.0306 0.0289935 0.0519399 0.0434879 0.0522356 0.0591802 0.0584064 0.0235004
0.130349 0.124156 0.211776 0.177523 0.210667 0.241209 0.233639 0.105184
0.0459669 0.0442563 0.07667 0.0632995 0.0750855 0.086957 0.0831239 0.0363347
0.0403774 0.0388008 0.0700481 0.057152 0.0688234 0.07889 0.0766111 0.0322019
0.130349 0.124156 0.211776 0.177523 0.210667 0.241209 0.233639 0.105184
0.115876 0.110155 0.199795 0.166001 0.198269 0.223725 0.219323 0.0918036
0.0507904 0.048268 0.09108 0.0749149 0.0900356 0.103996 0.101843 0.0402439
loop 23
0.115876 0.11015 0.199795 0.165991 0.198269 0.223725 0.219339 0.0918036
0.030625 0.0290189 0.0519837 0.0435217 0.0508706 0.0592261 0.0569991 0.0235206
0.126559 0.122011 0.200801 0.169704 0.201777 0.228541 0.220775 0.101948
0.0459032 0.0442054 0.0765 0.0631756 0.07646 0.0867669 0.0845165 0.0363033
0.0414562 0.0398817 0.0711986 0.0597158 0.0699804 0.081661 0.07936 0.0320154
0.126559 0.122011 0.200801 0.169704 0.201777 0.228541 0.220775 0.101948
0.115876 0.11015 0.199795 0.165991 0.198269 0.223725 0.219339 0.0918036
0.0545159 0.0507931 0.0969441 0.0795415 0.095903 0.111269 0.107584 0.0418403
loop 24
0.115853 0.110128 0.199768 0.16596 0.198216 0.223693 0.219293 0.0917832
0.0304225 0.0288207 0.0531225 0.0432767 0.0519946 0.060395 0.0581568 0.0245002
0.128067 0.12348 0.202669 0.173721 0.206068 0.233016 0.225184 0.105308
0.047558 0.0458689 0.0795251 0.0661818 0.0779572 0.0898025 0.0875556 0.0379914
0.040239 0.0386712 0.071337 0.0583995 0.0701242 0.0802105 0.0779278 0.0320884
0.128067 0.12348 0.202669 0.173721 0.206068 0.233016 0.225184 0.105308
0.115853 0.110128 0.199768 0.16596 0.198216 0.223693 0.219293 0.0917832
0.0520484 0.0495177 0.092619 0.0749149 0.0915552 0.105607 0.10186 0.0402349
loop 25
0.115853 0.110128 0.199781 0.16596 0.19823 0.223725 0.219323 0.0917832
0.0306925 0.0290834 0.0520932 0.0436147 0.0509825 0.0593508 0.0571176 0.0235743
0.127094 0.122507 0.19945 0.170548 0.202865 0.229753 0.221935 0.104293
0.0422009 0.0405504 0.0707109 0.0591504 0.070756 0.0808604 0.0786334 0.0339848
0.0403658 0.0387936 0.0700057 0.0585635 0.0687903 0.07884 0.0765631 0.0321965
0.127094 0.122507 0.19945 0.170548 0.202865 0.229753 0.221935 0.104293
0.115853 0.110128 0.199781 0.16596 0.19823 0.223725 0.219323 0.0917832
0.0537901 0.050067 0.0962901 0.07744 0.0937344 0.109046 0.105377 0.0410914
loop 26
0.115859 0.110133 0.199768 0.16597 0.19823 0.223709 0.219308 0.0917832
0.0304825 0.0288852 0.053145 0.0433189 0.052033 0.0604151 0.058176 0.023413
0.127931 0.123365 0.202418 0.173516 0.205811 0.232715 0.224896 0.105228
0.0460698 0.043054 0.0753697 0.0634776 0.0753011 0.0856254 0.0833711 0.0364043
0.040289 0.038718 0.0698788 0.0584519 0.0686661 0.0802921 0.0779964 0.0321316
0.127931 0.123365 0.202418 0.173516 0.205811 0.232715 0.224896 0.105228
0.115859 0.110133 0.199768 0.16597 0.19823 0.223709 0.219308 0.0917832
0.050627 0.0480679 0.0898516 0.0735946 0.0888005 0.102841 0.099098 0.0387432
loop 27
0.115882 0.110155 0.199795 0.166001 0.198269 0.22374 0.219339 0.0918036
0.0305425 0.0289428 0.0532519 0.0434034 0.0521315 0.0590687 0.0582976 0.0234617
0.12638 0.121827 0.200828 0.171923 0.201749 0.231106 0.223277 0.103697
0.0468914 0.0438818 0.0775888 0.0642155 0.0775276 0.0878702 0.0856138 0.0372528
0.0413292 0.0384624 0.0710429 0.0581305 0.0698111 0.079884 0.0776141 0.0319045
0.12638 0.121827 0.200828 0.171923 0.201749 0.231106 0.223277 0.103697
0.115882 0.110155 0.199795 0.166001 0.198269 0.22374 0.219339 0.0918036
0.0502704 0.0477959 0.08972 0.0738879 0.0886896 0.102349 0.100251 0.0387894
loop 28
0.115882 0.110155 0.199795 0.166001 0.198269 0.22374 0.219339 0.0918077
0.0296139 0.0280145 0.0523122 0.0424673 0.0511957 0.0581312 0.0573548 0.023687
0.126321 0.121785 0.20047 0.171697 0.201498 0.22818 0.2204 0.103708
0.0476306 0.0459277 0.0781965 0.0663308 0.0781444 0.0900408 0.0877855 0.0380249
0.039331 0.0377584 0.0689228 0.0574848 0.0677079 0.07933 0.075479 0.0311782
0.126321 0.121785 0.20047 0.171697 0.201498 0.22818 0.2204 0.103708
0.115882 0.110155 0.199795 0.166001 0.198269 0.22374 0.219339 0.0918077
0.0484837 0.045904 0.0865404 0.0702242 0.0854757 0.0979912 0.0958232 0.0377055
loop 29
0.115876 0.11015 0.199781 0.16598 0.198256 0.223709 0.219323 0.0917996
0.030315 0.0287217 0.0529481 0.0444617 0.0518194 0.0601932 0.0579648 0.0244173
0.129574 0.12499 0.204172 0.175221 0.20756 0.234487 0.22667 0.10485
0.0421617 0.0405012 0.0707109 0.0591222 0.070747 0.0808496 0.078623 0.0339347
0.0403812 0.0388116 0.0700481 0.057152 0.0688234 0.07889 0.0766111 0.0322073
0.129574 0.12499 0.204172 0.175221 0.20756 0.234487 0.22667 0.10485
0.115876 0.11015 0.199781 0.16598 0.198256 0.223709 0.219323 0.0917996
0.0461981 0.0436856 0.083356 0.0674201 0.0823012 0.0945411 0.0909072 0.0357069
loop 30
0.11587 0.110144 0.199808 0.16597 0.198256 0.22374 0.219339 0.0917996
0.03082 0.0292078 0.0522903 0.0437837 0.0511744 0.0595739 0.0573361 0.0236786
0.125737 0.121153 0.198197 0.169252 0.199178 0.225985 0.218203 0.10294
0.045913 0.0441916 0.07673 0.0647542 0.07665 0.0870283 0.0847684 0.0374976
0.0401775 0.03861 0.069718 0.0583142 0.0700142 0.0801085 0.0778297 0.0320343
0.125737 0.121153 0.198197 0.169252 0.199178 0.225985 0.218203 0.10294
0.11587 0.110144 0.199808 0.16597 0.198256 0.22374 0.219339 0.0917996
0.0428728 0.0402712 0.0753239 0.0620217 0.0742638 0.0866377 0.0829697 0.0331918
loop 31
0.115853 0.110128 0.199781 0.16597 0.19823 0.223709 0.219308 0.0917791
0.0307025 0.0290926 0.0521041 0.0436274 0.0509932 0.0593639 0.0571364 0.0235811
0.13276 0.126298 0.210146 0.179494 0.211221 0.240101 0.234887 0.106674
0.0478639 0.0448391 0.078675 0.0652536 0.0786022 0.0889699 0.0867194 0.0381923
0.0413609 0.0384984 0.0710342 0.058137 0.0698195 0.0798738 0.0776043 0.0319451
0.13276 0.126298 0.210146 0.179494 0.211221 0.240101 0.234887 0.106674
0.115853 0.110128 0.199781 0.16597 0.19823 0.223709 0.219308 0.0917791
0.0463419 0.0436552 0.0813936 0.0676006 0.0803171 0.0931559 0.09092 0.0363277

work load: bzip2.mips parser.mips gcc.mips ammp.mips mesa.mips gcc.mips bzip2.mips crafty.mips
