loop 0
	0.221224	0.234054	0.1919	0.239373	1.42627	0.199411	0.171359	0.163196
	1.61182	2.33889	1.85953	1.15777	4.66315	1.00828	0.880861	1.60767
	0.106738	0.124161	0.115549	0.148235	1.13533	0.115535	0.0984024	0.0957564
	0.322529	0.36072	0.296557	0.36606	1.61151	0.315002	0.265753	0.249206
	0.154063	0.211138	0.167154	0.215826	1.75639	0.175709	0.15344	0.134743
	0.615153	0.561124	0.460073	0.5684	1.95067	0.489881	0.414936	0.392828
	1.60267	2.33963	1.86036	1.15856	4.66315	1.009	0.87189	1.60827
	0.244593	0.274834	0.223842	0.274281	1.58698	0.23511	0.199602	0.193279
loop 1
	0.233239	0.243504	0.197487	0.24888	1.44075	0.209284	0.181561	0.169331
	1.61192	2.33889	1.85967	1.15793	4.66315	1.00845	0.880962	1.60767
	0.0995652	0.097218	0.0921354	0.119384	1.11294	0.0921173	0.0768845	0.0747786
	0.325655	0.363618	0.29519	0.364373	1.61325	0.313566	0.269017	0.252162
	0.153985	0.21099	0.161967	0.215727	1.75639	0.175621	0.153364	0.134688
	0.600858	0.552684	0.451789	0.55916	1.928	0.480964	0.406187	0.38431
	1.60257	2.33908	1.86063	1.15846	4.66377	1.00892	0.871791	1.60779
	0.254648	0.287403	0.231602	0.282171	1.59575	0.243392	0.208209	0.201093
loop 2
	0.229191	0.238532	0.19624	0.243692	1.43101	0.20401	0.176175	0.164203
	1.61202	2.33889	1.85981	1.15788	4.66254	1.00841	0.880928	1.60779
	0.142492	0.150755	0.133829	0.168977	1.29751	0.134698	0.115537	0.111034
	0.322263	0.360388	0.292611	0.365967	1.60939	0.3103	0.265851	0.249595
	0.154526	0.211385	0.162263	0.216088	1.75639	0.17594	0.153646	0.134957
	0.61505	0.569816	0.463409	0.576549	1.94646	0.492907	0.418107	0.395872
	1.60257	2.33963	1.86022	1.15856	4.66315	1.009	0.871857	1.60815
	0.240973	0.272255	0.224674	0.270996	1.58135	0.23656	0.200848	0.19417
loop 3
	0.224237	0.236833	0.19069	0.242154	1.42652	0.20219	0.174175	0.162309
	1.60257	2.33908	1.86063	1.15846	4.66377	1.00892	0.871791	1.60779
	0.18077	0.212564	0.17165	0.21722	1.42146	0.179161	0.153272	0.147081
	0.324979	0.362705	0.294516	0.367615	1.61032	0.312273	0.267926	0.251723
	0.154036	0.211105	0.162002	0.215798	1.75639	0.175678	0.153416	0.134718
	0.623903	0.57009	0.469146	0.581695	1.95577	0.498541	0.423953	0.396566
	1.60247	2.33944	1.86049	1.1584	4.66377	1.00887	0.871724	1.60815
	0.240824	0.27208	0.224591	0.270818	1.5816	0.23642	0.200732	0.194447
loop 4
	0.232396	0.240992	0.198813	0.246399	1.43675	0.206759	0.178961	0.166754
	1.60267	2.33963	1.86022	1.15856	4.66315	1.009	0.871857	1.60815
	0.14305	0.17665	0.14181	0.180103	1.33514	0.147623	0.125616	0.12231
	0.331778	0.367048	0.299215	0.372027	1.61469	0.316966	0.272938	0.256542
	0.15396	0.211155	0.16721	0.215694	1.75639	0.1813	0.153337	0.134791
	0.579328	0.534932	0.437724	0.54151	1.92604	0.462079	0.391377	0.373715
	1.61202	2.33889	1.85967	1.15793	4.66315	1.00845	0.880995	1.60767
	0.245155	0.271865	0.224383	0.275437	1.5816	0.23623	0.200562	0.194274
loop 5
	0.23437	0.247228	0.201134	0.248724	1.43725	0.209178	0.181468	0.168975
	1.60247	2.33944	1.86049	1.1584	4.66377	1.00887	0.871757	1.60767
	0.178359	0.237378	0.201773	0.247022	1.20068	0.206496	0.173216	0.170615
	0.312085	0.354092	0.286224	0.354617	1.60541	0.303784	0.259216	0.243308
	0.154072	0.211149	0.162025	0.215842	1.75639	0.175721	0.153452	0.134749
	0.661543	0.597947	0.4943	0.605454	2.00017	0.522253	0.442938	0.41788
	1.61182	2.33889	1.85953	1.15772	4.66315	1.00828	0.880828	1.60767
	0.240824	0.272026	0.22457	0.270792	1.5816	0.2364	0.200717	0.194265
loop 6
	0.228978	0.242493	0.196407	0.243842	1.43176	0.208205	0.176288	0.167823
	1.61202	2.33889	1.85967	1.15793	4.66315	1.00845	0.880995	1.60767
	0.222698	0.258137	0.211426	0.262815	1.42611	0.220923	0.187973	0.17965
	0.317215	0.359131	0.291121	0.36405	1.60488	0.308585	0.264305	0.248386
	0.154012	0.211231	0.161975	0.215765	1.75639	0.175648	0.153389	0.134797
	0.718733	0.643623	0.529982	0.656183	2.05134	0.562432	0.478284	0.450671
	1.61202	2.33853	1.85967	1.15793	4.66315	1.00845	0.880962	1.60743
	0.240729	0.271905	0.224279	0.275489	1.58135	0.2363	0.200624	0.19372
loop 7
	0.232615	0.243245	0.197285	0.248681	1.4335	0.209072	0.177462	0.169153
	1.61182	2.33889	1.85953	1.15772	4.66315	1.00828	0.880828	1.60767
	0.185036	0.245896	0.179512	0.221382	1.36526	0.18779	0.158534	0.14926
	0.317271	0.359629	0.29139	0.359823	1.59918	0.309098	0.264723	0.248688
	0.153936	0.211122	0.167182	0.215661	1.75617	0.181272	0.153316	0.13477
	0.692613	0.621892	0.513167	0.633802	2.03016	0.539919	0.460814	0.433984
	1.60267	2.33963	1.86036	1.15856	4.66315	1.009	0.87189	1.60815
	0.244517	0.276039	0.223904	0.274878	1.5811	0.23575	0.200144	0.193409
loop 8
	0.235987	0.246408	0.20041	0.247803	1.4335	0.208446	0.180816	0.168594
	1.61192	2.33889	1.85967	1.15793	4.66315	1.00841	0.880962	1.60731
	0.152594	0.215773	0.1579	0.199534	1.23616	0.164854	0.141483	0.136008
	0.324187	0.362153	0.293787	0.366913	1.60461	0.311465	0.267261	0.251108
	0.154006	0.21122	0.167222	0.215749	1.75617	0.175644	0.153386	0.134794
	0.83621	0.730824	0.605541	0.745002	2.14344	0.635113	0.541692	0.507832
	1.60247	2.33963	1.86063	1.15846	4.66377	1.00892	0.871791	1.60779
	0.244918	0.276271	0.224092	0.275112	1.5811	0.23596	0.20033	0.193617
loop 9
	0.241392	0.249486	0.203136	0.250747	1.43849	0.211247	0.179716	0.171181
	1.60267	2.33963	1.86036	1.15856	4.66315	1.009	0.87189	1.60827
	0.15445	0.218684	0.1649	0.205583	1.24697	0.172003	0.144835	0.138906
	0.317571	0.359653	0.291875	0.360028	1.61005	0.309398	0.264974	0.24899
	0.153991	0.211204	0.167218	0.215738	1.75617	0.175629	0.153371	0.134782
	0.832274	0.734413	0.604794	0.748602	2.14417	0.638926	0.540209	0.51226
	1.60257	2.33963	1.86022	1.15851	4.66315	1.00896	0.871857	1.60815
	0.240909	0.272175	0.224633	0.27092	1.58135	0.2365	0.200802	0.193971
loop 10
	0.238252	0.245896	0.199804	0.251366	1.43849	0.211756	0.180148	0.171657
	1.60247	2.33963	1.86063	1.15846	4.66377	1.00892	0.871791	1.60779
	0.132135	0.202855	0.136909	0.174458	1.25411	0.143112	0.121778	0.116283
	0.32496	0.362177	0.294188	0.367194	1.60594	0.311806	0.26753	0.251415
	0.153921	0.2111	0.167166	0.215634	1.75639	0.181252	0.153298	0.134755
	0.828982	0.731838	0.602002	0.740325	2.13438	0.636004	0.537225	0.509062
	1.61182	2.33889	1.85967	1.15777	4.66315	1.00832	0.880861	1.60767
	0.241344	0.272457	0.224862	0.271226	1.58135	0.232068	0.201034	0.194343
loop 11
	0.237821	0.249486	0.203213	0.250776	1.43849	0.211258	0.17975	0.171181
	1.60257	2.33963	1.86022	1.15856	4.66315	1.009	0.871857	1.60815
	0.152601	0.215721	0.161343	0.199311	1.23659	0.168448	0.141337	0.135862
	0.32152	0.363498	0.295063	0.363888	1.60779	0.313171	0.268677	0.247954
	0.153982	0.211187	0.167194	0.215716	1.75617	0.181328	0.153361	0.134773
	0.846803	0.741976	0.61124	0.755976	2.15653	0.646211	0.547544	0.518756
	1.61192	2.33889	1.85967	1.15793	4.66315	1.00845	0.880962	1.60767
	0.244701	0.276025	0.223946	0.274839	1.58086	0.23571	0.20012	0.193841
loop 12
	0.243614	0.25155	0.205169	0.252718	1.44348	0.213301	0.18583	0.173468
	1.61182	2.33889	1.85994	1.15777	4.66315	1.00832	0.880861	1.60767
	0.151028	0.219035	0.165078	0.205715	1.24719	0.172198	0.144997	0.139056
	0.321825	0.363426	0.294771	0.363726	1.60779	0.312991	0.268521	0.251913
	0.159049	0.210793	0.166881	0.215322	1.75595	0.180967	0.153053	0.134504
	0.853663	0.742183	0.610751	0.751034	2.15884	0.646749	0.547964	0.51845
	1.61182	2.33889	1.85953	1.15772	4.66254	1.00828	0.880828	1.60767
	0.254334	0.28309	0.23126	0.281925	1.59625	0.243296	0.208118	0.201259
loop 13
	0.258778	0.264143	0.214001	0.265828	1.45874	0.226863	0.19169	0.182562
	1.61202	2.33889	1.85967	1.15793	4.66315	1.00845	0.880995	1.60767
	0.135059	0.205578	0.139284	0.176932	1.2595	0.145593	0.124307	0.118721
	0.321234	0.363066	0.295063	0.363495	1.6062	0.312901	0.268478	0.248054
	0.154456	0.21145	0.16219	0.215995	1.75639	0.175859	0.153576	0.135
	0.84613	0.735162	0.6041	0.744666	2.16069	0.640249	0.541239	0.51166
	1.60257	2.33908	1.86022	1.15846	4.66377	1.00896	0.871824	1.60779
	0.241418	0.272484	0.224799	0.271316	1.58185	0.232146	0.201112	0.194447
loop 14
	0.248976	0.257109	0.206986	0.258691	1.44999	0.219512	0.188054	0.175293
	1.61182	2.33889	1.85953	1.15772	4.66315	1.00828	0.880828	1.60755
	0.152877	0.215955	0.157846	0.199439	1.23681	0.164808	0.141447	0.135959
	0.321329	0.362946	0.294698	0.362918	1.60541	0.312345	0.268011	0.247709
	0.153966	0.211166	0.167178	0.215694	1.75639	0.181308	0.153343	0.134761
	0.847896	0.741838	0.611511	0.755839	2.1498	0.646103	0.547544	0.514322
	1.60257	2.33963	1.86022	1.15856	4.66315	1.009	0.871857	1.60815
	0.241822	0.272713	0.225122	0.271546	1.58209	0.232362	0.201298	0.194421
loop 15
	0.24889	0.254427	0.204349	0.25593	1.45348	0.21654	0.185097	0.176294
	1.60257	2.33908	1.86022	1.15851	4.66377	1.00896	0.871824	1.60779
	0.149363	0.216805	0.163141	0.203806	1.24269	0.170206	0.142895	0.137006
	0.32013	0.362009	0.294042	0.366725	1.60488	0.316094	0.267232	0.251269
	0.154015	0.211034	0.167115	0.215771	1.75639	0.175655	0.153392	0.134712
	0.861594	0.748599	0.618133	0.763241	2.17046	0.653403	0.554852	0.520424
	1.60247	2.33963	1.86049	1.1584	4.66377	1.00887	0.871791	1.60779
	0.240973	0.272201	0.224643	0.271009	1.58185	0.231872	0.200864	0.194014
loop 16
	0.250756	0.255516	0.209509	0.261315	1.45297	0.222071	0.186772	0.177823
	1.60267	2.33963	1.86022	1.15856	4.66315	1.009	0.871857	1.60815
	0.134737	0.205017	0.13878	0.176336	1.25411	0.145047	0.12384	0.118291
	0.331416	0.37104	0.301943	0.375821	1.61496	0.320537	0.271957	0.255347
	0.15455	0.211417	0.162163	0.216127	1.75639	0.175967	0.15367	0.134979
	0.848927	0.740454	0.611294	0.755221	2.1581	0.645565	0.546997	0.518362
	1.61202	2.33889	1.85967	1.15793	4.66315	1.00845	0.880995	1.60767
	0.245188	0.271852	0.224341	0.275463	1.58135	0.23625	0.200585	0.193807
loop 17
	0.250698	0.256172	0.206277	0.257768	1.44569	0.218561	0.187251	0.174679
	1.60247	2.33963	1.86063	1.1584	4.66377	1.00892	0.871791	1.60779
	0.149919	0.216253	0.15814	0.195928	1.23702	0.165118	0.141715	0.136221
	0.317928	0.359629	0.291085	0.359868	1.59786	0.309009	0.264667	0.248602
	0.154063	0.211138	0.167154	0.215826	1.75639	0.175709	0.15344	0.134743
	0.852384	0.739209	0.608471	0.753505	2.14843	0.644058	0.545611	0.516615
	1.61182	2.33889	1.85953	1.15772	4.66315	1.00828	0.880828	1.60767
	0.24109	0.272363	0.224778	0.27115	1.58185	0.23198	0.200965	0.194092
loop 18
	0.24827	0.250551	0.204484	0.256064	1.44797	0.216641	0.185211	0.176385
	1.60257	2.33944	1.86022	1.15856	4.66377	1.009	0.871857	1.60815
	0.149613	0.217124	0.159766	0.204044	1.2429	0.166682	0.143138	0.137231
	0.324322	0.361336	0.296898	0.366327	1.60435	0.315566	0.266737	0.250273
	0.153985	0.21099	0.161967	0.215727	1.75639	0.175621	0.153364	0.134688
	0.891423	0.76997	0.632786	0.779506	2.20089	0.663918	0.565538	0.530953
	1.61192	2.33889	1.85967	1.15793	4.66315	1.00841	0.880962	1.60767
	0.241906	0.272874	0.225226	0.271686	1.58209	0.23246	0.201383	0.194637
loop 19
	0.249805	0.256641	0.206448	0.257949	1.45246	0.218733	0.187422	0.174914
	1.61182	2.33889	1.85953	1.15777	4.66315	1.00828	0.880861	1.60767
	0.131605	0.204926	0.138703	0.176311	1.25411	0.14497	0.123775	0.118231
	0.321177	0.358064	0.293823	0.362848	1.59733	0.312057	0.263289	0.247248
	0.154526	0.211385	0.162263	0.216088	1.75639	0.17594	0.153646	0.134957
	0.866595	0.753976	0.618133	0.763102	2.17795	0.653294	0.554766	0.525526
	1.60267	2.33963	1.86036	1.15856	4.66315	1.009	0.87189	1.60827
	0.241928	0.272861	0.225278	0.271686	1.58234	0.23248	0.201398	0.190855
loop 20
	0.255014	0.257525	0.211446	0.263219	1.45645	0.224028	0.188836	0.180013
	1.61192	2.33889	1.85967	1.15793	4.66315	1.00845	0.880962	1.60767
	0.149984	0.216214	0.161287	0.199216	1.23192	0.1684	0.141307	0.135831
	0.322893	0.364991	0.295788	0.369851	1.60408	0.314418	0.270245	0.253489
	0.154036	0.211105	0.162002	0.215798	1.75639	0.175678	0.153416	0.134718
	0.842643	0.738609	0.608157	0.747453	2.16446	0.63771	0.544504	0.510974
	1.60257	2.33908	1.86063	1.15846	4.66377	1.00892	0.871791	1.60779
	0.242034	0.272968	0.225309	0.271826	1.58234	0.232607	0.201507	0.19088
loop 21
	0.25741	0.263193	0.217022	0.269096	1.459	0.225992	0.194894	0.181698
	1.61202	2.33889	1.85981	1.15788	4.66254	1.00841	0.880928	1.60779
	0.150496	0.214176	0.160703	0.201189	1.24333	0.167673	0.140334	0.138034
	0.323124	0.364748	0.295622	0.369448	1.60329	0.314126	0.270014	0.25337
	0.15396	0.211155	0.16721	0.215694	1.75639	0.1813	0.153337	0.134791
	0.863636	0.750933	0.62101	0.765663	2.17235	0.650501	0.552324	0.52379
	1.60257	2.33963	1.86022	1.15856	4.66315	1.009	0.871857	1.60815
	0.242861	0.27352	0.221392	0.272363	1.57672	0.233058	0.197354	0.191117
loop 22
	0.253341	0.25625	0.206403	0.257828	1.45272	0.218687	0.187359	0.178468
	1.60257	2.33908	1.86063	1.15846	4.66377	1.00892	0.871791	1.60779
	0.134732	0.208016	0.141496	0.179259	1.25432	0.147884	0.126681	0.121029
	0.32324	0.36504	0.299929	0.3694	1.61085	0.318723	0.269928	0.253668
	0.154072	0.211149	0.162025	0.215842	1.75639	0.175721	0.153452	0.134749
	0.862545	0.742183	0.610643	0.757143	2.1851	0.647126	0.548342	0.513847
	1.60247	2.33944	1.86049	1.1584	4.66377	1.00887	0.871724	1.60815
	0.242384	0.272942	0.225288	0.27175	1.57622	0.232529	0.201445	0.194516
loop 23
	0.254379	0.261499	0.211553	0.263266	1.45594	0.22429	0.189057	0.179985
	1.60267	2.33963	1.86022	1.15856	4.66315	1.009	0.871857	1.60815
	0.149965	0.216214	0.161097	0.198961	1.23192	0.168195	0.141131	0.135673
	0.32681	0.368429	0.298784	0.373228	1.61138	0.317706	0.273509	0.256421
	0.154012	0.211231	0.161975	0.215765	1.75639	0.175648	0.153389	0.134797
	0.877062	0.764136	0.626902	0.773151	2.19336	0.663117	0.564402	0.52962
	1.61202	2.33889	1.85967	1.15793	4.66315	1.00845	0.880995	1.60767
	0.255547	0.283781	0.231845	0.282664	1.59161	0.243922	0.208681	0.201204
loop 24
	0.257594	0.257588	0.211672	0.263375	1.45594	0.224194	0.189002	0.180022
	1.60247	2.33944	1.86049	1.1584	4.66377	1.00887	0.871757	1.60767
	0.148367	0.211552	0.158268	0.198633	1.24398	0.165156	0.141436	0.135543
	0.326536	0.367985	0.298615	0.372748	1.61138	0.317391	0.27326	0.256361
	0.153936	0.211122	0.167182	0.215661	1.75617	0.181272	0.153316	0.13477
	0.859005	0.747141	0.610154	0.756388	2.18172	0.646534	0.547838	0.518668
	1.61182	2.33889	1.85953	1.15772	4.66315	1.00828	0.880828	1.60767
	0.238897	0.269208	0.221576	0.272759	1.58283	0.23343	0.197672	0.191041

work load: ammp bzip2 crafty equake gap gcc gzip mcf
