loop 0
	0.00678283	0.000732	0.0007115	0.000599886
	0.0118358	0.00117468	0.0008545	0.000830475
	0.0053055	0.000315612	0.000314784	0.000318384
	0.00759492	0.00133378	0.00111168	0.000965088
loop 1
	0.00679003	0.0007149	0.0007003	0.0007258
	0.0118358	0.00117482	0.00085505	0.00083025
	0.00553969	0.000299772	0.000300744	0.000302328
	0.00757931	0.00133006	0.00110256	0.000957024
loop 2
	0.00705	0.000809611	0.000800657	0.000821106
	0.0118314	0.00116975	0.000850775	0.0008269
	0.00552911	0.000378182	0.00038073	0.000381318
	0.0073025	0.00107496	0.000847484	0.000874467
loop 3
	0.00649037	0.000524096	0.000635607	0.000531072
	0.0118358	0.00117468	0.0008545	0.000830475
	0.00553122	0.000383572	0.000384944	0.000284148
	0.0072975	0.00107496	0.00100267	0.000868054
loop 4
	0.00674201	0.0007088	0.0006904	0.0007189
	0.0118358	0.00117482	0.00085505	0.00083025
	0.00553334	0.000385532	0.000387835	0.000285624
	0.007305	0.00123184	0.000994176	0.000859947
loop 5
	0.00683325	0.000838893	0.000827277	0.0007012
	0.0118314	0.00116975	0.000850775	0.0008269
	0.0053136	0.000335448	0.000232175	0.000235075
	0.00728	0.00120497	0.000977472	0.000842644
loop 6
	0.00648346	0.000530432	0.000645165	0.000538688
	0.0118358	0.00117468	0.0008545	0.000830475
	0.0053055	0.000311724	0.000312876	0.000314424
	0.0072825	0.00118773	0.000966384	0.000832843
loop 7
	0.00673481	0.0007054	0.000688	0.0007152
	0.0118358	0.00117482	0.00085505	0.00083025
	0.00553757	0.000298188	0.000298368	0.000300744
	0.0073075	0.00122474	0.0009864	0.000850872
loop 8
	0.00682604	0.0007503	0.00073	0.000614466
	0.0118314	0.00116975	0.000850775	0.0008269
	0.00553122	0.000389452	0.000391608	0.000288504
	0.0073075	0.00107266	0.00084942	0.00087604
loop 9
	0.00674441	0.000842644	0.000827519	0.0007076
	0.0118358	0.00117468	0.0008545	0.000830475
	0.00553757	0.000401212	0.000295956	0.000297252
	0.0073125	0.00121562	0.000982512	0.000847968
loop 10
	0.00649728	0.000656829	0.00062937	0.000526208
	0.0118358	0.00117482	0.00085505	0.00083025
	0.0055418	0.000305424	0.000305244	0.000308088
	0.0072875	0.00105264	0.000992448	0.000859584
loop 11
	0.00673721	0.0007127	0.000694	0.000586521
	0.0118314	0.00116975	0.000850775	0.0008269
	0.0053055	0.00030762	0.000308232	0.000310284
	0.0073	0.00106445	0.000999648	0.000864908
loop 12
	0.00711	0.000840708	0.000827519	0.0006995
	0.0118358	0.00117468	0.0008545	0.000830475
	0.00553334	0.000384013	0.000385336	0.000284472
	0.0073	0.00122322	0.000985968	0.000849541
loop 13
	0.00615207	0.000355428	0.000450114	0.000362592
	0.0118358	0.00117482	0.00085505	0.00083025
	0.00553122	0.00038465	0.000386855	0.00028494
	0.007315	0.00106546	0.0010031	0.000868659
loop 14
	0.00674441	0.0007122	0.0006926	0.0007222
	0.0118314	0.00116975	0.000850775	0.0008269
	0.00552911	0.000375977	0.000378623	0.000379113
	0.007275	0.00118266	0.000961056	0.000824494
loop 15
	0.00682124	0.000729	0.0007127	0.0007372
	0.0118358	0.00117468	0.0008545	0.000830475
	0.0055418	0.000312156	0.0003132	0.000314892
	0.0073125	0.00124181	0.000997776	0.000862125
loop 16
	0.00674681	0.0007265	0.0007088	0.000597942
	0.0118358	0.00117482	0.00085505	0.00083025
	0.00530955	0.000320616	0.000321552	0.000224625
	0.0072925	0.00123235	0.000988992	0.000854018
loop 17
	0.00649498	0.000630747	0.000610254	0.000505664
	0.0096315	0.0013702	0.0013482	0.0012645
	0.00553546	0.000399301	0.000293832	0.000295848
	0.0073	0.00105192	0.000995904	0.000861399
loop 18
	0.0067324	0.000706	0.0006892	0.0007183
	0.0098838	0.00103008	0.000956578	0.00110989
	0.00553546	0.00039886	0.000294336	0.000295524
	0.0072975	0.00104933	0.000993888	0.000859221
loop 19
	0.0071125	0.000953424	0.000945936	0.000809611
	0.0098838	0.00103067	0.000957166	0.00111085
	0.00530348	0.00030672	0.000306504	0.000309384
	0.0073075	0.00106085	0.00100469	0.00086878
loop 20
	0.0061852	0.000462756	0.000434777	0.000346104
	0.0098838	0.0010337	0.000960057	0.00111296
	0.0055418	0.000312768	0.00031212	0.000315504
	0.0072875	0.0012141	0.000979056	0.000847847
loop 21
	0.00673721	0.0007143	0.000695	0.000586116
	0.0098838	0.00103292	0.000958881	0.00111187
	0.00553969	0.000303516	0.000304308	0.000306144
	0.0072875	0.00120091	0.000977616	0.00084458
loop 22
	0.00681884	0.000842523	0.000830786	0.0007048
	0.0098838	0.00103062	0.000956774	0.00111008
	0.00558836	0.000376026	0.000386757	0.000377594
	0.0072975	0.00121764	0.000981792	0.000849783
loop 23
	0.00674201	0.000625806	0.000605799	0.000502848
	0.0098812	0.00103277	0.000958048	0.00111123
	0.0056201	0.000409738	0.000311904	0.000301968
	0.0073075	0.00106085	0.00100397	0.000868054
loop 24
	0.00650189	0.00063666	0.000611307	0.00050784
	0.0098838	0.00103209	0.000957852	0.0011113
	0.00538447	0.000311544	0.000322812	0.000312516
	0.0072925	0.00103939	0.000986256	0.000851598
loop 25
	0.0067252	0.0006949	0.000824978	0.0007082
	0.0098838	0.00103072	0.000956725	0.00111046
	0.00562221	0.000410767	0.00031266	0.000302724
	0.0072975	0.00120919	0.000983376	0.000850025
loop 26
	0.00712	0.000977904	0.000810942	0.000829213
	0.0098838	0.0010337	0.000959616	0.00111283
	0.00562221	0.000307044	0.000318132	0.00030798
	0.007285	0.00118976	0.00097488	0.000839498
loop 27
	0.00646502	0.000441784	0.000547264	0.000449428
	0.0098838	0.00103341	0.000959077	0.00111258
	0.0053946	0.000337644	0.000244225	0.00023525
	0.007305	0.00120649	0.000981072	0.000847363
loop 28
	0.00674201	0.0007255	0.0007009	0.000592515
	0.0098838	0.00103037	0.000956823	0.00110982
	0.00540067	0.000243875	0.000253975	0.000244725
	0.00758712	0.00115934	0.00111523	0.000968976
loop 29
	0.00682364	0.00084095	0.000829092	0.0007019
	0.0098838	0.00103312	0.000958832	0.00111194
	0.00539663	0.000343224	0.000248275	0.00023915
	0.00733	0.00119889	0.000974448	0.000836715
loop 30
	0.0067276	0.0007331	0.0007146	0.000604422
	0.0098838	0.00103233	0.000958391	0.00111162
	0.00562433	0.000309384	0.000320544	0.000310392
	0.00731	0.00116542	0.00112098	0.000972864
loop 31
	0.00678523	0.0007475	0.0007252	0.00061236
	0.0098838	0.00103081	0.000957313	0.00111072
	0.00561798	0.000399791	0.000304308	0.000294588
	0.0073175	0.00118114	0.000965664	0.000983376

work load: ammp.mips bzip2.mips crafty.mips equake.mips
