loop 0  
1.60247 2.33963 1.86063 1.1584
0.615153 0.561124 0.460073 0.5684
1.60257 2.33963 1.86022 1.15856
0.251181 0.281799 0.23042 0.282973
loop 1  
1.60257 2.33944 1.86022 1.15856
0.600858 0.552684 0.451789 0.55916
1.60247 2.33963 1.86049 1.1584
0.2558 0.291367 0.234874 0.28775
loop 2  
1.61182 2.33889 1.85953 1.15777
0.61505 0.569816 0.463409 0.576549
1.61202 2.33889 1.85967 1.15793
0.261638 0.293469 0.237069 0.28988
loop 3  
1.61192 2.33889 1.85967 1.15793
0.623903 0.57009 0.469146 0.581695
1.61182 2.33889 1.85953 1.15772
0.259501 0.291301 0.234987 0.288109
loop 4  
1.61202 2.33889 1.85981 1.15788
0.579328 0.534932 0.437724 0.54151
1.61192 2.33889 1.85967 1.15793
0.268323 0.298647 0.242123 0.299538
loop 5  
1.60257 2.33908 1.86063 1.15846
0.661543 0.597947 0.4943 0.605454
1.60267 2.33963 1.86036 1.15856
0.256203 0.284838 0.229017 0.28564
loop 6  
1.60267 2.33963 1.86022 1.15856
0.718733 0.643623 0.529982 0.656183
1.60257 2.33908 1.86063 1.15846
0.25395 0.285725 0.230106 0.282837
loop 7  
1.60247 2.33944 1.86049 1.1584
0.692613 0.621892 0.513167 0.633802
1.60257 2.33963 1.86022 1.15856
0.252992 0.288637 0.232768 0.285655
loop 8  
1.61202 2.33889 1.85967 1.15793
0.83621 0.730824 0.605541 0.745002
1.60247 2.33944 1.86049 1.1584
0.253222 0.288784 0.232596 0.285671
loop 9  
1.61182 2.33889 1.85953 1.15772
0.832274 0.734413 0.604794 0.748602
1.61202 2.33889 1.85967 1.15793
0.259316 0.291101 0.234811 0.287828
loop 10  
1.61192 2.33889 1.85967 1.15793
0.828982 0.731838 0.602002 0.740325
1.61182 2.33889 1.85953 1.15772
0.25684 0.284451 0.232818 0.285947
loop 11  
1.60267 2.33963 1.86036 1.15856
0.846803 0.741976 0.61124 0.755976
1.61202 2.33853 1.85967 1.15793
0.266366 0.296834 0.23689 0.294016
loop 12  
1.60247 2.33963 1.86063 1.15846
0.853663 0.742183 0.610751 0.751034
1.60267 2.33963 1.86036 1.15856
0.261221 0.292928 0.236648 0.290007
loop 13  
1.60257 2.33963 1.86022 1.15856
0.84613 0.735162 0.6041 0.744666
1.60247 2.33963 1.86063 1.15846
0.2708 0.305535 0.250097 0.305984
loop 14  
1.61182 2.33889 1.85994 1.15777
0.847896 0.741838 0.611511 0.755839
1.60257 2.33963 1.86022 1.15851
0.267739 0.302644 0.247276 0.302446
loop 15  
1.61202 2.33889 1.85967 1.15793
0.861594 0.748599 0.618133 0.763241
1.61182 2.33889 1.85967 1.15777
0.266907 0.296715 0.245362 0.300987
loop 16  
1.61182 2.33889 1.85953 1.15772
0.848927 0.740454 0.611294 0.755221
1.61192 2.33889 1.85967 1.15793
0.266538 0.300691 0.245444 0.300541
loop 17  
1.60257 2.33908 1.86022 1.15851
0.852384 0.739209 0.608471 0.753505
1.61182 2.33889 1.85953 1.15772
0.269381 0.299506 0.244171 0.303735
loop 18  
1.60267 2.33963 1.86022 1.15856
0.891423 0.76997 0.632786 0.779506
1.60257 2.33908 1.86022 1.15846
0.268114 0.302663 0.247276 0.302446
loop 19  
1.60247 2.33963 1.86063 1.1584
0.866595 0.753976 0.618133 0.763102
1.60257 2.33963 1.86022 1.15856
0.272381 0.30026 0.244924 0.304432
loop 20  
1.60257 2.33944 1.86022 1.15856
0.842643 0.738609 0.608157 0.747453
1.60247 2.33963 1.86049 1.1584
0.268963 0.299506 0.244239 0.303247
loop 21  
1.61182 2.33889 1.85953 1.15777
0.863636 0.750933 0.62101 0.765663
1.61202 2.33889 1.85967 1.15793
0.270756 0.305461 0.250055 0.309454
loop 22  
1.61192 2.33889 1.85967 1.15793
0.862545 0.742183 0.610643 0.757143
1.61182 2.33889 1.85953 1.15772
0.262815 0.297317 0.241737 0.301484
loop 23  
1.61202 2.33889 1.85981 1.15788
0.877062 0.764136 0.626902 0.773151
1.61192 2.33889 1.85967 1.15793
0.269093 0.303373 0.247583 0.3033
loop 24  
1.60257 2.33908 1.86063 1.15846
0.859005 0.747141 0.610154 0.756388
1.60267 2.33963 1.86036 1.15856
0.271107 0.305924 0.246204 0.305542
loop 25  
1.60267 2.33963 1.86022 1.15856
0.863669 0.747768 0.610914 0.756663
1.60257 2.33908 1.86063 1.15846
0.26583 0.299937 0.244814 0.30438
loop 26  
1.60247 2.33944 1.86049 1.1584
0.885338 0.767316 0.629655 0.781732
1.60257 2.33963 1.86022 1.15856
0.264839 0.299704 0.244677 0.299734
loop 27  
1.61202 2.33889 1.85967 1.15793
0.916383 0.793068 0.659685 0.807297
1.60247 2.33944 1.86049 1.1584
0.279459 0.311465 0.251784 0.311374
loop 28  
1.61182 2.33889 1.85953 1.15772
0.899089 0.775978 0.63815 0.790455
1.61202 2.33889 1.85967 1.15793
0.26807 0.302663 0.247583 0.303038
loop 29  
1.61192 2.33889 1.85967 1.15793
0.810219 0.706321 0.58239 0.7155
1.61182 2.33889 1.85953 1.15772
0.270288 0.305287 0.24871 0.305948
loop 30  
1.60267 2.33963 1.86036 1.15856
0.911388 0.785214 0.648704 0.800085
1.61202 2.33853 1.85967 1.15793
0.268459 0.303446 0.247973 0.303822
loop 31  
1.60247 2.33963 1.86063 1.15846
0.891242 0.777498 0.63982 0.791547
1.60267 2.33963 1.86036 1.15856
0.269309 0.29938 0.243883 0.303456
loop 32  
1.60257 2.33963 1.86022 1.15856
0.928038 0.80472 0.660666 0.81921
1.60247 2.33963 1.86063 1.15846
0.265236 0.300368 0.244568 0.299734
loop 33  
1.61182 2.33889 1.85994 1.15777
0.941678 0.806588 0.662009 0.821606
1.60257 2.33963 1.86022 1.15851
0.263178 0.298024 0.242639 0.297947
loop 34  
1.61202 2.33889 1.85967 1.15793
0.753693 0.666305 0.545834 0.675056
1.61182 2.33889 1.85967 1.15777
0.263874 0.29859 0.243177 0.298555
loop 35  
1.61182 2.33889 1.85953 1.15772
0.912202 0.789601 0.652098 0.804214
1.61192 2.33889 1.85967 1.15793
0.278336 0.310608 0.255032 0.31495
loop 36  
1.60257 2.33908 1.86022 1.15851
0.931017 0.795734 0.657334 0.811003
1.61182 2.33889 1.85953 1.15772
0.264097 0.297777 0.24245 0.297305
loop 37  
1.60267 2.33963 1.86022 1.15856
0.933804 0.802969 0.657274 0.81813
1.60257 2.33908 1.86022 1.15846
0.268589 0.302535 0.247179 0.306391
loop 38  
1.60247 2.33963 1.86063 1.1584
0.934808 0.807211 0.662985 0.821838
1.60257 2.33963 1.86022 1.15856
0.268834 0.303319 0.24387 0.302969
loop 39  
1.60257 2.33944 1.86022 1.15856
0.909112 0.791164 0.653972 0.805482
1.60247 2.33963 1.86049 1.1584
0.265859 0.300009 0.244841 0.299974
loop 40  
1.61182 2.33889 1.85953 1.15777
0.947698 0.81314 0.665166 0.822468
1.61202 2.33889 1.85967 1.15793
0.272337 0.302207 0.247054 0.306957
loop 41  
1.61192 2.33889 1.85967 1.15793
0.960273 0.816694 0.672277 0.826516
1.61182 2.33889 1.85953 1.15772
0.271883 0.302025 0.246692 0.306214
loop 42  
1.61202 2.33889 1.85981 1.15788
0.606892 0.579896 0.475781 0.585976
1.61192 2.33889 1.85967 1.15793
0.266368 0.300458 0.245129 0.300489
loop 43  
1.60257 2.33908 1.86063 1.15846
0.608108 0.589511 0.483526 0.600499
1.60267 2.33963 1.86036 1.15856
0.278967 0.311388 0.251827 0.311575
loop 44  
1.60267 2.33963 1.86022 1.15856
0.62195 0.595107 0.489498 0.601184
1.60257 2.33908 1.86063 1.15846
0.268402 0.302389 0.247095 0.306833
loop 45  
1.60247 2.33944 1.86049 1.1584
0.965431 0.802355 0.669963 0.812818
1.60257 2.33963 1.86022 1.15856
0.26566 0.299973 0.244663 0.300215
loop 46  
1.61202 2.33889 1.85967 1.15793
0.532207 0.530854 0.436558 0.540951
1.60247 2.33944 1.86049 1.1584
0.271238 0.30587 0.249323 0.302085
loop 47  
1.61182 2.33889 1.85953 1.15772
0.543011 0.540497 0.445739 0.550904
1.61202 2.33889 1.85967 1.15793
0.268661 0.302881 0.247221 0.303021
loop 48  
1.61192 2.33889 1.85967 1.15793
0.575085 0.564573 0.464409 0.575279
1.61182 2.33889 1.85953 1.15772
0.265547 0.300512 0.244855 0.299974
loop 49  
1.60267 2.33963 1.86036 1.15856
0.596287 0.572273 0.468051 0.58376
1.61202 2.33853 1.85967 1.15793
0.269107 0.299237 0.243965 0.303178
loop 50  
1.60247 2.33963 1.86063 1.15846
0.94834 0.78756 0.652846 0.797307
1.60267 2.33963 1.86036 1.15856
0.269395 0.299596 0.244212 0.303857
loop 51  
1.60257 2.33963 1.86022 1.15856
0.572774 0.556811 0.457709 0.567865
1.60247 2.33963 1.86063 1.15846
0.274372 0.306479 0.246859 0.306267
loop 52  
1.61182 2.33889 1.85994 1.15777
0.660384 0.620464 0.513458 0.632386
1.60257 2.33963 1.86022 1.15851
0.269251 0.299704 0.244335 0.303962
loop 53  
1.6514 2.35519 1.88709 1.19443
0.955449 0.806355 0.662802 0.816166
1.65649 2.36386 1.88525 1.19106
0.262815 0.297175 0.241777 0.30097
loop 54  
1.61202 2.33853 1.85967 1.15793
0.961993 0.818222 0.673063 0.827904
1.61182 2.33889 1.85953 1.15772
0.265278 0.29947 0.243979 0.303247
loop 55  
1.60267 2.33963 1.86036 1.15856
0.92591 0.793455 0.653252 0.803289
1.60257 2.33908 1.86022 1.15851
0.268906 0.302881 0.247722 0.302446
loop 56  
1.60247 2.33963 1.86063 1.15846
0.575642 0.560715 0.457255 0.56693
1.60267 2.33963 1.86022 1.15856
0.263943 0.298148 0.239134 0.298251
loop 57  
1.60257 2.33963 1.86022 1.15851
0.992558 0.829708 0.682668 0.840489
1.60247 2.33963 1.86063 1.1584
0.265179 0.299793 0.2448 0.299906
loop 58  
1.61182 2.33889 1.85967 1.15777
0.975667 0.831321 0.684446 0.846461
1.60257 2.33944 1.86022 1.15856
0.268661 0.302699 0.247067 0.306816
loop 59  
1.61192 2.33889 1.85967 1.15793
0.999738 0.846692 0.694727 0.862568
1.61182 2.33889 1.85953 1.15777
0.282078 0.310093 0.254885 0.314654
loop 60  
1.61182 2.33889 1.85953 1.15772
0.888218 0.77987 0.642067 0.793225
1.61192 2.33889 1.85967 1.15793
0.262495 0.296715 0.241899 0.301347
loop 61  
1.60257 2.33908 1.86022 1.15846
0.805145 0.727478 0.597868 0.740607
1.61202 2.33889 1.85981 1.15788
0.268589 0.302991 0.247541 0.302864
loop 62  
1.60257 2.33963 1.86022 1.15856
0.822213 0.722779 0.598035 0.736415
1.60257 2.33908 1.86063 1.15846
0.265066 0.299255 0.244349 0.304031
loop 63  
1.60247 2.33963 1.86049 1.1584
0.689701 0.643758 0.531628 0.655594
1.60267 2.33963 1.86022 1.15856
0.265252 0.299422 0.243459 0.300414
loop 64  
1.61202 2.33889 1.85967 1.15793
0.696164 0.651448 0.534 0.663172
1.60247 2.33944 1.86049 1.1584
0.272162 0.306682 0.250862 0.306869
loop 65  
1.61182 2.33889 1.85953 1.15772
0.693428 0.652852 0.535223 0.659221
1.61202 2.33889 1.85967 1.15793
0.266807 0.300476 0.245088 0.300249
loop 66  
1.61192 2.33889 1.85967 1.15793
0.699495 0.655598 0.537976 0.667512
1.61182 2.33889 1.85953 1.15772
0.268574 0.303027 0.247833 0.302847
loop 67  
1.60267 2.33963 1.86036 1.15856
0.699743 0.650212 0.537844 0.662058
1.61192 2.33889 1.85967 1.15793
0.279259 0.307399 0.25213 0.311629
loop 68  
1.60257 2.33908 1.86063 1.15846
0.704187 0.654975 0.537535 0.667063
1.60267 2.33963 1.86036 1.15856
0.26068 0.295093 0.240113 0.295062
loop 69  
1.60257 2.33963 1.86022 1.15856
0.704 0.655088 0.542088 0.66667
1.60247 2.33963 1.86063 1.15846
0.262607 0.296698 0.241845 0.301296
loop 70  
1.60247 2.33944 1.86049 1.1584
0.675126 0.638439 0.526122 0.650248
1.60257 2.33963 1.86022 1.15856
0.271488 0.305776 0.250168 0.305383
loop 71  
1.61202 2.33889 1.85967 1.15793
0.824466 0.730486 0.602372 0.744666
1.61182 2.33889 1.85994 1.15777
0.26617 0.300332 0.245074 0.30006
loop 72  
1.61182 2.33889 1.85953 1.15772
0.661716 0.596242 0.489627 0.604614
1.61192 2.33889 1.85967 1.15793
0.269352 0.299452 0.24439 0.303718
loop 73  
1.61202 2.33853 1.85967 1.15793
0.721141 0.62736 0.517822 0.637237
1.61182 2.33889 1.85953 1.15772
0.27058 0.305258 0.246009 0.305348
loop 74  
1.60267 2.33963 1.86036 1.15856
0.618028 0.544709 0.444946 0.544901
1.60257 2.33908 1.86022 1.15851
0.267811 0.302152 0.247207 0.302376
loop 75  
1.60247 2.33963 1.86063 1.15846
0.83481 0.744632 0.611186 0.7583
1.60267 2.33963 1.86022 1.15856
0.27683 0.308337 0.252965 0.308664
loop 76  
1.60257 2.33963 1.86022 1.15851
0.813292 0.715773 0.589749 0.724639
1.60247 2.33963 1.86063 1.1584
0.267638 0.30585 0.246399 0.305807
loop 77  
1.61182 2.33889 1.85967 1.15777
0.846725 0.740381 0.614089 0.754426
1.60257 2.33944 1.86022 1.15856
0.268589 0.302644 0.247374 0.302655
loop 78  
1.61192 2.33889 1.85967 1.15793
0.704414 0.651916 0.536124 0.664592
1.61182 2.33889 1.85953 1.15777
0.263052 0.300961 0.241629 0.301193
loop 79  
1.61182 2.33889 1.85953 1.15772
0.679603 0.639386 0.523575 0.651631
1.61192 2.33889 1.85967 1.15793
0.26549 0.299291 0.244335 0.303997
loop 80  
1.60257 2.33908 1.86022 1.15846
0.697263 0.645238 0.533563 0.657454
1.61202 2.33889 1.85981 1.15788
0.273011 0.303665 0.247861 0.304258
loop 81  
1.60257 2.33963 1.86022 1.15856
0.78325 0.68832 0.56647 0.696937
1.60257 2.33908 1.86063 1.15846
0.269194 0.303811 0.248098 0.304415
loop 82  
1.60247 2.33963 1.86049 1.1584
0.755634 0.659855 0.540694 0.668494
1.60267 2.33963 1.86022 1.15856
0.268733 0.303319 0.24387 0.303108
loop 83  
1.61202 2.33889 1.85967 1.15793
0.735792 0.644293 0.531373 0.648121
1.60247 2.33944 1.86049 1.1584
0.273538 0.306164 0.24651 0.305949
loop 84  
1.61182 2.33889 1.85953 1.15772
0.773948 0.67725 0.557471 0.687061
1.61202 2.33889 1.85967 1.15793
0.266198 0.300691 0.245293 0.30042
loop 85  
1.61192 2.33889 1.85967 1.15793
0.584545 0.513863 0.418587 0.509796
1.61182 2.33889 1.85953 1.15772
0.270126 0.304463 0.249276 0.308771
loop 86  
1.60267 2.33963 1.86036 1.15856
0.585609 0.510589 0.418673 0.510827
1.61192 2.33889 1.85967 1.15793
0.271839 0.302061 0.246552 0.306391
loop 87  
1.60257 2.33908 1.86063 1.15846
0.574703 0.507889 0.416891 0.508437
1.60267 2.33963 1.86036 1.15856
0.265944 0.300673 0.245266 0.300335
loop 88  
1.60257 2.33963 1.86022 1.15856
0.584976 0.520372 0.426803 0.520606
1.60247 2.33963 1.86063 1.15846
0.262913 0.297936 0.242692 0.297491
loop 89  
1.60247 2.33944 1.86049 1.1584
0.876233 0.726435 0.601897 0.732644
1.60257 2.33963 1.86022 1.15856
0.271737 0.301934 0.246803 0.30586
loop 90  
1.61202 2.33889 1.85967 1.15793
1.94025 1.48311 1.23505 1.51787
1.61182 2.33889 1.85994 1.15777
0.263693 0.29403 0.238857 0.29815
loop 91  
1.61182 2.33889 1.85953 1.15772
1.27511 1.04173 0.867398 1.06322
1.61192 2.33889 1.85967 1.15793
0.274178 0.30622 0.250735 0.305967
loop 92  
1.61202 2.33853 1.85967 1.15793
0.728564 0.619654 0.516446 0.633751
1.61182 2.33889 1.85953 1.15772
0.26549 0.299901 0.244568 0.299631
loop 93  
1.60267 2.33963 1.86036 1.15856
1.27625 1.04887 0.868954 1.06528
1.60257 2.33908 1.86022 1.15851
0.273568 0.308187 0.252792 0.307927
loop 94  
1.60247 2.33963 1.86063 1.15846
1.81494 1.38317 1.15393 1.41179
1.60267 2.33963 1.86022 1.15856
0.269381 0.303537 0.247861 0.303387
loop 95  
1.60257 2.33963 1.86022 1.15851
1.11782 0.912146 0.758719 0.927822
1.60247 2.33963 1.86063 1.1584
0.264726 0.303045 0.247666 0.302864
loop 96  
1.61182 2.33889 1.85967 1.15777
1.1366 0.930176 0.766 0.945984
1.60257 2.33944 1.86022 1.15856
0.268171 0.302517 0.247416 0.302568
loop 97  
1.61192 2.33889 1.85967 1.15793
1.08957 0.896406 0.743809 0.9117
1.61182 2.33889 1.85953 1.15777
0.272088 0.306664 0.250862 0.307099
loop 98  
1.61182 2.33889 1.85953 1.15772
0.92997 0.743695 0.618587 0.752125
1.61192 2.33889 1.85967 1.15793
0.269654 0.304722 0.244759 0.300781
loop 99  
1.60257 2.33908 1.86022 1.15846
0.411953 0.402341 0.326193 0.404167
1.61202 2.33889 1.85981 1.15788
0.275756 0.308206 0.252763 0.312249
   
work load:bzip2,gcc,gzip,mesa  
