loop 0
	0.0558272	0.0521717	0.10042	0.0817721	0.0994213
	0.043864	0.0409386	0.0755436	0.0623609	0.0742848
	0.137581	0.133416	0.22562	0.188976	0.224571
	0.0306375	0.029035	0.0520056	0.0435386	0.0508919
loop 1
	0.056049	0.0523885	0.099282	0.0820816	0.098281
	0.0428769	0.0399598	0.0729677	0.0613603	0.0732769
	0.142906	0.138656	0.232195	0.197318	0.233478
	0.0296091	0.0280101	0.0522958	0.042455	0.0511797
loop 2
	0.0555864	0.0531471	0.100536	0.081757	0.099551
	0.0428646	0.0412692	0.0745194	0.0613465	0.0732593
	0.103676	0.099741	0.169622	0.144178	0.171163
	0.0306125	0.0290074	0.0519563	0.0435006	0.0522465
loop 3
	0.0557638	0.0533473	0.101846	0.0816914	0.0993342
	0.0427704	0.0411808	0.074375	0.0612225	0.0731179
	0.111012	0.106902	0.18111	0.152679	0.180384
	0.0315085	0.0298973	0.0528975	0.0444268	0.0531844
loop 4
	0.0550289	0.0526125	0.0996653	0.0809899	0.0986586
	0.0427827	0.0411961	0.074375	0.0612294	0.0731179
	0.114973	0.108948	0.185287	0.156773	0.186736
	0.0306825	0.0290742	0.0520822	0.0436062	0.0523725
loop 5
	0.054843	0.0524318	0.0993516	0.0807386	0.0983497
	0.0425861	0.0410039	0.0740501	0.0624315	0.074366
	0.116705	0.112792	0.191578	0.161428	0.193195
	0.030655	0.0290488	0.0520275	0.043564	0.0523177
loop 6
	0.0549282	0.0525113	0.099491	0.0808444	0.098487
	0.0440203	0.0410885	0.0758016	0.0625797	0.0745375
	0.1017	0.0977516	0.168052	0.140392	0.167435
	0.0305775	0.0289751	0.0533081	0.0434499	0.0521918
loop 7
	0.0556716	0.0519816	0.0991734	0.0804582	0.098189
	0.0439147	0.0409924	0.0756081	0.0624244	0.0743479
	0.104542	0.100537	0.171155	0.143381	0.170522
	0.0303625	0.0287654	0.0530325	0.0445401	0.051907
loop 8
	0.0545649	0.0508959	0.0979017	0.0792572	0.0969172
	0.0437499	0.040831	0.0754145	0.062241	0.0741494
	0.107542	0.103509	0.177093	0.148871	0.176335
	0.0305625	0.028959	0.0518906	0.0434414	0.0521808
loop 9
	0.0544741	0.0508133	0.0977834	0.0791423	0.0952893
	0.0430121	0.0400863	0.0731974	0.0615463	0.0734978
	0.111963	0.107942	0.183592	0.155304	0.182758
	0.0306225	0.0290166	0.0519727	0.0435175	0.0522629
loop 10
	0.0543984	0.0507444	0.0976482	0.0790401	0.0966509
	0.0425779	0.0409924	0.0740411	0.060947	0.0743479
	0.107487	0.103697	0.178411	0.149109	0.177906
	0.0305625	0.028959	0.0518796	0.043433	0.0521699
loop 11
	0.0517226	0.0492608	0.0939062	0.0766087	0.0914094
	0.0430817	0.0401533	0.0732858	0.0601596	0.0720375
	0.105459	0.101507	0.171606	0.146066	0.173175
	0.0314539	0.0298468	0.0528131	0.0443528	0.0531
loop 12
	0.051075	0.04864	0.0928438	0.0757057	0.0918408
	0.0426762	0.0410885	0.0741945	0.0610779	0.07295
	0.111784	0.107763	0.181215	0.153041	0.182768
	0.0306925	0.0290811	0.0520932	0.0436104	0.0509772
loop 13
	0.0516399	0.049184	0.09375	0.0764899	0.0927634
	0.0428073	0.0412115	0.0744292	0.0612708	0.0731709
	0.125616	0.121594	0.206548	0.173377	0.205661
	0.030735	0.0291226	0.0521589	0.0436738	0.0510465
loop 14
	0.0485686	0.044843	0.0854994	0.069683	0.0844945
	0.0429998	0.0400752	0.0731621	0.0615257	0.0719078
	0.128626	0.122626	0.209822	0.176574	0.211308
	0.0304325	0.0288369	0.0530775	0.0432556	0.0519618
loop 15
	0.045945	0.0434419	0.082858	0.068411	0.0818496
	0.0430162	0.0400938	0.0731798	0.0600722	0.0719337
	0.12747	0.121469	0.208747	0.175462	0.207946
	0.03066	0.0290534	0.0520275	0.043564	0.0523232
loop 16
	0.0459821	0.0446194	0.0816947	0.066703	0.0806353
	0.0429957	0.041396	0.0747541	0.0615394	0.073489
	0.105038	0.10112	0.173225	0.145569	0.172626
	0.030435	0.0288323	0.0531394	0.0432936	0.052011
loop 17
	0.0509952	0.0484087	0.0904642	0.0741251	0.0894165
	0.0440752	0.0411423	0.0743209	0.0626573	0.0746277
	0.126818	0.122903	0.210867	0.175887	0.210139
	0.0306475	0.0290396	0.0520056	0.0435471	0.0523013
loop 18
	0.0461172	0.043512	0.0813254	0.0665684	0.0802833
	0.0431432	0.0402091	0.0733918	0.0602403	0.0721413
	0.149107	0.142682	0.239884	0.204424	0.241021
	0.03062	0.0290166	0.0519727	0.0435133	0.0522629
loop 19
	0.0512677	0.0487511	0.0913306	0.0752475	0.0902736
	0.0438935	0.0409655	0.0756357	0.0624315	0.074366
	0.154131	0.147588	0.245786	0.209967	0.246864
	0.0306325	0.0290235	0.0519946	0.0435302	0.0508813
loop 20
	0.050272	0.047764	0.0902016	0.0741762	0.0891577
	0.0427377	0.04115	0.0742938	0.0611605	0.0730472
	0.135676	0.131078	0.213065	0.183882	0.216457
	0.03042	0.0288184	0.0531169	0.0432725	0.0519946
loop 21
	0.054202	0.0517143	0.0984842	0.0794212	0.0974353
	0.0428442	0.0412461	0.0745375	0.0613465	0.0732681
	0.135757	0.131247	0.216832	0.183236	0.217831
	0.030695	0.029088	0.0520822	0.0436147	0.0509719
loop 22
	0.0507904	0.048268	0.09108	0.0749149	0.0900356
	0.0428564	0.0412653	0.0744923	0.0613259	0.0732328
	0.130349	0.124156	0.211776	0.177523	0.210667
	0.0306	0.0289935	0.0519399	0.0434879	0.0522356
loop 23
	0.0545159	0.0507931	0.0969441	0.0795415	0.095903
	0.0427868	0.0412	0.0743841	0.0612363	0.0731267
	0.126559	0.122011	0.200801	0.169704	0.201777
	0.030625	0.0290189	0.0519837	0.0435217	0.0508706
loop 24
	0.0520484	0.0495177	0.092619	0.0749149	0.0915552
	0.0429629	0.0400454	0.0731091	0.0614774	0.0734095
	0.128067	0.12348	0.202669	0.173721	0.206068
	0.0304225	0.0288207	0.0531225	0.0432767	0.0519946
loop 25
	0.0537901	0.050067	0.0962901	0.07744	0.0937344
	0.0419404	0.0403394	0.0736304	0.060442	0.0723662
	0.127094	0.122507	0.19945	0.170548	0.202865
	0.0306925	0.0290834	0.0520932	0.0436147	0.0509825
loop 26
	0.050627	0.0480679	0.0898516	0.0735946	0.0888005
	0.0418293	0.0402352	0.073436	0.0602807	0.0721846
	0.127931	0.123365	0.202418	0.173516	0.205811
	0.0304825	0.0288852	0.053145	0.0433189	0.052033
loop 27
	0.0502704	0.0477959	0.08972	0.0738879	0.0886896
	0.0427786	0.0411885	0.074357	0.0612157	0.0731002
	0.12638	0.121827	0.200828	0.171923	0.201749
	0.0305425	0.0289428	0.0532519	0.0434034	0.0521315
loop 28
	0.0484837	0.045904	0.0865404	0.0702242	0.0854757
	0.0427254	0.0411346	0.0742848	0.0626291	0.0745916
	0.126321	0.121785	0.20047	0.171697	0.201498
	0.0296139	0.0280145	0.0523122	0.0424673	0.0511957
loop 29
	0.0461981	0.0436856	0.083356	0.0674201	0.0823012
	0.0441132	0.0411692	0.0760136	0.062742	0.074736
	0.129574	0.12499	0.204172	0.175221	0.20756
	0.030315	0.0287217	0.0529481	0.0444617	0.0518194
loop 30
	0.0428728	0.0402712	0.0753239	0.0620217	0.0742638
	0.0429916	0.0400714	0.0731621	0.0615188	0.0734625
	0.125737	0.121153	0.198197	0.169252	0.199178
	0.03082	0.0292078	0.0522903	0.0437837	0.0511744
loop 31
	0.0463419	0.0436552	0.0813936	0.0676006	0.0803171
	0.0428401	0.0412461	0.0744833	0.061319	0.0732239
	0.13276	0.126298	0.210146	0.179494	0.211221
	0.0307025	0.0290926	0.0521041	0.0436274	0.0509932

work load: crafty.mips equake.mips gcc.mips parser.mips
