loop 0
	0.137581	0.133416	0.22562	0.188976	0.224571
	0.115847	0.110122	0.199781	0.16598	0.198243
	0.0430682	0.040035	0.0728148	0.0608	0.0731461
	0.043864	0.0409386	0.0755436	0.0623609	0.0742848
loop 1
	0.142906	0.138656	0.232195	0.197318	0.233478
	0.115847	0.110122	0.199768	0.16597	0.198203
	0.0419245	0.0402612	0.0731792	0.0596016	0.0719118
	0.0428769	0.0399598	0.0729677	0.0613603	0.0732769
loop 2
	0.103676	0.099741	0.169622	0.144178	0.171163
	0.115841	0.110111	0.199781	0.16597	0.198203
	0.0420845	0.0390594	0.0718389	0.05982	0.0705761
	0.0428646	0.0412692	0.0745194	0.0613465	0.0732593
loop 3
	0.111012	0.106902	0.18111	0.152679	0.180384
	0.115882	0.110155	0.199822	0.165991	0.198269
	0.042092	0.0390695	0.0718389	0.0598262	0.0705761
	0.0427704	0.0411808	0.074375	0.0612225	0.0731179
loop 4
	0.114973	0.108948	0.185287	0.156773	0.186736
	0.115876	0.11015	0.199795	0.166001	0.198269
	0.042118	0.0390897	0.0718713	0.0598512	0.0706078
	0.0427827	0.0411961	0.074375	0.0612294	0.0731179
loop 5
	0.116705	0.112792	0.191578	0.161428	0.193195
	0.115876	0.11015	0.199795	0.16598	0.198256
	0.0420994	0.0390729	0.0718308	0.05982	0.0705682
	0.0425861	0.0410039	0.0740501	0.0624315	0.074366
loop 6
	0.1017	0.0977516	0.168052	0.140392	0.167435
	0.115853	0.110128	0.199768	0.16596	0.198216
	0.0418836	0.040223	0.0730964	0.0595329	0.0718308
	0.0440203	0.0410885	0.0758016	0.0625797	0.0745375
loop 7
	0.104542	0.100537	0.171155	0.143381	0.170522
	0.115835	0.110106	0.199781	0.16596	0.19823
	0.0429798	0.0399549	0.0742716	0.0606784	0.072997
	0.0439147	0.0409924	0.0756081	0.0624244	0.0743479
loop 8
	0.107542	0.103509	0.177093	0.148871	0.176335
	0.115847	0.110122	0.199781	0.16597	0.19823
	0.0420733	0.0390527	0.0717822	0.0597825	0.0721143
	0.0437499	0.040831	0.0754145	0.062241	0.0741494
loop 9
	0.111963	0.107942	0.183592	0.155304	0.182758
	0.115876	0.110144	0.199808	0.166011	0.198269
	0.0420696	0.040404	0.0718065	0.0597888	0.0721305
	0.0430121	0.0400863	0.0731974	0.0615463	0.0734978
loop 10
	0.107487	0.103697	0.178411	0.149109	0.177906
	0.11587	0.110144	0.199795	0.166001	0.198269
	0.0420064	0.0403413	0.0717093	0.0597076	0.0720333
	0.0425779	0.0409924	0.0740411	0.060947	0.0743479
loop 11
	0.105459	0.101507	0.171606	0.146066	0.173175
	0.115876	0.11015	0.199781	0.165991	0.198243
	0.0420473	0.0403796	0.071766	0.0597576	0.0720981
	0.0430817	0.0401533	0.0732858	0.0601596	0.0720375
loop 12
	0.111784	0.107763	0.181215	0.153041	0.182768
	0.115859	0.110133	0.199795	0.16597	0.19823
	0.0421031	0.0390762	0.0718632	0.0598387	0.070592
	0.0426762	0.0410885	0.0741945	0.0610779	0.07295
loop 13
	0.125616	0.121594	0.206548	0.173377	0.205661
	0.118591	0.112909	0.20515	0.171509	0.200133
	0.042051	0.0403866	0.0717498	0.0597513	0.0720819
	0.0428073	0.0412115	0.0744292	0.0612708	0.0731709
loop 14
	0.128626	0.122626	0.209822	0.176574	0.211308
	0.115859	0.110133	0.199768	0.16596	0.198216
	0.0429336	0.0399097	0.0742124	0.0606208	0.0729308
	0.0429998	0.0400752	0.0731621	0.0615257	0.0719078
loop 15
	0.12747	0.121469	0.208747	0.175462	0.207946
	0.115882	0.110155	0.199781	0.165991	0.198256
	0.0418947	0.0402334	0.0731047	0.0595391	0.0718389
	0.0430162	0.0400938	0.0731798	0.0600722	0.0719337
loop 16
	0.105038	0.10112	0.173225	0.145569	0.172626
	0.115876	0.110155	0.199808	0.16598	0.198256
	0.0422296	0.0391973	0.0720333	0.0599885	0.0707662
	0.0429957	0.041396	0.0747541	0.0615394	0.073489
loop 17
	0.126818	0.122903	0.210867	0.175887	0.210139
	0.115876	0.11015	0.199795	0.165991	0.198256
	0.0430566	0.0400245	0.0727734	0.0607616	0.0730964
	0.0440752	0.0411423	0.0743209	0.0626573	0.0746277
loop 18
	0.149107	0.142682	0.239884	0.204424	0.241021
	0.115859	0.110133	0.199781	0.16598	0.198256
	0.0419468	0.0402821	0.0732206	0.0596265	0.0719361
	0.0431432	0.0402091	0.0733918	0.0602403	0.0721413
loop 19
	0.154131	0.147588	0.245786	0.209967	0.246864
	0.115859	0.110133	0.199768	0.16596	0.198216
	0.0421366	0.0391099	0.0719037	0.0598824	0.0706395
	0.0438935	0.0409655	0.0756357	0.0624315	0.074366
loop 20
	0.135676	0.131078	0.213065	0.183882	0.216457
	0.115847	0.110122	0.199781	0.16596	0.19823
	0.0420324	0.0403692	0.0717417	0.0597389	0.0720738
	0.0427377	0.04115	0.0742938	0.0611605	0.0730472
loop 21
	0.135757	0.131247	0.216832	0.183236	0.217831
	0.115882	0.110161	0.199822	0.165991	0.198269
	0.0419617	0.0402961	0.0732703	0.059664	0.0719847
	0.0428442	0.0412461	0.0745375	0.0613465	0.0732681
loop 22
	0.130349	0.124156	0.211776	0.177523	0.210667
	0.115876	0.110155	0.199795	0.166001	0.198269
	0.0419282	0.0402682	0.0731709	0.0595891	0.0719037
	0.0428564	0.0412653	0.0744923	0.0613259	0.0732328
loop 23
	0.126559	0.122011	0.200801	0.169704	0.201777
	0.115876	0.11015	0.199795	0.165991	0.198269
	0.0421329	0.0391031	0.0718875	0.0598637	0.0706236
	0.0427868	0.0412	0.0743841	0.0612363	0.0731267
loop 24
	0.128067	0.12348	0.202669	0.173721	0.206068
	0.115853	0.110128	0.199768	0.16596	0.198216
	0.0420361	0.0403726	0.0717336	0.0597264	0.0720576
	0.0429629	0.0400454	0.0731091	0.0614774	0.0734095
loop 25
	0.127094	0.122507	0.19945	0.170548	0.202865
	0.115853	0.110128	0.199781	0.16596	0.19823
	0.0417422	0.0400907	0.0728645	0.0608512	0.0715959
	0.0419404	0.0403394	0.0736304	0.060442	0.0723662
loop 26
	0.127931	0.123365	0.202418	0.173516	0.205811
	0.115859	0.110133	0.199768	0.16597	0.19823
	0.0420287	0.0403622	0.0717498	0.0597389	0.0720738
	0.0418293	0.0402352	0.073436	0.0602807	0.0721846
loop 27
	0.12638	0.121827	0.200828	0.171923	0.201749
	0.115882	0.110155	0.199795	0.166001	0.198269
	0.0409104	0.0392512	0.0721467	0.0600821	0.0708692
	0.0427786	0.0411885	0.074357	0.0612157	0.0731002
loop 28
	0.126321	0.121785	0.20047	0.171697	0.201498
	0.115882	0.110155	0.199795	0.166001	0.198269
	0.0418538	0.0401916	0.0730881	0.0610304	0.0718146
	0.0427254	0.0411346	0.0742848	0.0626291	0.0745916
loop 29
	0.129574	0.12499	0.204172	0.175221	0.20756
	0.115876	0.11015	0.199781	0.16598	0.198256
	0.0421515	0.03912	0.0719199	0.0598886	0.0706474
	0.0441132	0.0411692	0.0760136	0.062742	0.074736
loop 30
	0.125737	0.121153	0.198197	0.169252	0.199178
	0.11587	0.110144	0.199808	0.16597	0.198256
	0.0419878	0.0403274	0.073262	0.0596702	0.0719847
	0.0429916	0.0400714	0.0731621	0.0615188	0.0734625
loop 31
	0.13276	0.126298	0.210146	0.179494	0.211221
	0.115853	0.110128	0.199781	0.16597	0.19823
	0.0419245	0.0402612	0.0731626	0.0595891	0.0718875
	0.0428401	0.0412461	0.0744833	0.061319	0.0732239
loop 32
	0.108432	0.104404	0.175728	0.149687	0.177101
	0.115847	0.110122	0.199768	0.16596	0.19823
	0.0419245	0.0402647	0.0731626	0.0595828	0.0718875
	0.0428524	0.0412577	0.0744923	0.0613328	0.0732328
loop 33
	0.10885	0.103396	0.179928	0.15129	0.17942
	0.115859	0.110133	0.199768	0.16596	0.198216
	0.0420138	0.0403518	0.0716769	0.0596952	0.072009
	0.0426107	0.0410232	0.0741314	0.0624879	0.0744382
loop 34
	0.094539	0.0894052	0.158197	0.131151	0.157926
	0.115882	0.110155	0.199781	0.165991	0.198256
	0.0418203	0.0401673	0.0729722	0.0609408	0.0717012
	0.0426803	0.0410924	0.0742306	0.0610985	0.0745375
loop 35
	0.137271	0.130758	0.217321	0.18645	0.218359
	0.115876	0.110155	0.199808	0.16598	0.198256
	0.0418092	0.0401464	0.0730219	0.0609728	0.0717417
	0.0427008	0.0411116	0.0742667	0.061133	0.0730119
loop 36
	0.128306	0.124038	0.208005	0.175846	0.209243
	0.115876	0.11015	0.199795	0.165991	0.198256
	0.0419915	0.0403274	0.0717012	0.0596889	0.0720171
	0.0428483	0.0399338	0.0745014	0.0613259	0.0732416
loop 37
	0.132259	0.128032	0.214162	0.181939	0.215428
	0.115859	0.110133	0.199781	0.16598	0.198256
	0.041891	0.0402264	0.0731129	0.0595516	0.0718389
	0.0427459	0.0411539	0.0743209	0.0611812	0.0730649
loop 38
	0.125843	0.121421	0.200898	0.170323	0.201983
	0.115859	0.110133	0.199768	0.16596	0.198216
	0.0419357	0.0402717	0.0732123	0.0596203	0.0719361
	0.0428933	0.0412999	0.0745646	0.0613879	0.0733123
loop 39
	0.12376	0.119301	0.196891	0.168528	0.197962
	0.115847	0.110122	0.199781	0.16596	0.19823
	0.040968	0.039305	0.0722277	0.0586376	0.0709563
	0.0429179	0.0400007	0.0745916	0.0614085	0.07333
loop 40
	0.123643	0.119189	0.196864	0.168461	0.19788
	0.115882	0.110161	0.199822	0.165991	0.198269
	0.0409644	0.0393016	0.0722277	0.0586376	0.0709563
	0.0447579	0.0418293	0.0780133	0.0632549	0.0767398
loop 41
	0.1245	0.118536	0.203234	0.172326	0.204704
	0.115876	0.110155	0.199795	0.166001	0.198269
	0.0409176	0.0392545	0.0721467	0.0600883	0.0708771
	0.0430653	0.0401347	0.0732769	0.0616221	0.0735862
loop 42
	0.116266	0.110555	0.192414	0.160398	0.191734
	0.115876	0.11015	0.199795	0.165991	0.198269
	0.0429067	0.0398818	0.07417	0.0605824	0.0728894
	0.0439358	0.0410078	0.0756634	0.0624668	0.0744021
loop 43
	0.113587	0.109635	0.186577	0.156362	0.185797
	0.115853	0.110128	0.199768	0.16596	0.198216
	0.0419245	0.0402612	0.0731709	0.0595953	0.0718956
	0.0427172	0.0411308	0.0742848	0.0611468	0.0730295
loop 44
	0.117386	0.111589	0.192347	0.162107	0.191587
	0.115853	0.110128	0.199781	0.16596	0.19823
	0.041824	0.0401673	0.0730219	0.0609728	0.0717417
	0.04275	0.0411577	0.0743118	0.0611812	0.0730649
loop 45
	0.0840215	0.079221	0.14247	0.118729	0.14051
	0.115859	0.110133	0.199768	0.16597	0.19823
	0.0421552	0.0391233	0.0719361	0.0599074	0.0706632
	0.0430531	0.0401273	0.0732593	0.0601327	0.0720029
loop 46
	0.0832183	0.0799656	0.141842	0.118013	0.141753
	0.115882	0.110155	0.199795	0.166001	0.198269
	0.0419357	0.0402717	0.0731958	0.059614	0.0719199
	0.0429588	0.0400417	0.0731002	0.0614705	0.0734095
loop 47
	0.0838561	0.0806414	0.142222	0.118499	0.142132
	0.115882	0.110155	0.199795	0.166001	0.198269
	0.0419022	0.0402473	0.0731047	0.0595516	0.0718389
	0.0430653	0.0401421	0.0732504	0.0601327	0.0720029
loop 48
	0.0890274	0.0856195	0.149991	0.125206	0.14976
	0.115876	0.11015	0.199781	0.16598	0.198256
	0.0420213	0.0403622	0.0717012	0.0597076	0.0720333
	0.0428237	0.0412346	0.0744292	0.0612777	0.0731709
loop 49
	0.11318	0.107924	0.192374	0.160155	0.192054
	0.11587	0.110144	0.199808	0.16597	0.198256
	0.0417385	0.0400802	0.0728894	0.060864	0.0716121
	0.0428974	0.0399859	0.073003	0.0613879	0.0733035
loop 50
	0.191651	0.181648	0.327632	0.27104	0.327201
	0.115853	0.110128	0.199781	0.16597	0.19823
	0.0430067	0.0399793	0.0726906	0.0606976	0.0730219
	0.0438175	0.0408963	0.0754883	0.0623115	0.0742306
loop 51
	0.14086	0.135573	0.244368	0.201704	0.241928
	0.115847	0.110122	0.199768	0.16596	0.19823
	0.0418278	0.0401707	0.0730136	0.0609792	0.0717498
	0.043847	0.0409271	0.0754975	0.0623327	0.0742397
loop 52
	0.096623	0.0917807	0.167374	0.139143	0.165578
	0.115859	0.110133	0.199768	0.16596	0.198216
	0.0418836	0.040223	0.0731461	0.0595579	0.0718551
	0.0429261	0.0413345	0.0746187	0.0614292	0.0733565
loop 53
	0.147842	0.138895	0.255822	0.211612	0.253574
	0.115882	0.110155	0.199781	0.165991	0.198256
	0.0419171	0.0402543	0.0731875	0.0595953	0.0719118
	0.0427213	0.0411346	0.0742848	0.0611468	0.0745916
loop 54
	0.179445	0.171312	0.300392	0.250838	0.30201
	0.115876	0.110155	0.199808	0.16598	0.198256
	0.0418464	0.0401881	0.0730633	0.0595017	0.0717903
	0.0428933	0.0399747	0.0729942	0.0613741	0.0732946
loop 55
	0.144236	0.138165	0.238455	0.199579	0.239985
	0.115876	0.11015	0.199795	0.165991	0.198256
	0.0417347	0.0400802	0.0728562	0.0608512	0.0715959
	0.0427745	0.0411846	0.074366	0.0612225	0.0731091
loop 56
	0.146572	0.140469	0.242908	0.204014	0.241967
	0.115859	0.110133	0.199781	0.16598	0.198256
	0.041824	0.0401673	0.0730384	0.060992	0.071766
	0.0426967	0.0411116	0.0742216	0.0611054	0.0729677
loop 57
	0.126374	0.120758	0.2124	0.178269	0.21199
	0.115859	0.110133	0.199768	0.16596	0.198216
	0.0420361	0.0403726	0.0717255	0.0597326	0.0720576
	0.0408809	0.0392832	0.07247	0.059318	0.0712161
loop 58
	0.0953473	0.090081	0.16096	0.133097	0.16089
	0.115847	0.110122	0.199781	0.16596	0.19823
	0.0418501	0.0401916	0.0730384	0.0594892	0.0717741
	0.0419047	0.0403096	0.071977	0.0603748	0.0722883
loop 59
	0.0757089	0.0724216	0.13305	0.108445	0.131505
	0.115882	0.110161	0.199822	0.165991	0.198269
	0.0417682	0.0401116	0.0729473	0.0609152	0.0716769
	0.0417658	0.0401756	0.0733035	0.0601798	0.0720548
loop 60
	0.0876953	0.0828345	0.153292	0.126969	0.151722
	0.115876	0.110155	0.199795	0.166001	0.198269
	0.0418017	0.0401394	0.0729887	0.0609536	0.0717174
	0.0418531	0.0402612	0.073436	0.0602941	0.0721846
loop 61
	0.105297	0.100194	0.182032	0.150139	0.180078
	0.115876	0.11015	0.199795	0.165991	0.198269
	0.0422333	0.0391973	0.0720657	0.0600135	0.07079
	0.0427377	0.0411423	0.0743299	0.0611812	0.0730737
loop 62
	0.131606	0.126039	0.222399	0.185855	0.22222
	0.115853	0.110128	0.199768	0.16596	0.198216
	0.0418092	0.0401499	0.0730053	0.0609664	0.0717336
	0.042922	0.0400045	0.0730295	0.0614154	0.0733388
loop 63
	0.124846	0.119287	0.210834	0.176753	0.210602
	0.115853	0.110128	0.199781	0.16596	0.19823
	0.0429567	0.0399271	0.0742547	0.0606528	0.0729722
	0.0430653	0.040131	0.0732858	0.061629	0.0735862
loop 64
	0.126089	0.118595	0.211885	0.175704	0.211717
	0.115859	0.110133	0.199768	0.16597	0.19823
	0.042025	0.0403622	0.0717093	0.0597139	0.0720414
	0.0417975	0.0402054	0.0733653	0.0602269	0.0721154
loop 65
	0.117204	0.111716	0.19747	0.164139	0.197347
	0.115882	0.110155	0.199808	0.166001	0.198269
	0.0418761	0.0402195	0.0730881	0.0595204	0.0718146
	0.0421111	0.0391896	0.0723056	0.0591802	0.0710553
loop 66
	0.114492	0.110729	0.192415	0.160582	0.192187
	0.115882	0.110155	0.199795	0.166001	0.198269
	0.041958	0.0402995	0.0732123	0.0596265	0.0719361
	0.0421071	0.0391896	0.0722797	0.0591671	0.0710384
loop 67
	0.143044	0.135409	0.24192	0.202397	0.24164
	0.115876	0.11015	0.199781	0.16598	0.198256
	0.0429298	0.0399062	0.074187	0.060608	0.0729142
	0.0420039	0.0390924	0.0721413	0.0590424	0.0708945
loop 68
	0.126671	0.119149	0.212856	0.176543	0.212689
	0.11587	0.110144	0.199808	0.16597	0.198256
	0.0419171	0.0402543	0.0731875	0.0596016	0.0719037
	0.0420158	0.0391032	0.07215	0.0590556	0.0709029
loop 69
	0.119256	0.11376	0.202197	0.168575	0.199826
	0.115853	0.110128	0.199781	0.16597	0.19823
	0.0418947	0.0402334	0.0731461	0.0595641	0.0718632
	0.0430121	0.0400901	0.0731621	0.0600588	0.0719164
loop 70
	0.106858	0.103312	0.181945	0.151258	0.18189
	0.115847	0.110122	0.199768	0.16596	0.19823
	0.0430067	0.0399688	0.0727651	0.0607488	0.0730881
	0.0418094	0.0402166	0.0733653	0.0602336	0.072124
loop 71
	0.126528	0.119356	0.218291	0.180804	0.216164
	0.115859	0.110133	0.199768	0.16596	0.198216
	0.0420547	0.04039	0.0717822	0.0597701	0.0721143
	0.0428114	0.0412154	0.0744833	0.0612983	0.0732151
loop 72
	0.0920116	0.0872167	0.160934	0.132772	0.15943
	0.115882	0.110155	0.199781	0.165991	0.198256
	0.0420882	0.0390661	0.0718389	0.05982	0.0705682
	0.0418452	0.0402538	0.0734183	0.0602739	0.0721673
loop 73
	0.128084	0.122765	0.222753	0.182666	0.220535
	0.115876	0.110155	0.199808	0.16598	0.198256
	0.0420399	0.0403726	0.0717498	0.0597389	0.0720819
	0.0428483	0.0399412	0.0744563	0.0613052	0.0732063
loop 74
	0.122721	0.117137	0.2066	0.172593	0.20644
	0.115876	0.11015	0.199795	0.165991	0.198256
	0.0420547	0.0390359	0.0717417	0.0597513	0.0720738
	0.0427663	0.0411808	0.0743209	0.0611881	0.0730737
loop 75
	0.11675	0.111197	0.197944	0.16421	0.197733
	0.115859	0.110133	0.199781	0.16598	0.198256
	0.0429644	0.0399375	0.0742631	0.0606656	0.0729805
	0.0431309	0.0402017	0.0733653	0.0602269	0.0721154
loop 76
	0.0953038	0.091736	0.159675	0.133647	0.15963
	0.115859	0.110133	0.199768	0.16596	0.198216
	0.041824	0.0401638	0.0730633	0.0610048	0.0717903
	0.0428524	0.0412577	0.0744833	0.061319	0.0732328
loop 77
	0.126206	0.120548	0.212954	0.176418	0.212755
	0.115847	0.110122	0.199781	0.16596	0.19823
	0.0417347	0.0400768	0.0729142	0.0608768	0.0716364
	0.0419404	0.0403468	0.0720202	0.0604084	0.0723229
loop 78
	0.115976	0.112339	0.196612	0.16522	0.1964
	0.115882	0.110161	0.199822	0.165991	0.198269
	0.0419506	0.0402856	0.0732372	0.0596452	0.0719604
	0.041734	0.0401459	0.0732593	0.0601395	0.0720116
loop 79
	0.104118	0.0987668	0.17678	0.146333	0.174604
	0.115876	0.110155	0.199795	0.166001	0.198269
	0.0419096	0.0402508	0.0731295	0.0595579	0.0718551
	0.0420873	0.0391716	0.072271	0.059154	0.0710214
loop 80
	0.0695489	0.0664339	0.122103	0.100589	0.120564
	0.115876	0.11015	0.199795	0.165991	0.198269
	0.0419022	0.0402438	0.0731047	0.0595454	0.0718389
	0.0419722	0.0403728	0.0720808	0.0604555	0.0708352
loop 81
	0.0541575	0.0511298	0.0946376	0.0776337	0.0932426
	0.115859	0.110133	0.199768	0.16596	0.198216
	0.0419729	0.04031	0.0732537	0.059664	0.0719766
	0.042754	0.0411577	0.074375	0.0612157	0.0731179
loop 82
	0.0925549	0.0874124	0.156985	0.129678	0.155025
	0.115853	0.110128	0.199781	0.16596	0.19823
	0.042118	0.0390897	0.0718551	0.0598387	0.070592
	0.0429629	0.0400491	0.0730826	0.0599915	0.0718386
loop 83
	0.109068	0.10375	0.185076	0.154728	0.18496
	0.115859	0.110133	0.199768	0.16597	0.19823
	0.0417199	0.0400593	0.0728645	0.0608384	0.0715878
	0.0429957	0.0400789	0.0731179	0.0600251	0.0718732
loop 84
	0.108077	0.104647	0.185446	0.153268	0.185359
	0.115882	0.110155	0.199795	0.166001	0.198269
	0.0420696	0.040404	0.0717903	0.0597763	0.0721224
	0.0417459	0.040157	0.0732681	0.0601462	0.0720202
loop 85
	0.10342	0.0999631	0.176527	0.146611	0.1765
	0.115882	0.110155	0.199795	0.166001	0.198269
	0.0409752	0.0393151	0.0722358	0.0586558	0.0709722
	0.0418174	0.040224	0.0733741	0.0602403	0.0721327
loop 86
	0.10624	0.100977	0.179661	0.149626	0.179577
	0.115876	0.11015	0.199781	0.16598	0.198256
	0.0421738	0.0391401	0.0719604	0.0599198	0.070687
	0.041865	0.0402687	0.0734713	0.0603143	0.0722191
loop 87
	0.107157	0.101858	0.180972	0.150787	0.178783
	0.11587	0.110144	0.199808	0.16597	0.198256
	0.0419022	0.0402473	0.0731047	0.0595454	0.0718389
	0.0429711	0.0400528	0.0731002	0.0614774	0.0734095
loop 88
	0.0924556	0.088975	0.157464	0.12989	0.155407
	0.115853	0.110128	0.199781	0.16597	0.19823
	0.042144	0.0391132	0.0719118	0.0598886	0.0706553
	0.0430244	0.0401012	0.0731974	0.0600789	0.0719424
loop 89
	0.104566	0.101008	0.179262	0.14871	0.177003
	0.115847	0.110122	0.199768	0.16596	0.19823
	0.0418166	0.0401603	0.0729556	0.0609408	0.0716931
	0.0420396	0.0391248	0.0722019	0.0590949	0.0709537
loop 90
	0.0969133	0.0918162	0.165025	0.137701	0.163051
	0.115859	0.110133	0.199768	0.16596	0.198216
	0.0430259	0.0399967	0.0727403	0.060736	0.0730633
	0.0420516	0.0391356	0.0722105	0.0591015	0.0709706
loop 91
	0.0908478	0.0876312	0.158184	0.131823	0.156403
	0.115882	0.110155	0.199781	0.165991	0.198256
	0.0421664	0.03913	0.0719442	0.0599074	0.0706791
	0.042795	0.0412	0.0744382	0.0612708	0.0731709
loop 92
	0.0945818	0.0897895	0.166513	0.136547	0.164754
	0.115876	0.110155	0.199808	0.16598	0.198256
	0.0417608	0.0401046	0.0728894	0.0608704	0.0716121
	0.0428483	0.0399375	0.0744653	0.0613121	0.0732151
loop 93
	0.0558632	0.0530006	0.0993477	0.0813286	0.0980817
	0.115876	0.11015	0.199795	0.165991	0.198256
	0.0420696	0.0390459	0.0717903	0.0597763	0.0721143
	0.0418015	0.0402054	0.0733918	0.060247	0.0721413
loop 94
	0.0585526	0.0542997	0.101857	0.0839104	0.10057
	0.115859	0.110133	0.199781	0.16598	0.198256
	0.0419096	0.0402473	0.0731378	0.0595641	0.0718632
	0.042967	0.0400491	0.0731002	0.060005	0.0718559
loop 95
	0.056672	0.052423	0.0983591	0.0804905	0.0970824
	0.115859	0.110133	0.199768	0.16596	0.198216
	0.0419915	0.0403309	0.0732454	0.059664	0.0719766
	0.0430244	0.0401012	0.0731974	0.0600789	0.0719424
loop 96
	0.0838782	0.0808703	0.147514	0.120777	0.145908
	0.115847	0.110122	0.199781	0.16596	0.19823
	0.0420845	0.0390594	0.0718065	0.0598013	0.0721386
	0.0429588	0.0400417	0.0730826	0.0614637	0.0733918
loop 97
	0.0792993	0.074796	0.138157	0.113829	0.136615
	0.115882	0.110161	0.199822	0.165991	0.198269
	0.0428721	0.0412128	0.0741023	0.0605312	0.0728231
	0.0419047	0.0403059	0.071977	0.0603681	0.0722797
loop 98
	0.074771	0.0715742	0.130218	0.108204	0.128583
	0.115876	0.110155	0.199795	0.166001	0.198269
	0.0417608	0.0401046	0.0728811	0.0608704	0.0716202
	0.0426516	0.0410693	0.0741584	0.0610503	0.0729147
loop 99
	0.0645554	0.061491	0.114037	0.0931579	0.112578
	0.115876	0.11015	0.199795	0.165991	0.198269
	0.0418836	0.0402264	0.0730715	0.0610304	0.0718065
	0.042795	0.0412077	0.0744021	0.0612432	0.0731444
loop 100
	0.0788296	0.074081	0.135038	0.111609	0.133362
	0.115853	0.110128	0.199768	0.16596	0.198216
	0.0419617	0.0402995	0.073204	0.0596265	0.0719361
	0.0428073	0.0412154	0.0744292	0.0612708	0.0731709
loop 101
	0.0842036	0.08101	0.144506	0.120713	0.144684
	0.115853	0.110128	0.199781	0.16596	0.19823
	0.0420399	0.0403761	0.0717336	0.0597389	0.0720657
	0.042836	0.0412423	0.0745284	0.0613397	0.0732593
loop 102
	0.093172	0.0882477	0.159303	0.132718	0.15746
	0.115859	0.110133	0.199768	0.16597	0.19823
	0.0417719	0.0401185	0.0729059	0.060896	0.0716445
	0.0420873	0.039168	0.0722883	0.0591605	0.0710384
loop 103
	0.0775619	0.0744333	0.135688	0.112137	0.134084
	0.115882	0.110155	0.199795	0.166001	0.198269
	0.0418464	0.0401847	0.0730219	0.060992	0.0717579
	0.0419484	0.0403542	0.0720548	0.0604353	0.0708183
loop 104
	0.0935814	0.0887756	0.162048	0.134038	0.160332
	0.115882	0.110155	0.199795	0.166001	0.198269
	0.0418538	0.0401951	0.0730798	0.061024	0.0718065
	0.0420436	0.0391284	0.0721932	0.0590949	0.0709537
loop 105
	0.101678	0.0969639	0.180621	0.146826	0.17885
	0.115876	0.11015	0.199781	0.16598	0.198256
	0.0417496	0.0400976	0.0728231	0.0608384	0.0715716
	0.0420198	0.0391068	0.0721586	0.0590556	0.0709114
loop 106
	0.0915574	0.0869208	0.161779	0.132571	0.160167
	0.11587	0.110144	0.199808	0.16597	0.198256
	0.0421217	0.0390964	0.0718713	0.0598574	0.0706078
	0.041865	0.0402724	0.0719078	0.0603143	0.0722105
loop 107
	0.0968335	0.0904959	0.167641	0.13819	0.165997
	0.115853	0.110128	0.199781	0.16597	0.19823
	0.0429951	0.0399688	0.0742631	0.060672	0.0729887
	0.0419007	0.0403059	0.0719856	0.0603748	0.0722883
loop 108
	0.0954296	0.0906532	0.165201	0.137339	0.163366
	0.115847	0.110122	0.199768	0.16596	0.19823
	0.0418501	0.0401916	0.0730384	0.0609984	0.0717741
	0.0430326	0.0401124	0.0731798	0.0600789	0.0719337
loop 109
	0.0729935	0.0696652	0.12371	0.103393	0.123676
	0.115859	0.110133	0.199768	0.16596	0.198216
	0.0419282	0.0402682	0.0731626	0.0595891	0.0718956
	0.0428237	0.0399114	0.0744111	0.0612639	0.0731621
loop 110
	0.0981978	0.0931216	0.167252	0.138205	0.165075
	0.115882	0.110155	0.199781	0.165991	0.198256
	0.0420101	0.0403483	0.0732868	0.0596889	0.072009
	0.0417539	0.0401645	0.0732681	0.0601462	0.0720202
loop 111
	0.143472	0.137808	0.241938	0.20243	0.241402
	0.115876	0.110155	0.199808	0.16598	0.198256
	0.0427184	0.0410652	0.0738653	0.0618505	0.0725912
	0.0418094	0.0402166	0.0733741	0.0602336	0.072124
loop 112
	0.134965	0.127449	0.225251	0.188822	0.2248
	0.115876	0.11015	0.199795	0.165991	0.198256
	0.042144	0.0391166	0.0719199	0.0598886	0.0706474
	0.0428564	0.0412615	0.0745465	0.0613534	0.0732769
loop 113
	0.100367	0.095061	0.168282	0.140238	0.168207
	0.115859	0.110133	0.199781	0.16598	0.198256
	0.041004	0.0393386	0.0722601	0.0586802	0.0709959
	0.0418769	0.0402835	0.0735067	0.0603412	0.0722537
loop 114
	0.08801	0.0848221	0.154796	0.128034	0.153273
	0.115859	0.110133	0.199768	0.16596	0.198216
	0.0429644	0.039941	0.0742208	0.0606336	0.0729473
	0.0419365	0.0390276	0.0720202	0.0604084	0.0707844
loop 115
	0.118516	0.113407	0.205912	0.171503	0.206115
	0.115847	0.110122	0.199781	0.16596	0.19823
	0.0421924	0.0391637	0.072009	0.0599635	0.0707345
	0.0409386	0.0393408	0.0710045	0.0593967	0.0713092
loop 116
	0.122438	0.116777	0.205142	0.172976	0.20486
	0.115882	0.110161	0.199822	0.165991	0.198269
	0.0419803	0.0403169	0.0732454	0.0596577	0.0719766
	0.0420476	0.039132	0.0722105	0.0605698	0.0709706
loop 117
	0.119682	0.113968	0.200644	0.16618	0.198065
	0.115876	0.110155	0.199795	0.166001	0.198269
	0.0417012	0.0400489	0.0728066	0.0607936	0.0715392
	0.0428073	0.0412115	0.0744292	0.0612708	0.0731709
loop 118
	0.119292	0.11367	0.201421	0.167334	0.198944
	0.115876	0.11015	0.199795	0.165991	0.198269
	0.0417533	0.0400942	0.0729639	0.0609088	0.071685
	0.0426353	0.0410462	0.0741674	0.0625232	0.0744743
loop 119
	0.129517	0.122361	0.223196	0.183515	0.221
	0.115853	0.110128	0.199768	0.16596	0.198216
	0.0420957	0.0404318	0.0718227	0.0598137	0.0721548
	0.0418491	0.0402538	0.0734713	0.0603076	0.0722105
loop 120
	0.116688	0.109748	0.202014	0.167689	0.200128
	0.115853	0.110128	0.199781	0.16596	0.19823
	0.0417124	0.0400593	0.0728231	0.0608128	0.0731461
	0.0417856	0.0401905	0.0733741	0.0602201	0.0721154
loop 121
	0.122516	0.116864	0.204923	0.172876	0.204735
	0.115859	0.110133	0.199768	0.16597	0.19823
	0.0421329	0.0391065	0.0718956	0.0598762	0.0706316
	0.0427295	0.0411385	0.0743028	0.0611674	0.0730472
loop 122
	0.105932	0.100613	0.178428	0.150065	0.178347
	0.115882	0.110155	0.199795	0.166001	0.198269
	0.0421292	0.0390998	0.0719037	0.0598699	0.0706316
	0.0427663	0.0411731	0.0744202	0.0612501	0.074718
loop 123
	0.0686909	0.0656543	0.119749	0.0988569	0.118283
	0.115882	0.110155	0.199795	0.166001	0.198269
	0.0419506	0.0402926	0.073204	0.0596203	0.071928
	0.0439527	0.0410232	0.0756818	0.0624809	0.0744202
loop 124
	0.0932304	0.0882802	0.159449	0.132851	0.159668
	0.115876	0.11015	0.199781	0.16598	0.198256
	0.0421552	0.0391233	0.071928	0.0599011	0.0706632
	0.0428237	0.0412307	0.0744743	0.0613052	0.0747811
loop 125
	0.098494	0.094958	0.166258	0.1383	0.166134
	0.11587	0.110144	0.199808	0.16597	0.198256
	0.0430259	0.0399932	0.0743732	0.0607488	0.0730881
	0.0428769	0.0412807	0.0745646	0.061381	0.0733035
loop 126
	0.112637	0.10719	0.188139	0.157258	0.187995
	0.118604	0.112921	0.205165	0.17152	0.200133
	0.0418017	0.0401464	0.0729556	0.060928	0.071685
	0.0429629	0.0413653	0.0746999	0.0614912	0.073436
loop 127
	0.0938543	0.0886109	0.156916	0.131348	0.156916
	0.115859	0.110133	0.199768	0.16596	0.198216
	0.0421217	0.039093	0.0718956	0.0598637	0.0706236
	0.0430244	0.0401012	0.0732063	0.0600924	0.0719597

work load: gcc.mips bzip2.mips twolf.mips equake.mips
