loop 0
0.0573931 0.0556958 0.0999512 0.0826398 0.0987559 0.11474 0.109923 0.0461131 0.101708 0.0509522 0.07152 0.0960694 0.0551382 0.0512098 0.0922429 0.0631167
0.0487637 0.0467533 0.0837216 0.0696059 0.0821012 0.0943977 0.0916531 0.0385598 0.0835434 0.0436782 0.0599627 0.0794518 0.0465375 0.0437566 0.0756615 0.0529604
0.0573931 0.0556958 0.0999512 0.0826398 0.0987559 0.11474 0.109923 0.0461131 0.101708 0.0509522 0.07152 0.0960694 0.0551382 0.0512098 0.0922429 0.0631167
0.035496 0.034084 0.0624267 0.0520312 0.0613877 0.0705606 0.0684657 0.0280675 0.0622971 0.0317534 0.0448447 0.0593712 0.0338183 0.030758 0.0564833 0.0397868
0.0450819 0.0423055 0.0781132 0.0640254 0.0769155 0.0883416 0.0861016 0.0347903 0.0779572 0.0399004 0.0550272 0.074762 0.0433144 0.0387783 0.0702145 0.0496454
0.0579407 0.055158 0.101702 0.0842074 0.100525 0.115527 0.113263 0.0450516 0.10318 0.0514406 0.0720783 0.0967022 0.0561856 0.0502752 0.0920247 0.063888
0.0450819 0.0423055 0.0781132 0.0640254 0.0769155 0.0883416 0.0861016 0.0347903 0.0779572 0.0399004 0.0550272 0.074762 0.0433144 0.0387783 0.0702145 0.0496454
0.0306375 0.029035 0.0520056 0.0435386 0.0508919 0.0592524 0.057024 0.0235357 0.0518906 0.0264688 0.0370847 0.0501396 0.0288069 0.0265943 0.0470387 0.0328344
0.035496 0.034084 0.0624267 0.0520312 0.0613877 0.0705606 0.0684657 0.0280675 0.0622971 0.0317534 0.0448447 0.0593712 0.0338183 0.030758 0.0564833 0.0397868
0.035496 0.034084 0.0624267 0.0520312 0.0613877 0.0705606 0.0684657 0.0280675 0.0622971 0.0317534 0.0448447 0.0593712 0.0338183 0.030758 0.0564833 0.0397868
0.115847 0.110122 0.199781 0.16598 0.198243 0.223725 0.219323 0.0917873 0.199337 0.102288 0.144901 0.190531 0.112174 0.102827 0.181119 0.128149
0.0360226 0.0342734 0.0622727 0.0514855 0.0609982 0.0701659 0.0677305 0.0282927 0.0621416 0.0314934 0.0444443 0.0602031 0.0353764 0.0316201 0.056808 0.0397873
0.0360226 0.0342734 0.0622727 0.0514855 0.0609982 0.0701659 0.0677305 0.0282927 0.0621416 0.0314934 0.0444443 0.0602031 0.0353764 0.0316201 0.056808 0.0397873
0.043864 0.0409386 0.0755436 0.0623609 0.0742848 0.0845379 0.0822228 0.0342863 0.0753869 0.0383989 0.0529537 0.0720462 0.0420039 0.0385277 0.0688581 0.047291
0.0360226 0.0342734 0.0622727 0.0514855 0.0609982 0.0701659 0.0677305 0.0282927 0.0621416 0.0314934 0.0444443 0.0602031 0.0353764 0.0316201 0.056808 0.0397873
0.0579407 0.055158 0.101702 0.0842074 0.100525 0.115527 0.113263 0.0450516 0.10318 0.0514406 0.0720783 0.0967022 0.0561856 0.0502752 0.0920247 0.063888
loop 1
0.0573792 0.0556827 0.0999304 0.082624 0.0987355 0.114715 0.111913 0.0460968 0.101687 0.0509368 0.0715008 0.0960498 0.0551252 0.0511944 0.0922153 0.0631007
0.0457336 0.0437503 0.0788044 0.0648056 0.0772425 0.089491 0.0867391 0.0370522 0.0786343 0.0406518 0.0568798 0.0764094 0.0450636 0.0407502 0.0725909 0.0499374
0.0573792 0.0556827 0.0999304 0.082624 0.0987355 0.114715 0.111913 0.0460968 0.101687 0.0509368 0.0715008 0.0960498 0.0551252 0.0511944 0.0922153 0.0631007
0.035514 0.0341009 0.0624591 0.0520499 0.0614115 0.070599 0.0685025 0.028085 0.0623295 0.0317716 0.0448649 0.0593939 0.0338351 0.0307755 0.0565115 0.0398037
0.0433368 0.0405586 0.0748992 0.062308 0.0752227 0.0866719 0.0828543 0.0342577 0.07627 0.038144 0.0532958 0.0715715 0.0415655 0.0382816 0.0685087 0.047895
0.0594099 0.0565325 0.103075 0.0850358 0.101846 0.119128 0.114989 0.0460392 0.104595 0.0526682 0.0740772 0.0996012 0.0575857 0.0514675 0.094746 0.0655778
0.0433368 0.0405586 0.0748992 0.062308 0.0752227 0.0866719 0.0828543 0.0342577 0.07627 0.038144 0.0532958 0.0715715 0.0415655 0.0382816 0.0685087 0.047895
0.0296091 0.0280101 0.0522958 0.042455 0.0511797 0.058112 0.0573361 0.0236853 0.0521808 0.0266348 0.0373034 0.0490338 0.0289866 0.0267624 0.0473101 0.033031
0.035514 0.0341009 0.0624591 0.0520499 0.0614115 0.070599 0.0685025 0.028085 0.0623295 0.0317716 0.0448649 0.0593939 0.0338351 0.0307755 0.0565115 0.0398037
0.035514 0.0341009 0.0624591 0.0520499 0.0614115 0.070599 0.0685025 0.028085 0.0623295 0.0317716 0.0448649 0.0593939 0.0338351 0.0307755 0.0565115 0.0398037
0.115847 0.110122 0.199768 0.16597 0.198203 0.223693 0.219308 0.0917832 0.199324 0.102288 0.144909 0.190481 0.112179 0.102827 0.181072 0.128149
0.0360198 0.0342682 0.0622789 0.0514807 0.0609982 0.0701659 0.0677305 0.028285 0.0621416 0.0328121 0.0444443 0.0602031 0.0353737 0.0316132 0.056808 0.039784
0.0360198 0.0342682 0.0622789 0.0514807 0.0609982 0.0701659 0.0677305 0.028285 0.0621416 0.0328121 0.0444443 0.0602031 0.0353737 0.0316132 0.056808 0.039784
0.0428769 0.0399598 0.0729677 0.0613603 0.0732769 0.0835353 0.0812102 0.0333147 0.0743841 0.0374245 0.0519618 0.0710384 0.0410193 0.0375523 0.0678434 0.0463001
0.0360198 0.0342682 0.0622789 0.0514807 0.0609982 0.0701659 0.0677305 0.028285 0.0621416 0.0328121 0.0444443 0.0602031 0.0353737 0.0316132 0.056808 0.039784
0.0594099 0.0565325 0.103075 0.0850358 0.101846 0.119128 0.114989 0.0460392 0.104595 0.0526682 0.0740772 0.0996012 0.0575857 0.0514675 0.094746 0.0655778
loop 2
0.0573931 0.0556958 0.0999512 0.0826398 0.0987559 0.11474 0.109923 0.0461131 0.101708 0.0509522 0.07152 0.0960694 0.0551382 0.0512059 0.0922337 0.0631167
0.0497683 0.0477612 0.0845739 0.0705088 0.0848057 0.09714 0.0924717 0.0395757 0.0843917 0.0446965 0.060912 0.0821487 0.0475416 0.0447712 0.0783532 0.0555918
0.0573931 0.0556958 0.0999512 0.0826398 0.0987559 0.11474 0.109923 0.0461131 0.101708 0.0509522 0.07152 0.0960694 0.0551382 0.0512059 0.0922337 0.0631167
0.0354924 0.0340807 0.0624267 0.052025 0.0613798 0.0705606 0.0684657 0.0280675 0.0622971 0.0317504 0.0448397 0.0593712 0.034991 0.0319077 0.0564833 0.0397826
0.0423403 0.0408412 0.0753697 0.0612685 0.0741717 0.0856138 0.0818055 0.033278 0.0752227 0.0384119 0.0536426 0.072023 0.0418529 0.0372996 0.067475 0.0468964
0.0564288 0.0536456 0.100426 0.0812606 0.0975794 0.114361 0.11033 0.043499 0.100238 0.0499008 0.070635 0.095403 0.0546587 0.0501139 0.0906931 0.0624074
0.0423403 0.0408412 0.0753697 0.0612685 0.0741717 0.0856138 0.0818055 0.033278 0.0752227 0.0384119 0.0536426 0.072023 0.0418529 0.0372996 0.067475 0.0468964
0.0306125 0.0290074 0.0519563 0.0435006 0.0522465 0.0591999 0.0584256 0.0235138 0.0532575 0.0264445 0.0370477 0.050093 0.0287816 0.02657 0.0483728 0.0328063
0.0354924 0.0340807 0.0624267 0.052025 0.0613798 0.0705606 0.0684657 0.0280675 0.0622971 0.0317504 0.0448397 0.0593712 0.034991 0.0319077 0.0564833 0.0397826
0.0354924 0.0340807 0.0624267 0.052025 0.0613798 0.0705606 0.0684657 0.0280675 0.0622971 0.0317504 0.0448397 0.0593712 0.034991 0.0319077 0.0564833 0.0397826
0.115841 0.110111 0.199781 0.16597 0.198203 0.223709 0.219323 0.0917791 0.199337 0.102278 0.144893 0.190493 0.112168 0.102817 0.181084 0.128142
0.036017 0.0342708 0.0622665 0.0514807 0.0609921 0.0701585 0.0677235 0.0282908 0.0621354 0.0314888 0.0444405 0.0602031 0.035371 0.0316178 0.0568025 0.039784
0.036017 0.0342708 0.0622665 0.0514807 0.0609921 0.0701585 0.0677235 0.0282908 0.0621354 0.0314888 0.0444405 0.0602031 0.035371 0.0316178 0.0568025 0.039784
0.0428646 0.0412692 0.0745194 0.0613465 0.0732593 0.0851436 0.0812 0.0333035 0.074366 0.037411 0.0533644 0.0710299 0.0410078 0.0375389 0.0678354 0.0476624
0.036017 0.0342708 0.0622665 0.0514807 0.0609921 0.0701585 0.0677235 0.0282908 0.0621354 0.0314888 0.0444405 0.0602031 0.035371 0.0316178 0.0568025 0.039784
0.0564288 0.0536456 0.100426 0.0812606 0.0975794 0.114361 0.11033 0.043499 0.100238 0.0499008 0.070635 0.095403 0.0546587 0.0501139 0.0906931 0.0624074
loop 3
0.0573931 0.0556958 0.0999512 0.0826398 0.0987559 0.11474 0.109911 0.0461131 0.101708 0.0509522 0.07152 0.0960694 0.0551382 0.0512059 0.0922337 0.0631113
0.0498413 0.0478476 0.084607 0.0705792 0.0830088 0.0952461 0.0925093 0.0396758 0.0844331 0.0447777 0.0609846 0.0803672 0.0476136 0.0432956 0.0765922 0.0540188
0.0573931 0.0556958 0.0999512 0.0826398 0.0987559 0.11474 0.109911 0.0461131 0.101708 0.0509522 0.07152 0.0960694 0.0551382 0.0512059 0.0922337 0.0631113
0.035478 0.0340672 0.0624024 0.0520063 0.0613561 0.0705318 0.068438 0.028055 0.0622728 0.0317383 0.0448246 0.0593485 0.0349771 0.0318926 0.0564621 0.0397657
0.0444274 0.0416374 0.07611 0.0634698 0.074909 0.0863273 0.0840815 0.0340883 0.07596 0.0392165 0.0544278 0.0727598 0.042654 0.0380993 0.0696984 0.0476824
0.0569036 0.0541476 0.102194 0.083079 0.09936 0.116075 0.112064 0.0454031 0.102 0.0504285 0.0709816 0.0971756 0.0551455 0.050642 0.0924795 0.0628303
0.0444274 0.0416374 0.07611 0.0634698 0.074909 0.0863273 0.0840815 0.0340883 0.07596 0.0392165 0.0544278 0.0727598 0.042654 0.0380993 0.0696984 0.0476824
0.0315085 0.0298973 0.0528975 0.0444268 0.0531844 0.0601395 0.0593705 0.0243891 0.054202 0.0273281 0.0379638 0.0510305 0.0296716 0.0274509 0.0493111 0.0337002
0.035478 0.0340672 0.0624024 0.0520063 0.0613561 0.0705318 0.068438 0.028055 0.0622728 0.0317383 0.0448246 0.0593485 0.0349771 0.0318926 0.0564621 0.0397657
0.035478 0.0340672 0.0624024 0.0520063 0.0613561 0.0705318 0.068438 0.028055 0.0622728 0.0317383 0.0448246 0.0593485 0.0349771 0.0318926 0.0564621 0.0397657
0.115882 0.110155 0.199822 0.165991 0.198269 0.223756 0.219354 0.0918077 0.199378 0.102322 0.144934 0.190543 0.112208 0.102856 0.18113 0.128184
0.0360001 0.0342552 0.0622477 0.0514616 0.0609738 0.0701363 0.0677023 0.0282753 0.0621167 0.0328001 0.0444251 0.0601793 0.0353548 0.0316017 0.0567861 0.0397645
0.0360001 0.0342552 0.0622477 0.0514616 0.0609738 0.0701363 0.0677023 0.0282753 0.0621167 0.0328001 0.0444251 0.0601793 0.0353548 0.0316017 0.0567861 0.0397645
0.0427704 0.0411808 0.074375 0.0612225 0.0731179 0.0849813 0.0826494 0.0332305 0.0742216 0.0386287 0.0532519 0.070886 0.0409194 0.0374581 0.0677008 0.0475624
0.0360001 0.0342552 0.0622477 0.0514616 0.0609738 0.0701363 0.0677023 0.0282753 0.0621167 0.0328001 0.0444251 0.0601793 0.0353548 0.0316017 0.0567861 0.0397645
0.0569036 0.0541476 0.102194 0.083079 0.09936 0.116075 0.112064 0.0454031 0.102 0.0504285 0.0709816 0.0971756 0.0551455 0.050642 0.0924795 0.0628303
loop 4
0.0573792 0.0556871 0.0999304 0.082624 0.0987355 0.114715 0.111925 0.0461001 0.101687 0.0509407 0.0715072 0.0960498 0.0551295 0.0511982 0.0922245 0.0631007
0.0597459 0.0577176 0.10069 0.0843917 0.100817 0.115419 0.110618 0.0479124 0.102449 0.0530745 0.0728478 0.0981438 0.0575367 0.0530745 0.0924246 0.0656616
0.0573792 0.0556871 0.0999304 0.082624 0.0987355 0.114715 0.111925 0.0461001 0.101687 0.0509407 0.0715072 0.0960498 0.0551295 0.0511982 0.0922245 0.0631007
0.0355284 0.0341143 0.0624753 0.0520749 0.0614353 0.0706182 0.068521 0.028095 0.0623538 0.0317837 0.0448851 0.0594166 0.0338486 0.0307871 0.0565327 0.0398206
0.0447677 0.0432784 0.0792492 0.0650997 0.0780404 0.0895014 0.0872531 0.0357358 0.0791007 0.0396027 0.0560769 0.07588 0.0430091 0.0397337 0.0713226 0.0493169
0.0559936 0.0532365 0.099648 0.0821914 0.0984898 0.113486 0.109494 0.044486 0.0994608 0.0495171 0.0700783 0.094663 0.0542328 0.0497356 0.0899781 0.0619193
0.0447677 0.0432784 0.0792492 0.0650997 0.0780404 0.0895014 0.0872531 0.0357358 0.0791007 0.0396027 0.0560769 0.07588 0.0430091 0.0397337 0.0713226 0.0493169
0.0306825 0.0290742 0.0520822 0.0436062 0.0523725 0.0593377 0.0571052 0.0235676 0.0519727 0.0265052 0.0371386 0.0502122 0.0288484 0.0266308 0.0471101 0.0328765
0.0355284 0.0341143 0.0624753 0.0520749 0.0614353 0.0706182 0.068521 0.028095 0.0623538 0.0317837 0.0448851 0.0594166 0.0338486 0.0307871 0.0565327 0.0398206
0.0355284 0.0341143 0.0624753 0.0520749 0.0614353 0.0706182 0.068521 0.028095 0.0623538 0.0317837 0.0448851 0.0594166 0.0338486 0.0307871 0.0565327 0.0398206
0.115876 0.11015 0.199795 0.166001 0.198269 0.223725 0.219323 0.0918036 0.199351 0.102317 0.144934 0.190543 0.112208 0.102851 0.18113 0.128184
0.0359917 0.0342448 0.062254 0.0514616 0.0609738 0.0701437 0.0677023 0.0282656 0.0621167 0.0327905 0.0444213 0.0601853 0.0353467 0.0315901 0.0567861 0.039758
0.0359917 0.0342448 0.062254 0.0514616 0.0609738 0.0701437 0.0677023 0.0282656 0.0621167 0.0327905 0.0444213 0.0601853 0.0353467 0.0315901 0.0567861 0.039758
0.0427827 0.0411961 0.074375 0.0612294 0.0731179 0.0849921 0.0826598 0.0332445 0.0742216 0.0386426 0.0532631 0.0708945 0.0409309 0.0374716 0.0677008 0.0475719
0.0359917 0.0342448 0.062254 0.0514616 0.0609738 0.0701437 0.0677023 0.0282656 0.0621167 0.0327905 0.0444213 0.0601853 0.0353467 0.0315901 0.0567861 0.039758
0.0559936 0.0532365 0.099648 0.0821914 0.0984898 0.113486 0.109494 0.044486 0.0994608 0.0495171 0.0700783 0.094663 0.0542328 0.0497356 0.0899781 0.0619193
loop 5
0.0573931 0.0556958 0.0999408 0.0826319 0.0987559 0.114727 0.109911 0.0461098 0.101698 0.0509484 0.0715136 0.0960596 0.0551382 0.0512059 0.0922337 0.0631113
0.0698944 0.0661795 0.116525 0.0981513 0.116592 0.13339 0.128521 0.054905 0.116287 0.0615979 0.084767 0.111918 0.0660016 0.0615926 0.106201 0.075783
0.0573931 0.0556958 0.0999408 0.0826319 0.0987559 0.114727 0.109911 0.0461098 0.101698 0.0509484 0.0715136 0.0960596 0.0551382 0.0512059 0.0922337 0.0631113
0.0355068 0.0340941 0.0624429 0.0520437 0.0614036 0.0705894 0.0684933 0.0280775 0.0623214 0.0317625 0.0448548 0.0593864 0.0338284 0.0307696 0.0565044 0.0397953
0.0441916 0.0414134 0.0772522 0.0631446 0.07605 0.0874951 0.0852522 0.0351217 0.0770992 0.0390051 0.0541469 0.0739028 0.0424231 0.0391473 0.0693538 0.048755
0.0583535 0.0555043 0.103117 0.0852475 0.101909 0.117229 0.113159 0.0465313 0.102912 0.0517044 0.0728408 0.0979996 0.0565559 0.0519125 0.0932137 0.0644273
0.0441916 0.0414134 0.0772522 0.0631446 0.07605 0.0874951 0.0852522 0.0351217 0.0770992 0.0390051 0.0541469 0.0739028 0.0424231 0.0391473 0.0693538 0.048755
0.030655 0.0290488 0.0520275 0.043564 0.0523177 0.0592786 0.057049 0.0235491 0.0533306 0.0264829 0.0371049 0.0501604 0.0288207 0.0266085 0.0470625 0.0328513
0.0355068 0.0340941 0.0624429 0.0520437 0.0614036 0.0705894 0.0684933 0.0280775 0.0623214 0.0317625 0.0448548 0.0593864 0.0338284 0.0307696 0.0565044 0.0397953
0.0355068 0.0340941 0.0624429 0.0520437 0.0614036 0.0705894 0.0684933 0.0280775 0.0623214 0.0317625 0.0448548 0.0593637 0.0338284 0.0307696 0.0565044 0.0397953
0.115876 0.11015 0.199795 0.16598 0.198256 0.223725 0.219339 0.0918036 0.199351 0.102317 0.144926 0.190543 0.112202 0.102851 0.18113 0.128177
0.0366949 0.0349546 0.0643765 0.0535808 0.0630976 0.0722593 0.0698256 0.0290122 0.0642388 0.0335175 0.0450759 0.0607427 0.0360591 0.0323175 0.0573694 0.040442
0.0366949 0.0349546 0.0643765 0.0535808 0.0630976 0.0722593 0.0698256 0.0290122 0.0642388 0.0335175 0.0450759 0.0607427 0.0360591 0.0323175 0.0573694 0.040442
0.0425861 0.0410039 0.0740501 0.0624315 0.074366 0.0846244 0.082306 0.0343476 0.0754698 0.0384616 0.0530212 0.072124 0.0420674 0.0385938 0.0674077 0.0473577
0.0366949 0.0349546 0.0643765 0.0535808 0.0630976 0.0722593 0.0698256 0.0290122 0.0642388 0.0335175 0.0450759 0.0607427 0.0360591 0.0323175 0.0573694 0.040442
0.0583535 0.0555043 0.103117 0.0852475 0.101909 0.117229 0.113159 0.0465313 0.102912 0.0517044 0.0728408 0.0979996 0.0565559 0.0519125 0.0932137 0.0644273
loop 6
0.0574948 0.0556915 0.0999408 0.0826319 0.0987457 0.114727 0.111937 0.0461066 0.101698 0.0509484 0.0715136 0.0960596 0.0552384 0.0512021 0.0922337 0.0631113
0.0796486 0.0758591 0.133156 0.112294 0.133234 0.15263 0.147616 0.0644142 0.135025 0.0712256 0.09664 0.128419 0.0774809 0.0712 0.122559 0.087476
0.0574948 0.0556915 0.0999408 0.0826319 0.0987457 0.114727 0.111937 0.0461066 0.101698 0.0509484 0.0715136 0.0960596 0.0552384 0.0512021 0.0922337 0.0631113
0.0354672 0.0340538 0.0623862 0.0519875 0.0613402 0.0705126 0.0684196 0.0280425 0.0636478 0.0317262 0.0448094 0.0593258 0.0349632 0.0318805 0.0564409 0.039753
0.0441037 0.042606 0.0771604 0.0630516 0.07595 0.0873862 0.0851472 0.0350372 0.0770073 0.0389205 0.0554368 0.0738067 0.042336 0.039055 0.0707379 0.0486644
0.0576064 0.0547662 0.10077 0.0829479 0.0995705 0.114869 0.110806 0.0444138 0.100571 0.0509506 0.0705845 0.0956829 0.0543749 0.0497768 0.0909043 0.0622217
0.0441037 0.042606 0.0771604 0.0630516 0.07595 0.0873862 0.0851472 0.0350372 0.0770073 0.0389205 0.0554368 0.0738067 0.042336 0.039055 0.0707379 0.0486644
0.0305775 0.0289751 0.0533081 0.0434499 0.0521918 0.0591343 0.0583552 0.0234853 0.0531956 0.0276011 0.0382945 0.050036 0.0299597 0.0265397 0.0483189 0.0340151
0.0354672 0.0340538 0.0623862 0.0519875 0.0613402 0.0705126 0.0684196 0.0280425 0.0636478 0.0317262 0.0448094 0.0593258 0.0349632 0.0318805 0.0564409 0.039753
0.0354672 0.0340538 0.0623862 0.0519875 0.0613402 0.0705126 0.0684196 0.0280425 0.0636478 0.0317262 0.0448094 0.0593258 0.0349632 0.0318805 0.0564409 0.039753
0.115853 0.110128 0.199768 0.16596 0.198216 0.223693 0.219308 0.0917832 0.199324 0.102297 0.144901 0.190506 0.112185 0.102831 0.181095 0.128156
0.0359496 0.0342031 0.0621728 0.051395 0.0608948 0.0700549 0.0692372 0.0282249 0.0620355 0.0327496 0.0443636 0.0601023 0.0353061 0.0315464 0.0567095 0.039706
0.0359496 0.0342031 0.0621728 0.051395 0.0608948 0.0700549 0.0692372 0.0282249 0.0620355 0.0327496 0.0443636 0.0601023 0.0353061 0.0315464 0.0567095 0.039706
0.0440203 0.0410885 0.0758016 0.0625797 0.0745375 0.0864691 0.0825037 0.0344088 0.0756449 0.0385416 0.0531394 0.072297 0.0421547 0.0386704 0.069093 0.0474576
0.0359496 0.0342031 0.0621728 0.051395 0.0608948 0.0700549 0.0692372 0.0282249 0.0620355 0.0327496 0.0443636 0.0601023 0.0353061 0.0315464 0.0567095 0.039706
0.0576064 0.0547662 0.10077 0.0829479 0.0995705 0.114869 0.110806 0.0444138 0.100571 0.0509506 0.0705845 0.0956829 0.0543749 0.0497768 0.0909043 0.0622217
loop 7
0.0573885 0.0556958 0.0999408 0.0826319 0.0987457 0.114727 0.111937 0.0461098 0.101698 0.0509484 0.0715136 0.0960596 0.0551382 0.0512059 0.0922337 0.0631113
0.0801427 0.0763032 0.131969 0.110988 0.131891 0.151278 0.146305 0.0630726 0.133819 0.0717183 0.0973175 0.129217 0.0761876 0.0715739 0.121306 0.0879889
0.0573885 0.0556958 0.0999408 0.0826319 0.0987457 0.114727 0.111937 0.0461098 0.101698 0.0509484 0.0715136 0.0960596 0.0551382 0.0512059 0.0922337 0.0631113
0.0355068 0.0340908 0.0624429 0.0520375 0.0613957 0.0705798 0.0684841 0.0280775 0.0623133 0.0317625 0.0448548 0.0593788 0.033825 0.0307667 0.0564974 0.0397953
0.0460453 0.0432605 0.0791325 0.0650187 0.077926 0.0909664 0.0871321 0.035729 0.078984 0.0395868 0.0560047 0.07578 0.0442748 0.0397257 0.0727128 0.049273
0.0580954 0.055314 0.101911 0.082843 0.10073 0.115757 0.11176 0.0451996 0.101702 0.0515869 0.0722534 0.096911 0.0549333 0.050434 0.0922196 0.0640429
0.0460453 0.0432605 0.0791325 0.0650187 0.077926 0.0909664 0.0871321 0.035729 0.078984 0.0395868 0.0560047 0.07578 0.0442748 0.0397257 0.0727128 0.049273
0.0303625 0.0287654 0.0530325 0.0445401 0.051907 0.0602941 0.0580608 0.0244561 0.05292 0.0274001 0.0380613 0.0511531 0.0297484 0.027527 0.0480494 0.0337848
0.0355068 0.0340908 0.0624429 0.0520375 0.0613957 0.0705798 0.0684841 0.0280775 0.0623133 0.0317625 0.0448548 0.0593788 0.033825 0.0307667 0.0564974 0.0397953
0.0355068 0.0340908 0.0624429 0.0520375 0.0613957 0.0705798 0.0684841 0.0280775 0.0623133 0.0317625 0.0448548 0.0593788 0.033825 0.0307667 0.0564974 0.0397953
0.115835 0.110106 0.199781 0.16596 0.19823 0.223709 0.219323 0.091775 0.199337 0.102278 0.144893 0.190518 0.112168 0.102817 0.181107 0.128142
0.0359524 0.0342058 0.0621853 0.0514045 0.0609069 0.0700697 0.0692516 0.0282269 0.062048 0.032752 0.0443713 0.0601141 0.0353061 0.031551 0.0567204 0.0397125
0.0359524 0.0342058 0.0621853 0.0514045 0.0609069 0.0700697 0.0692516 0.0282269 0.062048 0.032752 0.0443713 0.0601141 0.0353061 0.031551 0.0567204 0.0397125
0.0439147 0.0409924 0.0756081 0.0624244 0.0743479 0.0862596 0.0839172 0.034333 0.0754606 0.0384476 0.054433 0.0721154 0.0420516 0.0385799 0.0689229 0.0473434
0.0359524 0.0342058 0.0621853 0.0514045 0.0609069 0.0700697 0.0692516 0.0282269 0.062048 0.032752 0.0443713 0.0601141 0.0353061 0.031551 0.0567204 0.0397125
0.0580954 0.055314 0.101911 0.082843 0.10073 0.115757 0.11176 0.0451996 0.101702 0.0515869 0.0722534 0.096911 0.0549333 0.050434 0.0922196 0.0640429
loop 8
0.0573931 0.0557002 0.0999512 0.0826398 0.0987559 0.11474 0.109923 0.0461131 0.101708 0.0509522 0.07152 0.0960694 0.0551426 0.0512098 0.0922429 0.0631167
0.0455587 0.0435935 0.0783088 0.06444 0.0767945 0.0889343 0.0861974 0.0369538 0.0781387 0.0405058 0.0565931 0.0759649 0.0448882 0.0406238 0.0721644 0.0497298
0.0573931 0.0557002 0.0999512 0.0826398 0.0987559 0.11474 0.109923 0.0461131 0.101708 0.0509522 0.07152 0.0960694 0.0551426 0.0512098 0.0922429 0.0631167
0.035514 0.0341009 0.0624591 0.0520499 0.0614115 0.070599 0.0685025 0.0280825 0.0623295 0.0317716 0.0448649 0.0594015 0.0338351 0.0307755 0.0565115 0.0398037
0.0439974 0.0425015 0.0770278 0.064374 0.077344 0.0888467 0.0850072 0.0349397 0.0784149 0.0400829 0.0553216 0.0736723 0.0435209 0.0389513 0.0706116 0.0485525
0.0562112 0.0534262 0.0983765 0.0809578 0.0972034 0.112165 0.109904 0.0433074 0.0998352 0.0496929 0.0703611 0.0950263 0.0544457 0.0499008 0.0903293 0.0621634
0.0439974 0.0425015 0.0770278 0.064374 0.077344 0.0888467 0.0850072 0.0349397 0.0784149 0.0400829 0.0553216 0.0736723 0.0435209 0.0389513 0.0706116 0.0485525
0.0305625 0.028959 0.0518906 0.0434414 0.0521808 0.0591212 0.0583488 0.0234735 0.0531844 0.0263999 0.0370006 0.0500308 0.0287332 0.0265255 0.0483091 0.0327501
0.035514 0.0341009 0.0624591 0.0520499 0.0614115 0.070599 0.0685025 0.0280825 0.0623295 0.0317716 0.0448649 0.0594015 0.0338351 0.0307755 0.0565115 0.0398037
0.035514 0.0341009 0.0624591 0.0520499 0.0614115 0.070599 0.0685025 0.0280825 0.0623295 0.0317716 0.0448649 0.0594015 0.0338351 0.0307755 0.0565115 0.0398037
0.115847 0.110122 0.199781 0.16597 0.19823 0.223709 0.219308 0.0917873 0.199337 0.102292 0.144901 0.190518 0.112179 0.102831 0.181107 0.128156
0.0359721 0.034224 0.0622103 0.0514283 0.0609313 0.0700919 0.06766 0.0282482 0.0620792 0.0327712 0.0443944 0.0601378 0.0353251 0.0315717 0.0567478 0.0397353
0.0359721 0.034224 0.0622103 0.0514283 0.0609313 0.0700919 0.06766 0.0282482 0.0620792 0.0327712 0.0443944 0.0601378 0.0353251 0.0315717 0.0567478 0.0397353
0.0437499 0.040831 0.0754145 0.062241 0.0741494 0.0860391 0.083705 0.0341843 0.0752671 0.038298 0.0542597 0.0719164 0.0418968 0.0384198 0.0687285 0.0485541
0.0359721 0.034224 0.0622103 0.0514283 0.0609313 0.0700919 0.06766 0.0282482 0.0620792 0.0327712 0.0443944 0.0601378 0.0353251 0.0315717 0.0567478 0.0397353
0.0562112 0.0534262 0.0983765 0.0809578 0.0972034 0.112165 0.109904 0.0433074 0.0998352 0.0496929 0.0703611 0.0950263 0.0544457 0.0499008 0.0903293 0.0621634
loop 9
0.0573838 0.0556871 0.0999408 0.082624 0.0987457 0.114727 0.111925 0.0461033 0.101698 0.0509445 0.0715072 0.0960498 0.0551295 0.0511982 0.0922245 0.063106
0.0523551 0.0487339 0.0875019 0.073305 0.0858165 0.0981744 0.0954225 0.0405479 0.0873117 0.0456798 0.0636311 0.0831627 0.0501142 0.0457437 0.0793685 0.0565654
0.0573838 0.0556871 0.0999408 0.082624 0.0987457 0.114727 0.111925 0.0461033 0.101698 0.0509445 0.0715072 0.0960498 0.0551295 0.0511982 0.0922245 0.063106
0.0354816 0.0340706 0.0624105 0.0520125 0.061364 0.0705414 0.0684472 0.0280575 0.0622809 0.0317413 0.0448296 0.0593485 0.0349806 0.0318956 0.0564692 0.0397699
0.0443025 0.0415233 0.077395 0.0632762 0.0762 0.0876524 0.0854038 0.0339974 0.077242 0.0391089 0.0542593 0.0740468 0.042532 0.0379951 0.0694863 0.0488723
0.0557696 0.0530171 0.0992736 0.0818717 0.0981074 0.113057 0.109068 0.0443019 0.099072 0.0493146 0.0698044 0.0942996 0.0540138 0.0495277 0.0896394 0.0616752
0.0443025 0.0415233 0.077395 0.0632762 0.0762 0.0876524 0.0854038 0.0339974 0.077242 0.0391089 0.0542593 0.0740468 0.042532 0.0379951 0.0694863 0.0488723
0.0306225 0.0290166 0.0519727 0.0435175 0.0522629 0.0592196 0.0584448 0.0235189 0.0532744 0.0264526 0.0370612 0.0501085 0.0287908 0.0265761 0.0483875 0.0328119
0.0354816 0.0340706 0.0624105 0.0520125 0.061364 0.0705414 0.0684472 0.0280575 0.0622809 0.0317413 0.0448296 0.0593485 0.0349806 0.0318956 0.0564692 0.0397699
0.0354816 0.0340706 0.0624105 0.0520125 0.061364 0.0705414 0.0684472 0.0280575 0.0622809 0.0317413 0.0448296 0.0593485 0.0349806 0.0318956 0.0564692 0.0397699
0.115876 0.110144 0.199808 0.166011 0.198269 0.22374 0.219339 0.0918077 0.199364 0.102312 0.144934 0.190556 0.112202 0.102851 0.181142 0.128184
0.0359552 0.0342058 0.0621916 0.0514093 0.060913 0.0700771 0.0692589 0.0282308 0.0620605 0.032752 0.0443751 0.0601201 0.0353088 0.0315556 0.0567259 0.0397158
0.0359552 0.0342058 0.0621916 0.0514093 0.060913 0.0700771 0.0692589 0.0282308 0.0620605 0.032752 0.0443751 0.0601201 0.0353088 0.0315556 0.0567259 0.0397158
0.0430121 0.0400863 0.0731974 0.0615463 0.0734978 0.0837899 0.081455 0.0334187 0.0746097 0.0375389 0.0521206 0.0712584 0.0411462 0.0376667 0.0665364 0.0464481
0.0359552 0.0342058 0.0621916 0.0514093 0.060913 0.0700771 0.0692589 0.0282308 0.0620605 0.032752 0.0443751 0.0601201 0.0353088 0.0315556 0.0567259 0.0397158
0.0557696 0.0530171 0.0992736 0.0818717 0.0981074 0.113057 0.109068 0.0443019 0.099072 0.0493146 0.0698044 0.0942996 0.0540138 0.0495277 0.0896394 0.0616752
loop 10
0.0573885 0.0556958 0.0999408 0.0826319 0.0987457 0.114727 0.111937 0.0461098 0.101698 0.0509484 0.0715136 0.0960596 0.0551382 0.0512059 0.0922337 0.0631113
0.110567 0.10634 0.182963 0.154895 0.182834 0.209597 0.204031 0.0883378 0.185089 0.0993111 0.133448 0.177521 0.10618 0.0994916 0.168672 0.121399
0.0573885 0.0556958 0.0999408 0.0826319 0.0987457 0.114727 0.111937 0.0461098 0.101698 0.0509484 0.0715136 0.0960596 0.0551382 0.0512059 0.0922337 0.0631113
0.0354924 0.0340807 0.0624267 0.052025 0.0613798 0.0705606 0.0684657 0.028065 0.0622971 0.0317534 0.0448397 0.0593712 0.0338149 0.030758 0.0564833 0.0397826
0.0441037 0.0426104 0.0771196 0.064469 0.07592 0.0873499 0.0851122 0.0350437 0.0784982 0.0389243 0.0554176 0.0737683 0.042336 0.0390627 0.0707018 0.0486591
0.0612639 0.0583872 0.106569 0.0884714 0.105334 0.122654 0.118501 0.0479052 0.108093 0.0545312 0.0759118 0.10309 0.0579904 0.0533194 0.0965425 0.0674236
0.0441037 0.0426104 0.0771196 0.064469 0.07592 0.0873499 0.0851122 0.0350437 0.0784982 0.0389243 0.0554176 0.0737683 0.042336 0.0390627 0.0707018 0.0486591
0.0305625 0.028959 0.0518796 0.043433 0.0521699 0.059108 0.058336 0.0234752 0.0531731 0.0263999 0.0369905 0.0500152 0.0287332 0.0265255 0.0482993 0.0327501
0.0354924 0.0340807 0.0624267 0.052025 0.0613798 0.0705606 0.0684657 0.028065 0.0622971 0.0317534 0.0448397 0.0593712 0.0338149 0.030758 0.0564833 0.0397826
0.0354924 0.0340807 0.0624267 0.052025 0.0613798 0.0705606 0.0684657 0.028065 0.0622971 0.0317534 0.0448397 0.0593712 0.0338149 0.030758 0.0564833 0.0397826
0.11587 0.110144 0.199795 0.166001 0.198269 0.22374 0.219339 0.0918077 0.199364 0.102307 0.144934 0.190543 0.112196 0.102851 0.181142 0.128177
0.0359636 0.0342162 0.0621916 0.051414 0.060913 0.0700697 0.0676388 0.0282424 0.0620543 0.0327616 0.044379 0.0601201 0.0353169 0.0315648 0.0567314 0.0397255
0.0359636 0.0342162 0.0621916 0.051414 0.060913 0.0700697 0.0676388 0.0282424 0.0620543 0.0327616 0.044379 0.0601201 0.0353169 0.0315648 0.0567314 0.0397255
0.0425779 0.0409924 0.0740411 0.060947 0.0743479 0.0846136 0.0822852 0.0343359 0.0754514 0.0384511 0.05301 0.0721154 0.0420595 0.0372866 0.0673919 0.0473434
0.0359636 0.0342162 0.0621916 0.051414 0.060913 0.0700697 0.0676388 0.0282424 0.0620543 0.0327616 0.044379 0.0601201 0.0353169 0.0315648 0.0567314 0.0397255
0.0612639 0.0583872 0.106569 0.0884714 0.105334 0.122654 0.118501 0.0479052 0.108093 0.0545312 0.0759118 0.10309 0.0579904 0.0533194 0.0965425 0.0674236
loop 11
0.0573977 0.0557002 0.0999512 0.0826398 0.0987559 0.11474 0.109923 0.0461131 0.101708 0.0509522 0.07152 0.0960694 0.0551426 0.0512098 0.0922429 0.0631167
0.0542191 0.050569 0.0893836 0.0751746 0.089528 0.101941 0.0991917 0.0424166 0.0910817 0.0475488 0.0655114 0.0868792 0.0519987 0.0475884 0.0830898 0.0584276
0.0573977 0.0557002 0.0999512 0.0826398 0.0987559 0.11474 0.109923 0.0461131 0.101708 0.0509522 0.07152 0.0960694 0.0551426 0.0512098 0.0922429 0.0631167
0.0355104 0.0340975 0.062451 0.0520437 0.0614036 0.0705894 0.0684933 0.0280825 0.0623214 0.0317686 0.0448599 0.0593939 0.0338317 0.0307725 0.0565044 0.0397995
0.0444181 0.0416289 0.07608 0.0634466 0.0748796 0.0878823 0.0840586 0.034082 0.0774562 0.0392088 0.054409 0.0727316 0.0426409 0.0380919 0.0696719 0.0476669
0.0569152 0.0541081 0.0995518 0.0819312 0.0983731 0.1135 0.109484 0.043878 0.101045 0.0503324 0.0712182 0.0945191 0.0551271 0.0491702 0.0897954 0.0629326
0.0444181 0.0416289 0.07608 0.0634466 0.0748796 0.0878823 0.0840586 0.034082 0.0774562 0.0392088 0.054409 0.0727316 0.0426409 0.0380919 0.0696719 0.0476669
0.0314539 0.0298468 0.0528131 0.0443528 0.0531 0.0600453 0.0592721 0.0243485 0.0541153 0.0272816 0.0379011 0.0509452 0.0296187 0.0274085 0.0492254 0.0336419
0.0355104 0.0340975 0.062451 0.0520437 0.0614036 0.0705894 0.0684933 0.0280825 0.0623214 0.0317686 0.0448599 0.0593939 0.0338317 0.0307725 0.0565044 0.0397995
0.0355104 0.0340975 0.062451 0.0520437 0.0614036 0.0705894 0.0684933 0.0280825 0.0623214 0.0317686 0.0448599 0.0593939 0.0338317 0.0307725 0.0565044 0.0397995
0.115876 0.11015 0.199781 0.165991 0.198243 0.223709 0.219323 0.0918036 0.199337 0.102317 0.144934 0.190531 0.112208 0.102851 0.181119 0.128184
0.0359608 0.0342136 0.0621916 0.051414 0.0609191 0.0700771 0.0676388 0.0282366 0.0620605 0.0327592 0.044379 0.060126 0.0353142 0.0315602 0.0567314 0.039719
0.0359608 0.0342136 0.0621916 0.051414 0.0609191 0.0700771 0.0676388 0.0282366 0.0620605 0.0327592 0.044379 0.060126 0.0353142 0.0315602 0.0567314 0.039719
0.0430817 0.0401533 0.0732858 0.0601596 0.0720375 0.083896 0.0815672 0.0334805 0.074709 0.0376028 0.0522027 0.0698088 0.0412154 0.037734 0.0666294 0.0465221
0.0359608 0.0342136 0.0621916 0.051414 0.0609191 0.0700771 0.0676388 0.0282366 0.0620605 0.0327592 0.044379 0.060126 0.0353142 0.0315602 0.0567314 0.039719
0.0569152 0.0541081 0.0995518 0.0819312 0.0983731 0.1135 0.109484 0.043878 0.101045 0.0503324 0.0712182 0.0945191 0.0551271 0.0491702 0.0897954 0.0629326
loop 12
0.0573838 0.0556871 0.0999408 0.082624 0.0987457 0.114727 0.111925 0.0461033 0.101687 0.0509407 0.0715072 0.0960498 0.0551295 0.0511982 0.0922245 0.063106
0.0471084 0.0450766 0.0787304 0.0646762 0.0771197 0.0894115 0.0866629 0.0368049 0.0785603 0.0419642 0.0567319 0.0762895 0.0448557 0.0405002 0.0724728 0.0513589
0.0573838 0.0556871 0.0999408 0.082624 0.0987457 0.114727 0.111925 0.0461033 0.101687 0.0509407 0.0715072 0.0960498 0.0551295 0.0511982 0.0922245 0.063106
0.035478 0.0340639 0.0624024 0.0520063 0.0613561 0.0705414 0.068438 0.0280525 0.0622728 0.0317383 0.0448246 0.0593485 0.0349736 0.0318926 0.0564621 0.0397657
0.0432201 0.0417261 0.07622 0.0621415 0.0750267 0.086458 0.0842188 0.0341667 0.07607 0.0380435 0.0545276 0.0728821 0.0414557 0.0381812 0.0698132 0.0477757
0.0581962 0.0540198 0.101985 0.0829104 0.100818 0.115845 0.111844 0.0452967 0.101777 0.0503135 0.0723272 0.0969807 0.0550269 0.0505271 0.0922846 0.0641513
0.0432201 0.0417261 0.07622 0.0621415 0.0750267 0.086458 0.0842188 0.0341667 0.07607 0.0380435 0.0545276 0.0728821 0.0414557 0.0381812 0.0698132 0.0477757
0.0306925 0.0290811 0.0520932 0.0436104 0.0509772 0.0593508 0.0571176 0.0235727 0.0519837 0.0265133 0.0371453 0.0502226 0.0288576 0.0266368 0.0471196 0.0328906
0.035478 0.0340639 0.0624024 0.0520063 0.0613561 0.0705414 0.068438 0.0280525 0.0622728 0.0317383 0.0448246 0.0593485 0.0349736 0.0318926 0.0564621 0.0397657
0.035478 0.0340639 0.0624024 0.0520063 0.0613561 0.0705414 0.068438 0.0280525 0.0622728 0.0317383 0.0448246 0.0593485 0.0349736 0.0318926 0.0564621 0.0397657
0.115859 0.110133 0.199795 0.16597 0.19823 0.223725 0.219323 0.0917873 0.199351 0.102297 0.144901 0.190518 0.112185 0.102831 0.181107 0.128156
0.0359749 0.0342292 0.0622165 0.0514283 0.0609434 0.0700993 0.067667 0.0282462 0.0620792 0.0327737 0.0443944 0.0601497 0.0353305 0.0315694 0.0567533 0.0397353
0.0359749 0.0342292 0.0622165 0.0514283 0.0609434 0.0700993 0.067667 0.0282462 0.0620792 0.0327737 0.0443944 0.0601497 0.0353305 0.0315694 0.0567533 0.0397353
0.0426762 0.0410885 0.0741945 0.0610779 0.07295 0.0847866 0.0824621 0.0331574 0.0756173 0.0385416 0.0531281 0.0707252 0.0408271 0.037374 0.0675424 0.0474529
0.0359749 0.0342292 0.0622165 0.0514283 0.0609434 0.0700993 0.067667 0.0282462 0.0620792 0.0327737 0.0443944 0.0601497 0.0353305 0.0315694 0.0567533 0.0397353
0.0581962 0.0540198 0.101985 0.0829104 0.100818 0.115845 0.111844 0.0452967 0.101777 0.0503135 0.0723272 0.0969807 0.0550269 0.0505271 0.0922846 0.0641513
loop 13
0.0573931 0.0556958 0.0999408 0.0826319 0.0987457 0.114727 0.111937 0.0461098 0.101698 0.0509484 0.0715136 0.0960596 0.0551382 0.0512059 0.0922337 0.0631113
0.0416755 0.039665 0.071456 0.0592361 0.0717184 0.0821329 0.0793813 0.0329062 0.071296 0.0380525 0.0512676 0.0690656 0.0409665 0.038155 0.0652556 0.0459186
0.0573931 0.0556958 0.0999408 0.0826319 0.0987457 0.114727 0.111937 0.0461098 0.101698 0.0509484 0.0715136 0.0960596 0.0551382 0.0512059 0.0922337 0.0631113
0.0354888 0.0340773 0.0624105 0.0520187 0.0613719 0.070551 0.0684564 0.0280625 0.062289 0.0317474 0.0448347 0.0593561 0.034984 0.0319016 0.0564762 0.0397784
0.0434266 0.0406446 0.0750463 0.0624291 0.0738548 0.0852522 0.0830116 0.0343298 0.07641 0.0382258 0.0533993 0.0717097 0.0416501 0.0383635 0.0686385 0.0480038
0.0552141 0.0524461 0.0973566 0.0799388 0.0961926 0.111145 0.107163 0.0436689 0.0988155 0.048714 0.0693563 0.0923886 0.053444 0.0489318 0.0877129 0.0611452
0.0434266 0.0406446 0.0750463 0.0624291 0.0738548 0.0852522 0.0830116 0.0343298 0.07641 0.0382258 0.0533993 0.0717097 0.0416501 0.0383635 0.0686385 0.0480038
0.030735 0.0291226 0.0521589 0.0436738 0.0510465 0.059423 0.0571925 0.0236096 0.0520494 0.0265518 0.0371991 0.05029 0.0288968 0.0266773 0.0471863 0.0329299
0.0354888 0.0340773 0.0624105 0.0520187 0.0613719 0.070551 0.0684564 0.0280625 0.062289 0.0317474 0.0448347 0.0593561 0.034984 0.0319016 0.0564762 0.0397784
0.0354888 0.0340773 0.0624105 0.0520187 0.0613719 0.070551 0.0684564 0.0280625 0.062289 0.0317474 0.0448347 0.0593561 0.034984 0.0319016 0.0564762 0.0397784
0.118591 0.112909 0.20515 0.171509 0.200133 0.232426 0.224532 0.0947691 0.204697 0.105178 0.147405 0.195889 0.114981 0.105686 0.186565 0.130773
0.0359833 0.0342344 0.062229 0.0514426 0.0609495 0.0701141 0.0676812 0.0282559 0.0620917 0.0327809 0.0444059 0.0601556 0.0353386 0.0315809 0.0567642 0.039745
0.0359833 0.0342344 0.062229 0.0514426 0.0609495 0.0701141 0.0676812 0.0282559 0.0620917 0.0327809 0.0444059 0.0601556 0.0353386 0.0315809 0.0567642 0.039745
0.0428073 0.0412115 0.0744292 0.0612708 0.0731709 0.0850462 0.0827222 0.0332558 0.0742758 0.03866 0.0532912 0.0709452 0.040954 0.0374851 0.0677483 0.0476005
0.0359833 0.0342344 0.062229 0.0514426 0.0609495 0.0701141 0.0676812 0.0282559 0.0620917 0.0327809 0.0444059 0.0601556 0.0353386 0.0315809 0.0567642 0.039745
0.0552141 0.0524461 0.0973566 0.0799388 0.0961926 0.111145 0.107163 0.0436689 0.0988155 0.048714 0.0693563 0.0923886 0.053444 0.0489318 0.0877129 0.0611452
loop 14
0.0573931 0.0557002 0.0999512 0.0826398 0.0987559 0.11474 0.109923 0.0461131 0.101708 0.0509522 0.07152 0.0960694 0.0551426 0.0512098 0.0922429 0.0631167
0.045673 0.0436594 0.0789301 0.064845 0.0773292 0.0896324 0.086883 0.0369442 0.07876 0.0405648 0.0568891 0.0746836 0.0450019 0.0406518 0.0708864 0.049899
0.0573931 0.0557002 0.0999512 0.0826398 0.0987559 0.11474 0.109923 0.0461131 0.101708 0.0509522 0.07152 0.0960694 0.0551426 0.0512098 0.0922429 0.0631167
0.0355356 0.0341211 0.0624834 0.050771 0.0614432 0.0706278 0.0685302 0.0281 0.0623538 0.0317897 0.0448901 0.0594242 0.0338519 0.030793 0.0565397 0.0398249
0.0440066 0.0425146 0.0769869 0.0643502 0.0773134 0.0887974 0.0865412 0.0349592 0.0783629 0.0388359 0.0553152 0.0736435 0.0422445 0.0389666 0.0705755 0.0485578
0.0589829 0.0561565 0.103444 0.0840902 0.102238 0.117473 0.113416 0.0458793 0.10325 0.05238 0.0733594 0.0983591 0.0557758 0.0511896 0.0936102 0.0650264
0.0440066 0.0425146 0.0769869 0.0643502 0.0773134 0.0887974 0.0865412 0.0349592 0.0783629 0.0388359 0.0553152 0.0736435 0.0422445 0.0389666 0.0705755 0.0485578
0.0304325 0.0288369 0.0530775 0.0432556 0.0519618 0.0603412 0.0581056 0.0245267 0.052965 0.0274699 0.0381239 0.0512117 0.0298156 0.0264141 0.0481033 0.0338577
0.0355356 0.0341211 0.0624834 0.050771 0.0614432 0.0706278 0.0685302 0.0281 0.0623538 0.0317897 0.0448901 0.0594242 0.0338519 0.030793 0.0565397 0.0398249
0.0355356 0.0341211 0.0624834 0.050771 0.0614432 0.0706278 0.0685302 0.0281 0.0623538 0.0317897 0.0448901 0.0594242 0.0338519 0.030793 0.0565397 0.0398249
0.115859 0.110133 0.199768 0.16596 0.198216 0.223693 0.219293 0.0917873 0.199324 0.102302 0.144901 0.190506 0.112191 0.102836 0.181095 0.128163
0.0359805 0.0342318 0.0622165 0.0514331 0.0609434 0.0701067 0.067667 0.0282482 0.0620855 0.0327785 0.0443982 0.0601497 0.0353359 0.031574 0.0567533 0.0397385
0.0359805 0.0342318 0.0622165 0.0514331 0.0609434 0.0701067 0.067667 0.0282482 0.0620855 0.0327785 0.0443982 0.0601497 0.0353359 0.031574 0.0567533 0.0397385
0.0429998 0.0400752 0.0731621 0.0615257 0.0719078 0.0837474 0.0814244 0.0334159 0.0745736 0.0375321 0.0521041 0.0696846 0.0411346 0.03766 0.0665055 0.0464296
0.0359805 0.0342318 0.0622165 0.0514331 0.0609434 0.0701067 0.067667 0.0282482 0.0620855 0.0327785 0.0443982 0.0601497 0.0353359 0.031574 0.0567533 0.0397385
0.0589829 0.0561565 0.103444 0.0840902 0.102238 0.117473 0.113416 0.0458793 0.10325 0.05238 0.0733594 0.0983591 0.0557758 0.0511896 0.0936102 0.0650264
loop 15
0.0573792 0.0556871 0.0999304 0.082624 0.0987355 0.114715 0.111925 0.0461001 0.101687 0.0509407 0.0715008 0.0960498 0.0551252 0.0511982 0.0922245 0.0631007
0.0576652 0.0540057 0.09654 0.0803827 0.0947659 0.109198 0.10643 0.0458749 0.09634 0.0510017 0.0689194 0.0921141 0.0554436 0.0510334 0.0883247 0.061843
0.0573792 0.0556871 0.0999304 0.082624 0.0987355 0.114715 0.111925 0.0461001 0.101687 0.0509407 0.0715008 0.0960498 0.0551252 0.0511982 0.0922245 0.0631007
0.0355068 0.0340908 0.0624429 0.0520437 0.0614036 0.0705894 0.0684841 0.028075 0.0623214 0.0317625 0.0448548 0.0593864 0.033825 0.0307667 0.0565044 0.0397953
0.045139 0.0423534 0.0782485 0.0641284 0.0770482 0.0884894 0.0862442 0.0348195 0.0780924 0.039944 0.0551104 0.0748992 0.0433682 0.0388167 0.0703408 0.0497111
0.058944 0.0546713 0.102298 0.0843853 0.101081 0.116455 0.112361 0.0456846 0.102096 0.05086 0.0719692 0.0971792 0.0556929 0.0510731 0.092374 0.063576
0.045139 0.0423534 0.0782485 0.0641284 0.0770482 0.0884894 0.0862442 0.0348195 0.0780924 0.039944 0.0551104 0.0748992 0.0433682 0.0388167 0.0703408 0.0497111
0.03066 0.0290534 0.0520275 0.043564 0.0523232 0.0592786 0.057049 0.0235525 0.053325 0.026487 0.0371083 0.0501656 0.0288253 0.0266146 0.0470672 0.0328513
0.0355068 0.0340908 0.0624429 0.0520437 0.0614036 0.0705894 0.0684841 0.028075 0.0623214 0.0317625 0.0448548 0.0593864 0.033825 0.0307667 0.0565044 0.0397953
0.0355068 0.0340908 0.0624429 0.0520437 0.0614036 0.0705894 0.0684841 0.028075 0.0623214 0.0317625 0.0448548 0.0593864 0.033825 0.0307667 0.0565044 0.0397953
0.115882 0.110155 0.199781 0.165991 0.198256 0.223725 0.219323 0.0918036 0.199337 0.102322 0.144934 0.190531 0.112208 0.102856 0.181119 0.128184
0.0359692 0.0342188 0.0622228 0.0514331 0.0609434 0.0701067 0.0676741 0.0282385 0.0620855 0.0327664 0.0443944 0.0601497 0.0353224 0.0315648 0.0567533 0.039732
0.0359692 0.0342188 0.0622228 0.0514331 0.0609434 0.0701067 0.0676741 0.0282385 0.0620855 0.0327664 0.0443944 0.0601497 0.0353224 0.0315648 0.0567533 0.039732
0.0430162 0.0400938 0.0731798 0.0600722 0.0719337 0.0837687 0.0814448 0.0334327 0.0730295 0.037549 0.0521206 0.0697095 0.0411539 0.0376802 0.0665287 0.0464527
0.0359692 0.0342188 0.0622228 0.0514331 0.0609434 0.0701067 0.0676741 0.0282385 0.0620855 0.0327664 0.0443944 0.0601497 0.0353224 0.0315648 0.0567533 0.039732
0.058944 0.0546713 0.102298 0.0843853 0.101081 0.116455 0.112361 0.0456846 0.102096 0.05086 0.0719692 0.0971792 0.0556929 0.0510731 0.092374 0.063576
loop 16
0.0575179 0.0557089 0.0999616 0.0826477 0.0987661 0.114753 0.109923 0.0461228 0.101719 0.0509599 0.0715264 0.0960792 0.0552602 0.0512175 0.0922429 0.0631273
0.0665711 0.0646277 0.112597 0.09448 0.112686 0.129281 0.124463 0.0533958 0.114365 0.0600722 0.0812187 0.108077 0.0644197 0.0600463 0.102416 0.0741374
0.0575179 0.0557089 0.0999616 0.0826477 0.0987661 0.114753 0.109923 0.0461228 0.101719 0.0509599 0.0715264 0.0960792 0.0552602 0.0512175 0.0922429 0.0631273
0.0354744 0.0340605 0.0623943 0.052 0.0613481 0.0705318 0.0684288 0.0280475 0.0622647 0.0317322 0.0448145 0.059341 0.0349701 0.0318865 0.0564551 0.0397615
0.0443118 0.0415191 0.07597 0.0633382 0.07629 0.0877613 0.0839441 0.0339786 0.077344 0.039105 0.0543092 0.0726281 0.0425363 0.0392396 0.0695658 0.0488936
0.0572907 0.0545005 0.101199 0.083652 0.100022 0.115103 0.111079 0.0443513 0.101008 0.0507625 0.071469 0.0961926 0.0555199 0.049597 0.0914899 0.0632541
0.0443118 0.0415191 0.07597 0.0633382 0.07629 0.0877613 0.0839441 0.0339786 0.077344 0.039105 0.0543092 0.0726281 0.0425363 0.0392396 0.0695658 0.0488936
0.030435 0.0288323 0.0531394 0.0432936 0.052011 0.0604084 0.058176 0.0245143 0.0530269 0.0274657 0.0381448 0.051265 0.029818 0.026404 0.0481523 0.0338635
0.0354744 0.0340605 0.0623943 0.052 0.0613481 0.0705318 0.0684288 0.0280475 0.0622647 0.0317322 0.0448145 0.059341 0.0349701 0.0318865 0.0564551 0.0397615
0.0354744 0.0340605 0.0623943 0.052 0.0613481 0.0705318 0.0684288 0.0280475 0.0622647 0.0317322 0.0448145 0.059341 0.0349701 0.0318865 0.0564551 0.0397615
0.115876 0.110155 0.199808 0.16598 0.198256 0.22374 0.219339 0.0918036 0.199364 0.102317 0.144926 0.190531 0.112208 0.102856 0.18113 0.128184
0.0366862 0.0349438 0.06437 0.0535707 0.0630848 0.0722593 0.0698182 0.0290041 0.0642322 0.033505 0.0465142 0.0607366 0.0360507 0.0323079 0.0589036 0.0404353
0.0366862 0.0349438 0.06437 0.0535707 0.0630848 0.0722593 0.0698182 0.0290041 0.0642322 0.033505 0.0465142 0.0607366 0.0360507 0.0323079 0.0589036 0.0404353
0.0429957 0.041396 0.0747541 0.0615394 0.073489 0.085414 0.081455 0.0334046 0.0746007 0.0388306 0.0535275 0.07125 0.0411308 0.0376533 0.0680493 0.0478052
0.0366862 0.0349438 0.06437 0.0535707 0.0630848 0.0722593 0.0698182 0.0290041 0.0642322 0.033505 0.0465142 0.0607366 0.0360507 0.0323079 0.0589036 0.0404353
0.0572907 0.0545005 0.101199 0.083652 0.100022 0.115103 0.111079 0.0443513 0.101008 0.0507625 0.071469 0.0961926 0.0555199 0.049597 0.0914899 0.0632541
loop 17
0.0573931 0.0556958 0.0999512 0.0826398 0.0987559 0.11474 0.109923 0.0461131 0.101708 0.0509522 0.07152 0.0960694 0.0551382 0.0512098 0.0922429 0.0631167
0.0457403 0.0437378 0.0771486 0.0649069 0.077387 0.0877874 0.0850459 0.0370282 0.0788044 0.0406378 0.0569538 0.0747388 0.0450701 0.0407305 0.070944 0.0499682
0.0573931 0.0556958 0.0999512 0.0826398 0.0987559 0.11474 0.109923 0.0461131 0.101708 0.0509522 0.07152 0.0960694 0.0551382 0.0512098 0.0922429 0.0631167
0.0354996 0.0340874 0.0624348 0.0520312 0.0613877 0.0705702 0.0684749 0.02807 0.0623052 0.0317564 0.0448498 0.0593712 0.0338183 0.0307609 0.0564903 0.0397868
0.0449676 0.0421835 0.07803 0.0653751 0.0768237 0.0898527 0.0860066 0.0346701 0.0794084 0.0397813 0.0563131 0.0746738 0.0432021 0.0399162 0.0716175 0.0495304
0.0560256 0.0532602 0.0996912 0.0822355 0.0985322 0.11352 0.109543 0.0445084 0.099504 0.0495437 0.0701225 0.0947168 0.0542632 0.0497569 0.0900283 0.0619563
0.0449676 0.0421835 0.07803 0.0653751 0.0768237 0.0898527 0.0860066 0.0346701 0.0794084 0.0397813 0.0563131 0.0746738 0.0432021 0.0399162 0.0716175 0.0495304
0.0306475 0.0290396 0.0520056 0.0435471 0.0523013 0.0592524 0.057024 0.0235407 0.0518961 0.0264749 0.0370881 0.0501448 0.0288161 0.0266004 0.0470482 0.03284
0.0354996 0.0340874 0.0624348 0.0520312 0.0613877 0.0705702 0.0684749 0.02807 0.0623052 0.0317564 0.0448498 0.0593712 0.0338183 0.0307609 0.0564903 0.0397868
0.0354996 0.0340874 0.0624348 0.0520312 0.0613877 0.0705702 0.0684749 0.02807 0.0623052 0.0317564 0.0448498 0.0593712 0.0338183 0.0307609 0.0564903 0.0397868
0.115876 0.11015 0.199795 0.165991 0.198256 0.223725 0.219323 0.0917996 0.199351 0.102317 0.144934 0.190531 0.112202 0.102851 0.18113 0.128177
0.0359664 0.0342162 0.0622103 0.0514236 0.0609252 0.0700993 0.06766 0.0282404 0.0620792 0.032764 0.0443867 0.0601378 0.0353196 0.0315648 0.0567423 0.0397288
0.0359664 0.0342162 0.0622103 0.0514236 0.0609252 0.0700993 0.06766 0.0282404 0.0620792 0.032764 0.0443867 0.0601378 0.0353196 0.0315648 0.0567423 0.0397288
0.0440752 0.0411423 0.0743209 0.0626573 0.0746277 0.0849272 0.0825974 0.0344642 0.0757371 0.0385904 0.0532069 0.0723835 0.0422103 0.0387226 0.0676533 0.0475148
0.0359664 0.0342162 0.0622103 0.0514236 0.0609252 0.0700993 0.06766 0.0282404 0.0620792 0.032764 0.0443867 0.0601378 0.0353196 0.0315648 0.0567423 0.0397288
0.0560256 0.0532602 0.0996912 0.0822355 0.0985322 0.11352 0.109543 0.0445084 0.099504 0.0495437 0.0701225 0.0947168 0.0542632 0.0497569 0.0900283 0.0619563
loop 18
0.0573792 0.0556827 0.0999304 0.082624 0.0987355 0.114715 0.111913 0.0460968 0.101687 0.0509368 0.0715008 0.0960498 0.0551252 0.0511944 0.0922153 0.0631007
0.04691 0.0448882 0.0784124 0.0661583 0.0786491 0.0890492 0.0863074 0.0366537 0.0800725 0.0417892 0.0565145 0.0759931 0.0446673 0.0418708 0.0721972 0.0511406
0.0573792 0.0556827 0.0999304 0.082624 0.0987355 0.114715 0.111913 0.0460968 0.101687 0.0509368 0.0715008 0.0960498 0.0551252 0.0511944 0.0922153 0.0631007
0.0354996 0.0340874 0.0624348 0.0520312 0.0613877 0.0705702 0.0684749 0.02807 0.0623052 0.0317564 0.0448498 0.0593788 0.0338183 0.0307609 0.0564903 0.0397911
0.0439742 0.0424797 0.0769869 0.0643423 0.0773032 0.0887851 0.0849606 0.0349203 0.0783629 0.0400631 0.055296 0.0736339 0.0434984 0.038932 0.0705755 0.0485259
0.0557824 0.0530349 0.0993024 0.0818937 0.0981357 0.113091 0.109117 0.0443109 0.100774 0.0493252 0.0698221 0.0943266 0.0540259 0.0495384 0.0896645 0.06169
0.0439742 0.0424797 0.0769869 0.0643423 0.0773032 0.0887851 0.0849606 0.0349203 0.0783629 0.0400631 0.055296 0.0736339 0.0434984 0.038932 0.0705755 0.0485259
0.03062 0.0290166 0.0519727 0.0435133 0.0522629 0.059213 0.0584384 0.0235189 0.0532688 0.0264526 0.0370612 0.0501085 0.0287885 0.0265781 0.0483826 0.0328119
0.0354996 0.0340874 0.0624348 0.0520312 0.0613877 0.0705702 0.0684749 0.02807 0.0623052 0.0317564 0.0448498 0.0593788 0.0338183 0.0307609 0.0564903 0.0397911
0.0354996 0.0340874 0.0624348 0.0520312 0.0613877 0.0705702 0.0684749 0.02807 0.0623052 0.0317564 0.0448498 0.0593788 0.0338183 0.0307609 0.0564903 0.0397911
0.115859 0.110133 0.199781 0.16598 0.198256 0.223709 0.219323 0.0917873 0.199337 0.102302 0.144909 0.190531 0.112185 0.102831 0.181119 0.128156
0.0359692 0.0342188 0.0622228 0.0514283 0.0609373 0.0701067 0.0676741 0.0282385 0.0620855 0.032764 0.0443905 0.0601497 0.0353224 0.0315648 0.0567533 0.039732
0.0359692 0.0342188 0.0622228 0.0514283 0.0609373 0.0701067 0.0676741 0.0282385 0.0620855 0.032764 0.0443905 0.0601497 0.0353224 0.0315648 0.0567533 0.039732
0.0431432 0.0402091 0.0733918 0.0602403 0.0721413 0.0840021 0.0816794 0.0335282 0.0732416 0.0376566 0.0522739 0.0699082 0.041273 0.0377878 0.0667146 0.0465868
0.0359692 0.0342188 0.0622228 0.0514283 0.0609373 0.0701067 0.0676741 0.0282385 0.0620855 0.032764 0.0443905 0.0601497 0.0353224 0.0315648 0.0567533 0.039732
0.0557824 0.0530349 0.0993024 0.0818937 0.0981357 0.113091 0.109117 0.0443109 0.100774 0.0493252 0.0698221 0.0943266 0.0540259 0.0495384 0.0896645 0.06169
loop 19
0.0573931 0.0556958 0.0999512 0.0826398 0.0987559 0.11474 0.109923 0.0461131 0.101708 0.0509522 0.07152 0.0960694 0.0551382 0.0512059 0.0922337 0.0631167
0.0470318 0.0434493 0.0785011 0.0645412 0.076939 0.0891552 0.0864174 0.0367785 0.0783384 0.0419088 0.0566209 0.076099 0.0447842 0.0404552 0.0723022 0.0512676
0.0573931 0.0556958 0.0999512 0.0826398 0.0987559 0.11474 0.109923 0.0461131 0.101708 0.0509522 0.07152 0.0960694 0.0551382 0.0512059 0.0922337 0.0631167
0.0354924 0.0340773 0.0624186 0.0520187 0.0613719 0.070551 0.0684564 0.028065 0.062289 0.0317504 0.0448347 0.0593637 0.0349875 0.0319047 0.0564762 0.0397784
0.043238 0.0417388 0.07635 0.0622172 0.0751345 0.0866006 0.0827756 0.0341542 0.0762 0.0380547 0.0532107 0.0729762 0.0414726 0.0381812 0.0684309 0.0478068
0.0596957 0.0568243 0.106387 0.0867033 0.103439 0.120646 0.116523 0.0464342 0.106175 0.0530044 0.0742441 0.101223 0.0578944 0.0532181 0.0963838 0.0658008
0.043238 0.0417388 0.07635 0.0622172 0.0751345 0.0866006 0.0827756 0.0341542 0.0762 0.0380547 0.0532107 0.0729762 0.0414726 0.0381812 0.0684309 0.0478068
0.0306325 0.0290235 0.0519946 0.0435302 0.0508813 0.0592393 0.0570115 0.0235256 0.0518851 0.0264587 0.0370713 0.0501293 0.0288 0.0265822 0.0470339 0.0328204
0.0354924 0.0340773 0.0624186 0.0520187 0.0613719 0.070551 0.0684564 0.028065 0.062289 0.0317504 0.0448347 0.0593637 0.0349875 0.0319047 0.0564762 0.0397784
0.0354924 0.0340773 0.0624186 0.0520187 0.0613719 0.070551 0.0684564 0.028065 0.062289 0.0317504 0.0448347 0.0593637 0.0349875 0.0319047 0.0564762 0.0397784
0.115859 0.110133 0.199768 0.16596 0.198216 0.223693 0.219293 0.0917832 0.199324 0.102302 0.144909 0.190506 0.112191 0.102831 0.181095 0.128163
0.0359749 0.0342292 0.0622228 0.0514378 0.0609495 0.0701067 0.0676741 0.0282482 0.0620917 0.0327737 0.0443982 0.0601556 0.0353305 0.031574 0.0567587 0.0397385
0.0359749 0.0342292 0.0622228 0.0514378 0.0609495 0.0701067 0.0676741 0.0282482 0.0620917 0.0327737 0.0443982 0.0601556 0.0353305 0.031574 0.0567587 0.0397385
0.0438935 0.0409655 0.0756357 0.0624315 0.074366 0.084646 0.0823269 0.0343009 0.0754883 0.0384233 0.05301 0.0721327 0.0420357 0.0385521 0.0689391 0.0473291
0.0359749 0.0342292 0.0622228 0.0514378 0.0609495 0.0701067 0.0676741 0.0282482 0.0620917 0.0327737 0.0443982 0.0601556 0.0353305 0.031574 0.0567587 0.0397385
0.0596957 0.0568243 0.106387 0.0867033 0.103439 0.120646 0.116523 0.0464342 0.106175 0.0530044 0.0742441 0.101223 0.0578944 0.0532181 0.0963838 0.0658008
loop 20
0.0573931 0.0556958 0.0999512 0.0826398 0.0987559 0.11474 0.109911 0.0461131 0.101708 0.0509522 0.07152 0.0960694 0.0551382 0.0512059 0.0922337 0.0631113
0.0418154 0.0398056 0.071616 0.0593831 0.0700989 0.0804509 0.0777193 0.0330338 0.071456 0.0381875 0.0514105 0.0692238 0.0411041 0.0367809 0.0654075 0.04607
0.0573931 0.0556958 0.0999512 0.0826398 0.0987559 0.11474 0.109911 0.0461131 0.101708 0.0509522 0.07152 0.0960694 0.0551382 0.0512059 0.0922337 0.0631113
0.035496 0.034084 0.0624267 0.0520312 0.0613877 0.0705702 0.0684749 0.02807 0.0623052 0.0317564 0.0448447 0.0593712 0.0338183 0.0307609 0.0564903 0.0397868
0.0433278 0.0418275 0.07642 0.0623004 0.0752227 0.0866838 0.0844364 0.0342483 0.07627 0.0381365 0.0532898 0.0730703 0.0415571 0.0382742 0.0685087 0.047895
0.0569664 0.0541496 0.101448 0.0836687 0.100246 0.115511 0.111444 0.0452401 0.101246 0.050375 0.0713419 0.0963719 0.0551819 0.0505829 0.0916088 0.0629991
0.0433278 0.0418275 0.07642 0.0623004 0.0752227 0.0866838 0.0844364 0.0342483 0.07627 0.0381365 0.0532898 0.0730703 0.0415571 0.0382742 0.0685087 0.047895
0.03042 0.0288184 0.0531169 0.0432725 0.0519946 0.0603882 0.0581504 0.0245002 0.0530044 0.0274509 0.0381274 0.0512437 0.0298036 0.0275778 0.0481327 0.0338489
0.035496 0.034084 0.0624267 0.0520312 0.0613877 0.0705702 0.0684749 0.02807 0.0623052 0.0317564 0.0448447 0.0593712 0.0338183 0.0307609 0.0564903 0.0397868
0.035496 0.034084 0.0624267 0.0520312 0.0613877 0.0705702 0.0684749 0.02807 0.0623052 0.0317564 0.0448447 0.0593712 0.0338183 0.0307609 0.0564903 0.0397868
0.115847 0.110122 0.199781 0.16596 0.19823 0.223725 0.219323 0.091775 0.199337 0.102288 0.144893 0.190506 0.112179 0.102822 0.181095 0.128149
0.0359692 0.0342214 0.0622103 0.0514283 0.0609313 0.0700919 0.06766 0.0282424 0.0620792 0.0327664 0.0443905 0.0601438 0.0353224 0.0315671 0.0567478 0.0397288
0.0359692 0.0342214 0.0622103 0.0514283 0.0609313 0.0700919 0.06766 0.0282424 0.0620792 0.0327664 0.0443905 0.0601438 0.0353224 0.0315671 0.0567478 0.0397288
0.0427377 0.04115 0.0742938 0.0611605 0.0730472 0.0848948 0.0825661 0.033208 0.0741404 0.0386008 0.0532069 0.0708183 0.0408886 0.0374312 0.0676295 0.0475243
0.0359692 0.0342214 0.0622103 0.0514283 0.0609313 0.0700919 0.06766 0.0282424 0.0620792 0.0327664 0.0443905 0.0601438 0.0353224 0.0315671 0.0567478 0.0397288
0.0569664 0.0541496 0.101448 0.0836687 0.100246 0.115511 0.111444 0.0452401 0.101246 0.050375 0.0713419 0.0963719 0.0551819 0.0505829 0.0916088 0.0629991
loop 21
0.0573792 0.0556871 0.0999304 0.082624 0.0987355 0.114715 0.111925 0.0461001 0.101687 0.0509407 0.0715072 0.0960498 0.0551295 0.0511982 0.0922245 0.0631007
0.0469448 0.0449304 0.0784642 0.066193 0.0786934 0.0891111 0.0863667 0.0366897 0.0801254 0.0418271 0.056533 0.0760425 0.0446997 0.0419088 0.0722432 0.0511723
0.0573792 0.0556871 0.0999304 0.082624 0.0987355 0.114715 0.111925 0.0461001 0.101687 0.0509407 0.0715072 0.0960498 0.0551295 0.0511982 0.0922245 0.0631007
0.0355176 0.0341042 0.0624672 0.0520624 0.0614194 0.0706086 0.0685117 0.0280875 0.0623376 0.0317746 0.0448699 0.0594091 0.0338385 0.0307813 0.0565186 0.0398122
0.04522 0.0424187 0.0784878 0.0642948 0.0772624 0.0887482 0.0865056 0.0348618 0.0783317 0.0400075 0.0552448 0.0751051 0.0434445 0.0388744 0.0705304 0.0484779
0.0571004 0.054318 0.0991728 0.0817945 0.0980224 0.112954 0.110679 0.0442256 0.100642 0.0505928 0.0712343 0.0958504 0.0539468 0.0494478 0.0911579 0.0630346
0.04522 0.0424187 0.0784878 0.0642948 0.0772624 0.0887482 0.0865056 0.0348618 0.0783317 0.0400075 0.0552448 0.0751051 0.0434445 0.0388744 0.0705304 0.0484779
0.030695 0.029088 0.0520822 0.0436147 0.0509719 0.0593377 0.0571114 0.0235794 0.0519727 0.0265194 0.0371487 0.0502174 0.0288599 0.0266449 0.0471149 0.0328906
0.0355176 0.0341042 0.0624672 0.0520624 0.0614194 0.0706086 0.0685117 0.0280875 0.0623376 0.0317746 0.0448699 0.0594091 0.0338385 0.0307813 0.0565186 0.0398122
0.0355176 0.0341042 0.0624672 0.0520624 0.0614194 0.0706086 0.0685117 0.0280875 0.0623376 0.0317746 0.0448699 0.0594091 0.0338385 0.0307813 0.0565186 0.0398122
0.115882 0.110161 0.199822 0.165991 0.198269 0.223756 0.219354 0.0918077 0.199378 0.102327 0.144934 0.190543 0.112213 0.102856 0.18113 0.128191
0.0359636 0.0342136 0.0622103 0.0514188 0.0609313 0.0700993 0.06766 0.0282346 0.0620792 0.0327616 0.0443867 0.0601378 0.0353169 0.0315602 0.0567478 0.0397255
0.0359636 0.0342136 0.0622103 0.0514188 0.0609313 0.0700993 0.06766 0.0282346 0.0620792 0.0327616 0.0443867 0.0601378 0.0353169 0.0315602 0.0567478 0.0397255
0.0428442 0.0412461 0.0745375 0.0613465 0.0732681 0.0851652 0.0812204 0.0332726 0.0743841 0.0386878 0.0533588 0.0710384 0.0409886 0.0375086 0.0678434 0.0476481
0.0359636 0.0342136 0.0622103 0.0514188 0.0609313 0.0700993 0.06766 0.0282346 0.0620792 0.0327616 0.0443867 0.0601378 0.0353169 0.0315602 0.0567478 0.0397255
0.0571004 0.054318 0.0991728 0.0817945 0.0980224 0.112954 0.110679 0.0442256 0.100642 0.0505928 0.0712343 0.0958504 0.0539468 0.0494478 0.0911579 0.0630346
loop 22
0.0573931 0.0556958 0.0999408 0.0826319 0.0987559 0.114727 0.109911 0.0461098 0.101698 0.0509484 0.0715136 0.0960596 0.0551382 0.0512059 0.0922337 0.0631113
0.0416434 0.0396379 0.0713024 0.0591332 0.0715776 0.0819548 0.0792112 0.0328981 0.0711488 0.0380275 0.0511922 0.0689317 0.0409356 0.0366249 0.0651319 0.0458681
0.0573931 0.0556958 0.0999408 0.0826319 0.0987559 0.114727 0.109911 0.0461098 0.101698 0.0509484 0.0715136 0.0960596 0.0551382 0.0512059 0.0922337 0.0631113
0.035478 0.0340672 0.0624024 0.0520063 0.061364 0.0705414 0.0684472 0.028055 0.0622809 0.0317383 0.0448246 0.0593485 0.0349771 0.0318926 0.0564621 0.0397657
0.043467 0.0406733 0.0751737 0.0625199 0.07397 0.0854038 0.0831576 0.0343423 0.07655 0.0382519 0.0534723 0.0718203 0.0416881 0.0383858 0.0687596 0.0480505
0.0562176 0.0534321 0.100051 0.0809686 0.0972174 0.113932 0.10992 0.0433204 0.0998496 0.0497036 0.0703787 0.0950397 0.0544457 0.0499167 0.0903419 0.0621634
0.043467 0.0406733 0.0751737 0.0625199 0.07397 0.0854038 0.0831576 0.0343423 0.07655 0.0382519 0.0534723 0.0718203 0.0416881 0.0383858 0.0687596 0.0480505
0.0306 0.0289935 0.0519399 0.0434879 0.0522356 0.0591802 0.0584064 0.0235004 0.0532406 0.0264323 0.0370376 0.0500774 0.02877 0.0265579 0.0483581 0.0327895
0.035478 0.0340672 0.0624024 0.0520063 0.061364 0.0705414 0.0684472 0.028055 0.0622809 0.0317383 0.0448246 0.0593485 0.0349771 0.0318926 0.0564621 0.0397657
0.035478 0.0340672 0.0624024 0.0520063 0.061364 0.0705414 0.0684472 0.028055 0.0622809 0.0317383 0.0448246 0.0593485 0.0349771 0.0318926 0.0564621 0.0397657
0.115876 0.110155 0.199795 0.166001 0.198269 0.223725 0.219323 0.0918036 0.199351 0.102317 0.144934 0.190543 0.112208 0.102856 0.181142 0.128184
0.0359721 0.0342266 0.062204 0.0514236 0.0609313 0.0700919 0.06766 0.0282424 0.062073 0.0327712 0.0443905 0.0601378 0.0353278 0.0315671 0.0567423 0.039732
0.0359721 0.0342266 0.062204 0.0514236 0.0609313 0.0700919 0.06766 0.0282424 0.062073 0.0327712 0.0443905 0.0601378 0.0353278 0.0315671 0.0567423 0.039732
0.0428564 0.0412653 0.0744923 0.0613259 0.0732328 0.0834928 0.0811694 0.0333035 0.0743389 0.0374077 0.0533475 0.0710045 0.0410001 0.0375389 0.0678117 0.0476528
0.0359721 0.0342266 0.062204 0.0514236 0.0609313 0.0700919 0.06766 0.0282424 0.062073 0.0327712 0.0443905 0.0601378 0.0353278 0.0315671 0.0567423 0.039732
0.0562176 0.0534321 0.100051 0.0809686 0.0972174 0.113932 0.10992 0.0433204 0.0998496 0.0497036 0.0703787 0.0950397 0.0544457 0.0499167 0.0903419 0.0621634
loop 23
0.0574948 0.0556915 0.0999408 0.0826319 0.0987457 0.114727 0.111937 0.0461066 0.101698 0.0509484 0.0715136 0.0960596 0.0552384 0.0512021 0.0922337 0.0631113
0.0470736 0.0434838 0.0786565 0.0646313 0.0770691 0.089332 0.0865783 0.0367905 0.0784864 0.0419379 0.0566949 0.0744288 0.0448265 0.0404805 0.0724269 0.0513112
0.0574948 0.0556915 0.0999408 0.0826319 0.0987457 0.114727 0.111937 0.0461066 0.101698 0.0509484 0.0715136 0.0960596 0.0552384 0.0512021 0.0922337 0.0631113
0.0354744 0.0340605 0.0623862 0.0519938 0.0613481 0.0705222 0.0684288 0.02805 0.0622647 0.0317322 0.0448145 0.0593334 0.0349701 0.0318865 0.0564551 0.0397615
0.04415 0.0413712 0.0772318 0.0631213 0.07603 0.0874709 0.0852288 0.0350762 0.0770788 0.0389628 0.0541157 0.073874 0.0423839 0.0391012 0.0693273 0.0487177
0.0566805 0.0539225 0.100232 0.0828093 0.0990576 0.115739 0.111743 0.0451904 0.101702 0.0502149 0.0707379 0.0968832 0.054927 0.050423 0.0921936 0.0625956
0.04415 0.0413712 0.0772318 0.0631213 0.07603 0.0874709 0.0852288 0.0350762 0.0770788 0.0389628 0.0541157 0.073874 0.0423839 0.0391012 0.0693273 0.0487177
0.030625 0.0290189 0.0519837 0.0435217 0.0508706 0.0592261 0.0569991 0.0235206 0.0518741 0.0264546 0.0370679 0.0501189 0.0287954 0.0265761 0.0470244 0.0328175
0.0354744 0.0340605 0.0623862 0.0519938 0.0613481 0.0705222 0.0684288 0.02805 0.0622647 0.0317322 0.0448145 0.0593334 0.0349701 0.0318865 0.0564551 0.0397615
0.0354744 0.0340605 0.0623862 0.0519938 0.0613481 0.0705222 0.0684288 0.02805 0.0622647 0.0317322 0.0448145 0.0593334 0.0349701 0.0318865 0.0564551 0.0397615
0.115876 0.11015 0.199795 0.165991 0.198269 0.223725 0.219339 0.0918036 0.199351 0.102317 0.144934 0.190543 0.112208 0.102856 0.18113 0.128177
0.0359608 0.0342136 0.0621916 0.0514093 0.060913 0.0700771 0.0676388 0.0282346 0.0620605 0.0327592 0.044379 0.0601201 0.0353142 0.0315579 0.0567314 0.039719
0.0359608 0.0342136 0.0621916 0.0514093 0.060913 0.0700771 0.0676388 0.0282346 0.0620605 0.0327592 0.044379 0.0601201 0.0353142 0.0315579 0.0567314 0.039719
0.0427868 0.0412 0.0743841 0.0612363 0.0731267 0.0833655 0.0810571 0.0332473 0.0742306 0.0373471 0.0532688 0.0709029 0.0409348 0.0374783 0.0677087 0.0462076
0.0359608 0.0342136 0.0621916 0.0514093 0.060913 0.0700771 0.0676388 0.0282346 0.0620605 0.0327592 0.044379 0.0601201 0.0353142 0.0315579 0.0567314 0.039719
0.0566805 0.0539225 0.100232 0.0828093 0.0990576 0.115739 0.111743 0.0451904 0.101702 0.0502149 0.0707379 0.0968832 0.054927 0.050423 0.0921936 0.0625956
loop 24
0.0573885 0.0556958 0.0999408 0.0826319 0.0987457 0.114727 0.111937 0.0461098 0.101698 0.0509484 0.0715136 0.0960596 0.0551382 0.0512059 0.0922337 0.0631113
0.0449564 0.0413985 0.0745941 0.0624665 0.0748765 0.0852115 0.0824735 0.0347211 0.076233 0.0398272 0.0545371 0.0722366 0.042707 0.038409 0.068445 0.0491767
0.0573885 0.0556958 0.0999408 0.0826319 0.0987457 0.114727 0.111937 0.0461098 0.101698 0.0509484 0.0715136 0.0960596 0.0551382 0.0512059 0.0922337 0.0631113
0.0355176 0.0341042 0.0624591 0.0520562 0.0614194 0.0706086 0.0685025 0.0280875 0.0623376 0.0317746 0.0448699 0.0594015 0.0338385 0.0307813 0.0565186 0.0398122
0.0467754 0.0439835 0.0813865 0.0671957 0.0801574 0.0916608 0.0894136 0.036467 0.0812322 0.0415909 0.0581363 0.0780092 0.0450105 0.0404521 0.0734322 0.0513429
0.0604286 0.0575545 0.10584 0.0860678 0.104595 0.120161 0.116019 0.0470538 0.105632 0.0536906 0.0751104 0.100643 0.0571488 0.052482 0.0957935 0.0666061
0.0467754 0.0439835 0.0813865 0.0671957 0.0801574 0.0916608 0.0894136 0.036467 0.0812322 0.0415909 0.0581363 0.0780092 0.0450105 0.0404521 0.0734322 0.0513429
0.0304225 0.0288207 0.0531225 0.0432767 0.0519946 0.060395 0.0581568 0.0245002 0.05301 0.0274551 0.0381309 0.0512437 0.0298084 0.0263918 0.0481376 0.0338518
0.0355176 0.0341009 0.0624591 0.0520562 0.0614194 0.0706086 0.0685025 0.0280875 0.0623376 0.0317746 0.0448699 0.0594015 0.0338385 0.0307813 0.0565186 0.0398122
0.0355176 0.0341042 0.0624591 0.0520562 0.0614194 0.0706086 0.0685025 0.0280875 0.0623376 0.0317746 0.0448699 0.0594015 0.0338385 0.0307813 0.0565186 0.0398122
0.115853 0.110128 0.199768 0.16596 0.198216 0.223693 0.219293 0.0917832 0.199324 0.102297 0.144901 0.190493 0.112185 0.102831 0.181095 0.128156
0.0359552 0.0342084 0.0621916 0.0514093 0.060913 0.0700771 0.0692661 0.0282327 0.0620605 0.0327544 0.0443751 0.060126 0.0353088 0.0315533 0.0567314 0.039719
0.0359552 0.0342084 0.0621916 0.0514093 0.060913 0.0700771 0.0692661 0.0282327 0.0620605 0.0327544 0.0443751 0.060126 0.0353088 0.0315533 0.0567314 0.039719
0.0429629 0.0400454 0.0731091 0.0614774 0.0734095 0.0836838 0.0813632 0.0333878 0.0745194 0.0375019 0.0520658 0.0711738 0.0411039 0.0376331 0.066459 0.0463972
0.0359552 0.0342084 0.0621916 0.0514093 0.060913 0.0700771 0.0692661 0.0282327 0.0620605 0.0327544 0.0443751 0.060126 0.0353088 0.0315533 0.0567314 0.039719
0.0604286 0.0575545 0.10584 0.0860678 0.104595 0.120161 0.116019 0.0470538 0.105632 0.0536906 0.0751104 0.100643 0.0571488 0.052482 0.0957935 0.0666061
loop 25
0.0573931 0.0557002 0.0999512 0.0826398 0.0987559 0.11474 0.109923 0.0461131 0.101708 0.0509522 0.07152 0.0960694 0.0551426 0.0512098 0.0922429 0.0631167
0.0490577 0.0470283 0.0823784 0.0682746 0.0825923 0.0930456 0.0903041 0.0387835 0.0821962 0.0439385 0.0603357 0.0799286 0.0468125 0.0440075 0.0761201 0.0532899
0.0573931 0.0557002 0.0999512 0.0826398 0.0987559 0.11474 0.109923 0.0461131 0.101708 0.0509522 0.07152 0.0960694 0.0551426 0.0512098 0.0922429 0.0631167
0.0354996 0.0340874 0.0624348 0.0520375 0.0613957 0.0705798 0.0684841 0.0280725 0.0623133 0.0317595 0.0448498 0.0593788 0.0338217 0.0307638 0.0564974 0.0397911
0.0450724 0.042288 0.0781757 0.0640492 0.0769665 0.0884155 0.0861729 0.0347578 0.0780196 0.0398805 0.05504 0.074811 0.0433054 0.0400115 0.0717466 0.0496399
0.056704 0.0539183 0.0991553 0.0816067 0.0979832 0.113061 0.109048 0.0437299 0.0989712 0.0501565 0.0694428 0.0941488 0.0535211 0.0490044 0.0894505 0.0626959
0.0450724 0.042288 0.0781757 0.0640492 0.0769665 0.0884155 0.0861729 0.0347578 0.0780196 0.0398805 0.05504 0.074811 0.0433054 0.0400115 0.0717466 0.0496399
0.0306925 0.0290834 0.0520932 0.0436147 0.0509825 0.0593508 0.0571176 0.0235743 0.0519837 0.0265133 0.0371487 0.0502278 0.0288576 0.0266368 0.0471244 0.0328878
0.0354996 0.0340874 0.0624348 0.0520375 0.0613957 0.0705798 0.0684841 0.0280725 0.0623133 0.0317595 0.0448498 0.0593788 0.0338217 0.0307638 0.0564974 0.0397911
0.0354996 0.0340874 0.0624348 0.0520375 0.0613957 0.0705798 0.0684841 0.0280725 0.0623133 0.0317595 0.0448498 0.0593788 0.0338217 0.0307638 0.0564974 0.0397911
0.115853 0.110128 0.199781 0.16596 0.19823 0.223725 0.219323 0.0917832 0.199337 0.102297 0.144901 0.190518 0.112185 0.102831 0.181107 0.128156
0.0359692 0.0342214 0.0621978 0.0514188 0.0609191 0.0700845 0.0676529 0.0282482 0.0620667 0.0327688 0.0443867 0.060126 0.0353251 0.0315717 0.0567368 0.039732
0.0359692 0.0342214 0.0621978 0.0514188 0.0609191 0.0700845 0.0676529 0.0282482 0.0620667 0.0327688 0.0443867 0.060126 0.0353251 0.0315717 0.0567368 0.039732
0.0419404 0.0403394 0.0736304 0.060442 0.0723662 0.0826494 0.08032 0.033635 0.0734802 0.0377811 0.0524491 0.0701318 0.0414076 0.0379089 0.0669314 0.0467394
0.0359692 0.0342214 0.0621978 0.0514188 0.0609191 0.0700845 0.0676529 0.0282482 0.0620667 0.0327688 0.0443867 0.060126 0.0353251 0.0315717 0.0567368 0.039732
0.056704 0.0539183 0.0991553 0.0816067 0.0979832 0.113061 0.109048 0.0437299 0.0989712 0.0501565 0.0694428 0.0941488 0.0535211 0.0490044 0.0894505 0.0626959
loop 26
0.0573838 0.0556871 0.0999408 0.082624 0.0987457 0.114727 0.111925 0.0461033 0.101698 0.0509445 0.0715072 0.0960498 0.0551295 0.0511982 0.0922245 0.063106
0.0416055 0.0395974 0.0712448 0.059094 0.07152 0.0818928 0.079152 0.0328637 0.0728796 0.0379875 0.0511564 0.068877 0.0408962 0.0365912 0.0650812 0.0458278
0.0573838 0.0556871 0.0999408 0.082624 0.0987457 0.114727 0.111925 0.0461033 0.101698 0.0509445 0.0715072 0.0960498 0.0551295 0.0511982 0.0922245 0.063106
0.0354744 0.0340605 0.0623943 0.052 0.0613481 0.0705222 0.0684288 0.0280475 0.0622647 0.0317322 0.0448145 0.0593334 0.0349701 0.0318865 0.0564551 0.0397615
0.0432111 0.0417092 0.07629 0.0621642 0.0750757 0.0865293 0.0842761 0.0341385 0.07613 0.0392857 0.0545401 0.0729292 0.0414473 0.0381589 0.0698574 0.0477706
0.0580281 0.0552703 0.101717 0.0842532 0.100554 0.117289 0.113263 0.0451765 0.10318 0.0515419 0.0721336 0.0983765 0.0562688 0.0503956 0.0920377 0.0639654
0.0432111 0.0417092 0.07629 0.0621642 0.0750757 0.0865293 0.0842761 0.0341385 0.07613 0.0392857 0.0545401 0.0729292 0.0414473 0.0381589 0.0698574 0.0477706
0.0304825 0.0288852 0.053145 0.0433189 0.052033 0.0604151 0.058176 0.023413 0.0530325 0.0275165 0.0381761 0.0498856 0.0298636 0.0264566 0.048167 0.0339072
0.0354744 0.0340605 0.0623943 0.052 0.0613481 0.0705222 0.0684288 0.0280475 0.0622647 0.0317322 0.0448145 0.0593334 0.0349701 0.0318865 0.0564551 0.0397615
0.0354744 0.0340605 0.0623943 0.052 0.0613481 0.0705222 0.0684288 0.0280475 0.0622647 0.0317322 0.0448145 0.0593334 0.0349701 0.0318865 0.0564551 0.0397615
0.115859 0.110133 0.199768 0.16597 0.19823 0.223709 0.219308 0.0917832 0.199324 0.102297 0.144909 0.190518 0.112185 0.102831 0.181107 0.128156
0.036017 0.0342682 0.0622914 0.0514902 0.0610104 0.0701806 0.0677447 0.028285 0.0621541 0.0328121 0.0444482 0.0602149 0.035371 0.0316132 0.056819 0.0397873
0.036017 0.0342682 0.0622914 0.0514902 0.0610104 0.0701806 0.0677447 0.028285 0.0621541 0.0328121 0.0444482 0.0602149 0.035371 0.0316132 0.056819 0.0397873
0.0418293 0.0402352 0.073436 0.0602807 0.0721846 0.0824309 0.08011 0.0335479 0.0732858 0.0376802 0.0523068 0.0699496 0.0412999 0.0378114 0.066761 0.0466145
0.036017 0.0342682 0.0622914 0.0514902 0.0610104 0.0701806 0.0677447 0.028285 0.0621541 0.0328121 0.0444482 0.0602149 0.035371 0.0316132 0.056819 0.0397873
0.0580281 0.0552703 0.101717 0.0842532 0.100554 0.117289 0.113263 0.0451765 0.10318 0.0515419 0.0721336 0.0983765 0.0562688 0.0503956 0.0920377 0.0639654
loop 27
0.0573885 0.0556958 0.0999408 0.0826319 0.0987457 0.114727 0.111937 0.0461098 0.101698 0.0509484 0.0715136 0.0960596 0.0551382 0.0512059 0.0922337 0.0631113
0.0456562 0.04365 0.0788192 0.0647887 0.0772425 0.0876144 0.0848802 0.036949 0.0786491 0.0405563 0.0568475 0.0745941 0.0449889 0.0406462 0.0708032 0.0498721
0.0573885 0.0556958 0.0999408 0.0826319 0.0987457 0.114727 0.111937 0.0461098 0.101698 0.0509484 0.0715136 0.0960596 0.0551382 0.0512059 0.0922337 0.0631113
0.035514 0.0341009 0.0624591 0.0520499 0.0614115 0.070599 0.0685025 0.0280825 0.0623295 0.0317686 0.0448649 0.0594015 0.0338317 0.0307755 0.0565115 0.0398037
0.0441638 0.042654 0.077395 0.0632143 0.07617 0.0876524 0.0854038 0.0350502 0.077242 0.0389628 0.0541844 0.0740084 0.0423969 0.0390858 0.069451 0.0487497
0.0560384 0.053278 0.09972 0.0806982 0.0985606 0.113571 0.109576 0.0432028 0.0995328 0.0495544 0.0701402 0.0947437 0.0542754 0.0497729 0.0900534 0.0619637
0.0441638 0.042654 0.077395 0.0632143 0.07617 0.0876524 0.0854038 0.0350502 0.077242 0.0389628 0.0541844 0.0740084 0.0423969 0.0390858 0.069451 0.0487497
0.0305425 0.0289428 0.0532519 0.0434034 0.0521315 0.0590687 0.0582976 0.0234617 0.0531394 0.0275715 0.0382562 0.0499841 0.0299237 0.0265133 0.048265 0.0339772
0.035514 0.0341009 0.0624591 0.0520499 0.0614115 0.070599 0.0685025 0.0280825 0.0623538 0.0317686 0.0448649 0.0594015 0.0338317 0.0307755 0.0565115 0.0398037
0.035514 0.0341009 0.0624591 0.0520499 0.0614115 0.070599 0.0685025 0.0280825 0.0623295 0.0317686 0.0448649 0.0594015 0.0338317 0.0307755 0.0565115 0.0398037
0.115882 0.110155 0.199795 0.166001 0.198269 0.22374 0.219339 0.0918036 0.199351 0.102322 0.144934 0.190543 0.112208 0.102856 0.181142 0.128184
0.0366833 0.0349384 0.0643831 0.0535808 0.063104 0.0722748 0.069833 0.028996 0.0642453 0.0335025 0.0465142 0.0607487 0.0360479 0.0323031 0.0589152 0.0404319
0.0366833 0.0349384 0.0643831 0.0535808 0.063104 0.0722748 0.069833 0.028996 0.0642453 0.0335025 0.0465142 0.0607487 0.0360479 0.0323031 0.0589152 0.0404319
0.0427786 0.0411885 0.074357 0.0612157 0.0731002 0.0849705 0.082639 0.034505 0.075774 0.0386356 0.0532462 0.0708691 0.0409232 0.0374649 0.0676849 0.0475672
0.0366833 0.0349384 0.0643831 0.0535808 0.063104 0.0722748 0.069833 0.028996 0.0642453 0.0335025 0.0465142 0.0607487 0.0360479 0.0323031 0.0589152 0.0404319
0.0560384 0.053278 0.09972 0.0806982 0.0985606 0.113571 0.109576 0.0432028 0.0995328 0.0495544 0.0701402 0.0947437 0.0542754 0.0497729 0.0900534 0.0619637
loop 28
0.0573977 0.0557002 0.0999512 0.0826398 0.0987559 0.11474 0.109923 0.0461131 0.101708 0.0509522 0.07152 0.0960694 0.0551426 0.0512098 0.0922429 0.0631167
0.0501873 0.04815 0.0836325 0.0694998 0.083835 0.096236 0.093469 0.0398921 0.0853191 0.0450604 0.0615289 0.0811726 0.0479448 0.0451124 0.0773653 0.0544326
0.0573977 0.0557002 0.0999512 0.0826398 0.0987559 0.11474 0.109923 0.0461131 0.101708 0.0509522 0.07152 0.0960694 0.0551426 0.0512098 0.0922429 0.0631167
0.0355068 0.0340941 0.062451 0.0520437 0.0614036 0.0705894 0.0684933 0.0280775 0.0623214 0.0317655 0.0448548 0.0593864 0.0338284 0.0307696 0.0565044 0.0397995
0.0452962 0.0424928 0.0770176 0.064366 0.0773338 0.0888344 0.0865768 0.0349332 0.0783941 0.040075 0.0553152 0.0736627 0.0435164 0.0389436 0.0706026 0.0485472
0.0581501 0.0553036 0.102765 0.0849442 0.101563 0.116845 0.114531 0.0463648 0.104277 0.0515182 0.072579 0.0993477 0.0563562 0.0517263 0.0929072 0.0642003
0.0452962 0.0424928 0.0770176 0.064366 0.0773338 0.0888344 0.0865768 0.0349332 0.0783941 0.040075 0.0553152 0.0736627 0.0435164 0.0389436 0.0706026 0.0485472
0.0296139 0.0280145 0.0523122 0.0424673 0.0511957 0.0581312 0.0573548 0.023687 0.0521972 0.0266389 0.0373169 0.0490489 0.0289912 0.0267644 0.0473243 0.0330423
0.0355068 0.0340941 0.062451 0.0520437 0.0614036 0.0705894 0.0684933 0.0280775 0.0623214 0.0317655 0.0448548 0.0593864 0.0338284 0.0307696 0.0565044 0.0397995
0.0355068 0.0340941 0.062451 0.0520437 0.0614036 0.0705894 0.0684933 0.0280775 0.0623214 0.0317655 0.0448548 0.0593864 0.0338284 0.0307696 0.0565044 0.0397995
0.115882 0.110155 0.199795 0.166001 0.198269 0.22374 0.219339 0.0918077 0.199364 0.102322 0.144934 0.190556 0.112208 0.102856 0.181142 0.128184
0.036017 0.0342708 0.0622789 0.0514855 0.0610043 0.0701659 0.0677305 0.0282869 0.0621416 0.0314888 0.0444443 0.060209 0.035371 0.0316132 0.0568135 0.039784
0.036017 0.0342708 0.0622789 0.0514855 0.0610043 0.0701659 0.0677305 0.0282869 0.0621416 0.0314888 0.0444443 0.060209 0.035371 0.0316132 0.0568135 0.039784
0.0427254 0.0411346 0.0742848 0.0626291 0.0745916 0.084884 0.0825661 0.0344555 0.0757002 0.0385834 0.05319 0.0723575 0.0422024 0.0387157 0.0676216 0.0475053
0.036017 0.0342708 0.0622789 0.0514855 0.0610043 0.0701659 0.0677305 0.0282869 0.0621416 0.0314888 0.0444443 0.060209 0.035371 0.0316132 0.0568135 0.039784
0.0581501 0.0553036 0.102765 0.0849442 0.101563 0.116845 0.114531 0.0463648 0.104277 0.0515182 0.072579 0.0993477 0.0563562 0.0517263 0.0929072 0.0642003
loop 29
0.0573838 0.0556871 0.0999408 0.082624 0.0987457 0.114727 0.111925 0.0461033 0.101687 0.0509407 0.0715072 0.0960498 0.0551295 0.0511982 0.0922245 0.063106
0.0470213 0.0449954 0.0785825 0.0662854 0.0788044 0.0892436 0.0865021 0.0367377 0.0784124 0.0418883 0.0566301 0.0761484 0.0447712 0.0419612 0.0723481 0.0512755
0.0573838 0.0556871 0.0999408 0.082624 0.0987457 0.114727 0.111925 0.0461033 0.101687 0.0509407 0.0715072 0.0960498 0.0551295 0.0511982 0.0922245 0.063106
0.0354744 0.0340639 0.0623943 0.052 0.0613481 0.0705318 0.068438 0.02805 0.0622647 0.0317353 0.0448195 0.059341 0.0349736 0.0318896 0.0564551 0.0397615
0.045101 0.0423055 0.0783005 0.0641363 0.0770686 0.088551 0.0863036 0.0347643 0.0781444 0.0399004 0.0551104 0.0749188 0.0433323 0.0400274 0.0703589 0.0496837
0.0573632 0.0545349 0.102082 0.0826126 0.0991946 0.116214 0.112132 0.0455678 0.10188 0.0507321 0.071819 0.0969774 0.0555652 0.0509452 0.0921859 0.0634355
0.045101 0.0423055 0.0783005 0.0641363 0.0770686 0.088551 0.0863036 0.0347643 0.0781444 0.0399004 0.0551104 0.0749188 0.0433323 0.0400274 0.0703589 0.0496837
0.030315 0.0287217 0.0529481 0.0444617 0.0518194 0.0601932 0.0579648 0.0244173 0.05283 0.0273578 0.0379986 0.0510731 0.0297028 0.0274826 0.047971 0.0337352
0.0354744 0.0340639 0.0623943 0.052 0.0613481 0.0705318 0.068438 0.02805 0.0622647 0.0317353 0.0448195 0.059341 0.0349736 0.0318896 0.0564551 0.0397615
0.0354744 0.0340639 0.0623943 0.052 0.0613481 0.0705318 0.068438 0.02805 0.0622647 0.0317353 0.0448195 0.059341 0.0349736 0.0318896 0.0564551 0.0397615
0.115876 0.11015 0.199781 0.16598 0.198256 0.223709 0.219323 0.0917996 0.199337 0.102317 0.144934 0.190531 0.112208 0.102851 0.181119 0.128184
0.0360226 0.034276 0.0622852 0.051495 0.0610104 0.0701806 0.0677447 0.0282888 0.0621541 0.0314934 0.044452 0.0602209 0.0353764 0.0316178 0.0568245 0.0397873
0.0360226 0.034276 0.0622852 0.051495 0.0610104 0.0701806 0.0677447 0.0282888 0.0621541 0.0314934 0.044452 0.0602209 0.0353764 0.0316178 0.0568245 0.0397873
0.0441132 0.0411692 0.0760136 0.062742 0.074736 0.085057 0.0827222 0.034473 0.0758569 0.0386182 0.0532744 0.0724873 0.042246 0.0387435 0.0692793 0.0475672
0.0360226 0.034276 0.0622852 0.051495 0.0610104 0.0701806 0.0677447 0.0282888 0.0621541 0.0314934 0.044452 0.0602209 0.0353764 0.0316178 0.0568245 0.0397873
0.0573632 0.0545349 0.102082 0.0826126 0.0991946 0.116214 0.112132 0.0455678 0.10188 0.0507321 0.071819 0.0969774 0.0555652 0.0509452 0.0921859 0.0634355
loop 30
0.0573931 0.0556958 0.0999408 0.0826319 0.0987457 0.114727 0.111937 0.0461098 0.101698 0.0509484 0.0715136 0.0960596 0.0551382 0.0512059 0.0922337 0.0631113
0.0488679 0.0468438 0.0822121 0.0681165 0.0823942 0.0928668 0.0901237 0.038617 0.0838917 0.043766 0.0601593 0.0797394 0.046635 0.0438319 0.0759367 0.0531083
0.0573931 0.0556958 0.0999408 0.0826319 0.0987457 0.114727 0.111937 0.0461098 0.101698 0.0509484 0.0715136 0.0960596 0.0551382 0.0512059 0.0922337 0.0631113
0.0355068 0.0340941 0.0624429 0.0520437 0.0613957 0.0705798 0.0684841 0.0280775 0.0623133 0.0317625 0.0448548 0.0593864 0.033825 0.0307696 0.0564974 0.0397953
0.044284 0.0414979 0.0774256 0.063284 0.07622 0.0876766 0.0854271 0.033966 0.0772726 0.0390858 0.0542655 0.0740564 0.0425102 0.0392242 0.0694951 0.0488616
0.0582433 0.0540624 0.102149 0.083034 0.0993024 0.116022 0.112013 0.0453152 0.101955 0.0503518 0.0724378 0.0971338 0.0550768 0.0505599 0.0924405 0.0627546
0.044284 0.0414979 0.0774256 0.063284 0.07622 0.0876766 0.0854271 0.033966 0.0772726 0.0390858 0.0542655 0.0740564 0.0425102 0.0392242 0.0694951 0.0488616
0.03082 0.0292078 0.0522903 0.0437837 0.0511744 0.0595739 0.0573361 0.0236786 0.0521753 0.0266287 0.0373 0.0504196 0.0289774 0.0267563 0.0473053 0.0330254
0.0355068 0.0340941 0.0624429 0.0520437 0.0613957 0.0705798 0.0684841 0.0280775 0.0623133 0.0317625 0.0448548 0.0593864 0.033825 0.0307696 0.0564974 0.0398037
0.0355068 0.0340941 0.0624429 0.0520437 0.0613957 0.0705798 0.0684841 0.0280775 0.0623133 0.0317625 0.0448548 0.0593864 0.033825 0.0307696 0.0564974 0.0397953
0.11587 0.110144 0.199808 0.16597 0.198256 0.22374 0.219339 0.0917996 0.199364 0.102312 0.144918 0.190531 0.112202 0.102851 0.181119 0.128177
0.0360114 0.034263 0.0622665 0.0514759 0.0609921 0.0701585 0.0677235 0.0282733 0.0621354 0.0328073 0.0444366 0.0601971 0.0353656 0.0316017 0.0568025 0.039771
0.0360114 0.034263 0.0622665 0.0514759 0.0609921 0.0701585 0.0677235 0.0282733 0.0621354 0.0328073 0.0444366 0.0601971 0.0353656 0.0316017 0.0568025 0.039771
0.0429916 0.0400714 0.0731621 0.0615188 0.0734625 0.0837474 0.0814244 0.0334074 0.0745736 0.0375254 0.0520987 0.0712246 0.0411308 0.0376566 0.0665055 0.0464296
0.0360114 0.034263 0.0622665 0.0514759 0.0609921 0.0701585 0.0677235 0.0282733 0.0621354 0.0328073 0.0444366 0.0601971 0.0353656 0.0316017 0.0568025 0.039771
0.0582433 0.0540624 0.102149 0.083034 0.0993024 0.116022 0.112013 0.0453152 0.101955 0.0503518 0.0724378 0.0971338 0.0550768 0.0505599 0.0924405 0.0627546
loop 31
0.0573931 0.0557002 0.0999512 0.0826398 0.0987559 0.11474 0.109923 0.0461131 0.101708 0.0509522 0.07152 0.0960694 0.0551426 0.0512098 0.0922429 0.0631167
0.0476676 0.0456562 0.0808086 0.068518 0.0810255 0.0914412 0.0887046 0.0374625 0.0824735 0.0425769 0.0588686 0.078368 0.0470179 0.0426555 0.0745734 0.0518881
0.0573931 0.0557002 0.0999512 0.0826398 0.0987559 0.11474 0.109923 0.0461131 0.101708 0.0509522 0.07152 0.0960694 0.0551426 0.0512098 0.0922429 0.0631167
0.0355284 0.0341143 0.0624753 0.0520687 0.0614274 0.0706182 0.068521 0.028095 0.0623457 0.0317837 0.04488 0.0594166 0.0338452 0.0307871 0.0565327 0.0398206
0.0448867 0.0433907 0.0794826 0.065286 0.0782485 0.0897523 0.0875072 0.0358199 0.0793235 0.0397059 0.0562343 0.0761 0.0431258 0.0398369 0.0715254 0.0494483
0.0573759 0.053195 0.099648 0.0821803 0.0984756 0.113469 0.109478 0.0444366 0.101111 0.0494798 0.0700783 0.094663 0.0542084 0.0496876 0.0899781 0.0619045
0.0448867 0.0433907 0.0794826 0.065286 0.0782485 0.0897523 0.0875072 0.0358199 0.0793235 0.0397059 0.0562343 0.0761 0.0431258 0.0398369 0.0715254 0.0494483
0.0307025 0.0290926 0.0521041 0.0436274 0.0509932 0.0593639 0.0571364 0.0235811 0.0519946 0.0265214 0.0371587 0.0502381 0.0288668 0.026647 0.0471387 0.032899
0.0355284 0.0341143 0.0624753 0.0520687 0.0614274 0.0706182 0.068521 0.028095 0.0623457 0.0317837 0.04488 0.0594166 0.0338452 0.0307871 0.0565327 0.0398206
0.0355284 0.0341143 0.0624753 0.0520687 0.0614274 0.0706182 0.068521 0.028095 0.0623457 0.0317837 0.04488 0.0594166 0.0338452 0.0307871 0.0565327 0.0398206
0.115853 0.110128 0.199781 0.16597 0.19823 0.223709 0.219308 0.0917791 0.199337 0.102297 0.144901 0.190506 0.112185 0.102831 0.181107 0.128156
0.0360086 0.034263 0.0622665 0.0514759 0.0609921 0.0701585 0.0677235 0.0282753 0.0621354 0.0328073 0.0444366 0.0601971 0.0353629 0.031604 0.0568025 0.0397743
0.0360086 0.034263 0.0622665 0.0514759 0.0609921 0.0701585 0.0677235 0.0282753 0.0621354 0.0328073 0.0444366 0.0601971 0.0353629 0.031604 0.0568025 0.0397743
0.0428401 0.0412461 0.0744833 0.061319 0.0732239 0.0851111 0.0811592 0.033281 0.0743299 0.0386913 0.0533362 0.070996 0.0409847 0.0375153 0.0678038 0.0476386
0.0360086 0.034263 0.0622665 0.0514759 0.0609921 0.0701585 0.0677235 0.0282753 0.0621354 0.0328073 0.0444366 0.0601971 0.0353629 0.031604 0.0568025 0.0397743
0.0573759 0.053195 0.099648 0.0821803 0.0984756 0.113469 0.109478 0.0444366 0.101111 0.0494798 0.0700783 0.094663 0.0542084 0.0496876 0.0899781 0.0619045

work load: gap.mips vortex.mips gap.mips wupwise.mips vpr.mips swim.mips vpr.mips parser.mips wupwise.mips wupwise.mips bzip2.mips mcf.mips mcf.mips equake.mips mcf.mips swim.mips
