loop 0
0.115859	0.110133	0.199768	0.16596
0.0430682	0.040035	0.0728148	0.0608
0.0430682	0.040035	0.0728148	0.0608
0.0573931	0.0556958	0.0999512	0.0826398
loop 1
0.115847	0.110117	0.199781	0.16597
0.0419245	0.0402612	0.0731792	0.0596016
0.0419245	0.0402612	0.0731792	0.0596016
0.0573792	0.0556827	0.0999304	0.082624
loop 2
0.115847	0.110122	0.199768	0.16597
0.0420845	0.0390594	0.0718389	0.05982
0.0420845	0.0390594	0.0718389	0.05982
0.0573931	0.0556958	0.0999512	0.0826398
loop 3
0.11587	0.110144	0.199795	0.166001
0.042092	0.0390695	0.0718389	0.0598262
0.042092	0.0390695	0.0718389	0.0598262
0.0573931	0.0556958	0.0999512	0.0826398
loop 4
0.11587	0.110144	0.199808	0.166001
0.042118	0.0390897	0.0718713	0.0598512
0.042118	0.0390897	0.0718713	0.0598512
0.0573792	0.0556871	0.0999304	0.082624
loop 5
0.115876	0.11015	0.199781	0.16598
0.0420994	0.0390729	0.0718308	0.05982
0.0420994	0.0390729	0.0718308	0.05982
0.0573931	0.0556958	0.0999408	0.0826319
loop 6
0.11587	0.110144	0.199808	0.16597
0.0418836	0.040223	0.0730964	0.0595329
0.0418836	0.040223	0.0730964	0.0595329
0.0574948	0.0556915	0.0999408	0.0826319
loop 7
0.115853	0.110128	0.199768	0.16597
0.0429798	0.0399549	0.0742716	0.0606784
0.0429798	0.0399549	0.0742716	0.0606784
0.0573885	0.0556958	0.0999408	0.0826319
loop 8
0.115847	0.110122	0.199768	0.16596
0.0420733	0.0390527	0.0717822	0.0597825
0.0420733	0.0390527	0.0717822	0.0597825
0.0573931	0.0557002	0.0999512	0.0826398
loop 9
0.115853	0.110128	0.199768	0.16596
0.0420696	0.040404	0.0718065	0.0597888
0.0420696	0.040404	0.0718065	0.0597888
0.0573838	0.0556871	0.0999408	0.082624
loop 10
0.11587	0.110144	0.199795	0.166001
0.0420064	0.0403413	0.0717093	0.0597076
0.0420064	0.0403413	0.0717093	0.0597076
0.0573885	0.0556958	0.0999408	0.0826319
loop 11
0.11587	0.110139	0.199795	0.165991
0.0420473	0.0403796	0.071766	0.0597576
0.0420473	0.0403796	0.071766	0.0597576
0.0573977	0.0557002	0.0999512	0.0826398
loop 12
0.115865	0.110139	0.199795	0.166001
0.0421031	0.0390762	0.0718632	0.0598387
0.0421031	0.0390762	0.0718632	0.0598387
0.0573838	0.0556871	0.0999408	0.082624
loop 13
0.118579	0.112886	0.20515	0.17152
0.042051	0.0403866	0.0717498	0.0597513
0.042051	0.0403866	0.0717498	0.0597513
0.0573931	0.0556958	0.0999408	0.0826319
loop 14
0.115841	0.110117	0.199781	0.16595
0.0429336	0.0399097	0.0742124	0.0606208
0.0429336	0.0399097	0.0742124	0.0606208
0.0573931	0.0557002	0.0999512	0.0826398
loop 15
0.115888	0.110161	0.199822	0.166001
0.0418947	0.0402334	0.0731047	0.0595391
0.0418947	0.0402334	0.0731047	0.0595391
0.0573792	0.0556871	0.0999304	0.082624
loop 16
0.115882	0.110155	0.199795	0.166001
0.0422296	0.0391973	0.0720333	0.0599885
0.0422296	0.0391973	0.0720333	0.0599885
0.0575179	0.0557089	0.0999616	0.0826477
loop 17
0.115876	0.110155	0.199795	0.165991
0.0430566	0.0400245	0.0727734	0.0607616
0.0430566	0.0400245	0.0727734	0.0607616
0.0573931	0.0556958	0.0999512	0.0826398
loop 18
0.11587	0.110144	0.199781	0.16597
0.0419468	0.0402821	0.0732206	0.0596265
0.0419468	0.0402821	0.0732206	0.0596265
0.0573792	0.0556827	0.0999304	0.082624
loop 19
0.115859	0.110133	0.199795	0.16596
0.0421366	0.0391099	0.0719037	0.0598824
0.0421366	0.0391099	0.0719037	0.0598824
0.0573931	0.0556958	0.0999512	0.0826398
loop 20
0.115859	0.110133	0.199781	0.16597
0.0420324	0.0403692	0.0717417	0.0597389
0.0420324	0.0403692	0.0717417	0.0597389
0.0573931	0.0556958	0.0999512	0.0826398
loop 21
0.115847	0.110122	0.199781	0.16597
0.0419617	0.0402961	0.0732703	0.059664
0.0419617	0.0402961	0.0732703	0.059664
0.0573792	0.0556871	0.0999304	0.082624
loop 22
0.115882	0.110155	0.199808	0.166001
0.0419282	0.0402682	0.0731709	0.0595891
0.0419282	0.0402682	0.0731709	0.0595891
0.0573931	0.0556958	0.0999408	0.0826319
loop 23
0.115876	0.11015	0.199781	0.165991
0.0421329	0.0391031	0.0718875	0.0598637
0.0421329	0.0391031	0.0718875	0.0598637
0.0574948	0.0556915	0.0999408	0.0826319
loop 24
0.115876	0.11015	0.199795	0.16597
0.0420361	0.0403726	0.0717336	0.0597264
0.0420361	0.0403726	0.0717336	0.0597264
0.0573885	0.0556958	0.0999408	0.0826319
loop 25
0.115853	0.110128	0.199768	0.16597
0.0417422	0.0400907	0.0728645	0.0608512
0.0417422	0.0400907	0.0728645	0.0608512
0.0573931	0.0557002	0.0999512	0.0826398
loop 26
0.115847	0.110122	0.199768	0.16596
0.0420287	0.0403622	0.0717498	0.0597389
0.0420287	0.0403622	0.0717498	0.0597389
0.0573838	0.0556871	0.0999408	0.082624
loop 27
0.115859	0.110133	0.199768	0.16596
0.0409104	0.0392512	0.0721467	0.0600821
0.0409104	0.0392512	0.0721467	0.0600821
0.0573885	0.0556958	0.0999408	0.0826319
loop 28
0.115882	0.110155	0.199795	0.166001
0.0418538	0.0401916	0.0730881	0.0610304
0.0418538	0.0401916	0.0730881	0.0610304
0.0573977	0.0557002	0.0999512	0.0826398
loop 29
0.115876	0.110155	0.199808	0.165991
0.0421515	0.03912	0.0719199	0.0598886
0.0421515	0.03912	0.0719199	0.0598886
0.0573838	0.0556871	0.0999408	0.082624
loop 30
0.115876	0.11015	0.199781	0.166001
0.0419878	0.0403274	0.073262	0.0596702
0.0419878	0.0403274	0.073262	0.0596702
0.0573931	0.0556958	0.0999408	0.0826319
loop 31
0.115859	0.110133	0.199781	0.16597
0.0419245	0.0402612	0.0731626	0.0595891
0.0419245	0.0402612	0.0731626	0.0595891
0.0573931	0.0557002	0.0999512	0.0826398

work load: gzip.mips twolf.mips twolf.mips gap.mips
