loop 0
	0.221699	0.234404	0.188405	0.235578	1.4208	0.199764	0.171669	0.163489
	1.60247	2.33963	1.86063	1.1584	4.66377	1.00892	0.871791	1.60779
	0.106738	0.124161	0.115549	0.148235	1.13533	0.115535	0.0984024	0.0957564
	0.322529	0.36072	0.296557	0.36606	1.61151	0.315002	0.265753	0.249206
	0.154063	0.211138	0.167154	0.215826	1.75639	0.175709	0.15344	0.134743
	0.615153	0.561124	0.460073	0.5684	1.95067	0.489881	0.414936	0.392828
	1.60257	2.33963	1.86022	1.15856	4.66315	1.009	0.871857	1.60815
	0.243522	0.278717	0.227542	0.273436	1.58623	0.239071	0.203506	0.196875
loop 1
	0.236225	0.246657	0.200496	0.252086	1.44075	0.21247	0.1808	0.168594
	1.60257	2.33944	1.86022	1.15856	4.66377	1.009	0.871857	1.60815
	0.0995652	0.097218	0.0921354	0.119384	1.11294	0.0921173	0.0768845	0.0747786
	0.325655	0.363618	0.29519	0.364373	1.61325	0.313566	0.269017	0.252162
	0.153985	0.21099	0.161967	0.215727	1.75639	0.175621	0.153364	0.134688
	0.600858	0.552684	0.451789	0.55916	1.928	0.480964	0.406187	0.38431
	1.60247	2.33963	1.86049	1.1584	4.66377	1.00887	0.871791	1.60779
	0.258186	0.286393	0.23536	0.286013	1.5955	0.242532	0.207464	0.200632
loop 2
	0.225684	0.239173	0.193074	0.244458	1.43051	0.204663	0.176758	0.164705
	1.61182	2.33889	1.85953	1.15777	4.66315	1.00828	0.880861	1.60767
	0.142492	0.150755	0.133829	0.168977	1.29751	0.134698	0.115537	0.111034
	0.322263	0.360388	0.292611	0.365967	1.60939	0.3103	0.265851	0.249595
	0.154526	0.211385	0.162263	0.216088	1.75639	0.17594	0.153646	0.134957
	0.61505	0.569816	0.463409	0.576549	1.94646	0.492907	0.418107	0.395872
	1.61202	2.33889	1.85967	1.15793	4.66315	1.00845	0.880995	1.60767
	0.241132	0.276066	0.224914	0.270779	1.58673	0.23628	0.200616	0.194205
loop 3
	0.223414	0.236067	0.193819	0.241293	1.42577	0.20552	0.173351	0.165386
	1.61192	2.33889	1.85967	1.15793	4.66315	1.00845	0.880962	1.60767
	0.18077	0.212564	0.17165	0.21722	1.42146	0.179161	0.153272	0.147081
	0.324979	0.362705	0.294516	0.367615	1.61032	0.312273	0.267926	0.251723
	0.154036	0.211105	0.162002	0.215798	1.75639	0.175678	0.153416	0.134718
	0.623903	0.57009	0.469146	0.581695	1.95577	0.498541	0.423953	0.396566
	1.61182	2.33889	1.85953	1.15772	4.66315	1.00828	0.880828	1.60767
	0.2411	0.276011	0.224893	0.275554	1.58086	0.23625	0.200585	0.194533
loop 4
	0.228326	0.241332	0.19521	0.24665	1.43101	0.207008	0.179176	0.166962
	1.61202	2.33889	1.85981	1.15788	4.66254	1.00841	0.880928	1.60779
	0.14305	0.17665	0.14181	0.180103	1.33514	0.147623	0.125616	0.12231
	0.331778	0.367048	0.299215	0.372027	1.61469	0.316966	0.272938	0.256542
	0.15396	0.211155	0.16721	0.215694	1.75639	0.1813	0.153337	0.134791
	0.579328	0.534932	0.437724	0.54151	1.92604	0.462079	0.391377	0.373715
	1.61192	2.33889	1.85967	1.15793	4.66315	1.00841	0.880962	1.60767
	0.245383	0.275738	0.224685	0.275281	1.58086	0.23601	0.200376	0.194516
loop 5
	0.231042	0.243691	0.197741	0.249262	1.4375	0.209666	0.177967	0.169373
	1.60257	2.33908	1.86063	1.15846	4.66377	1.00892	0.871791	1.60779
	0.178359	0.237378	0.201773	0.247022	1.20068	0.206496	0.173216	0.170615
	0.312085	0.354092	0.286224	0.354617	1.60541	0.303784	0.259216	0.243308
	0.154072	0.211149	0.162025	0.215842	1.75639	0.175721	0.153452	0.134749
	0.661543	0.597947	0.4943	0.605454	2.00017	0.522253	0.442938	0.41788
	1.60267	2.33963	1.86036	1.15856	4.66315	1.009	0.87189	1.60827
	0.245491	0.275874	0.224747	0.275424	1.5811	0.23612	0.200477	0.194559
loop 6
	0.231681	0.241332	0.195408	0.246859	1.437	0.207175	0.179325	0.166978
	1.60267	2.33963	1.86022	1.15856	4.66315	1.009	0.871857	1.60815
	0.222698	0.258137	0.211426	0.262815	1.42611	0.220923	0.187973	0.17965
	0.317215	0.359131	0.291121	0.36405	1.60488	0.308585	0.264305	0.248386
	0.154012	0.211231	0.161975	0.215765	1.75639	0.175648	0.153389	0.134797
	0.718733	0.643623	0.529982	0.656183	2.05134	0.562432	0.478284	0.450671
	1.60257	2.33908	1.86063	1.15846	4.66377	1.00892	0.871791	1.60779
	0.245231	0.275546	0.224331	0.275073	1.58086	0.23583	0.200229	0.193902
loop 7
	0.235656	0.246833	0.200745	0.248157	1.43949	0.208626	0.180986	0.168789
	1.60247	2.33944	1.86049	1.1584	4.66377	1.00887	0.871757	1.60767
	0.185036	0.245896	0.179512	0.221382	1.36526	0.18779	0.158534	0.14926
	0.317271	0.359629	0.29139	0.359823	1.59918	0.309098	0.264723	0.248688
	0.153936	0.211122	0.167182	0.215661	1.75617	0.181272	0.153316	0.13477
	0.692613	0.621892	0.513167	0.633802	2.03016	0.539919	0.460814	0.433984
	1.60257	2.33963	1.86022	1.15856	4.66315	1.009	0.871857	1.60815
	0.24522	0.275546	0.224435	0.275073	1.58086	0.23582	0.200213	0.19385
loop 8
	0.236053	0.246218	0.200247	0.247662	1.43874	0.212372	0.180656	0.168467
	1.61202	2.33889	1.85967	1.15793	4.66315	1.00845	0.880995	1.60767
	0.152594	0.215773	0.1579	0.199534	1.23616	0.164854	0.141483	0.136008
	0.324187	0.362153	0.293787	0.366913	1.60461	0.311465	0.267261	0.251108
	0.154006	0.21122	0.167222	0.215749	1.75617	0.175644	0.153386	0.134794
	0.83621	0.730824	0.605541	0.745002	2.14344	0.635113	0.541692	0.507832
	1.60247	2.33944	1.86049	1.1584	4.66377	1.00887	0.871724	1.60815
	0.244344	0.274957	0.223925	0.274476	1.58698	0.23529	0.199756	0.193478
loop 9
	0.239059	0.246759	0.200475	0.247917	1.43899	0.212491	0.180791	0.168493
	1.61182	2.33889	1.85953	1.15772	4.66315	1.00828	0.880828	1.60767
	0.15445	0.218684	0.1649	0.205583	1.24697	0.172003	0.144835	0.138906
	0.317571	0.359653	0.291875	0.360028	1.61005	0.309398	0.264974	0.24899
	0.153991	0.211204	0.167218	0.215738	1.75617	0.175629	0.153371	0.134782
	0.832274	0.734413	0.604794	0.748602	2.14417	0.638926	0.540209	0.51226
	1.61202	2.33889	1.85967	1.15793	4.66315	1.00845	0.880995	1.60767
	0.244885	0.275395	0.224289	0.274904	1.58698	0.23565	0.200074	0.193764
loop 10
	0.238777	0.246335	0.200161	0.251798	1.43924	0.212167	0.180512	0.171994
	1.61192	2.33889	1.85967	1.15793	4.66315	1.00841	0.880962	1.60731
	0.132135	0.202855	0.136909	0.174458	1.25411	0.143112	0.121778	0.116283
	0.32496	0.362177	0.294188	0.367194	1.60594	0.311806	0.26753	0.251415
	0.153921	0.2111	0.167166	0.215634	1.75639	0.181252	0.153298	0.134755
	0.828982	0.731838	0.602002	0.740325	2.13438	0.636004	0.537225	0.509062
	1.61182	2.33889	1.85953	1.15772	4.66315	1.00828	0.880828	1.60767
	0.244831	0.275532	0.224352	0.275073	1.58648	0.2358	0.200198	0.193729
loop 11
	0.238602	0.246335	0.200193	0.251741	1.43849	0.212145	0.180495	0.171882
	1.60267	2.33963	1.86036	1.15856	4.66315	1.009	0.87189	1.60827
	0.152601	0.215721	0.161343	0.199311	1.23659	0.168448	0.141337	0.135862
	0.32152	0.363498	0.295063	0.363888	1.60779	0.313171	0.268677	0.247954
	0.153982	0.211187	0.167194	0.215716	1.75617	0.181328	0.153361	0.134773
	0.846803	0.741976	0.61124	0.755976	2.15653	0.646211	0.547544	0.518756
	1.61202	2.33853	1.85967	1.15793	4.66315	1.00845	0.880962	1.60743
	0.244647	0.27508	0.22405	0.274566	1.58673	0.23537	0.199826	0.193738
loop 12
	0.240215	0.251973	0.20168	0.253187	1.44398	0.213731	0.18226	0.173795
	1.60247	2.33963	1.86063	1.15846	4.66377	1.00892	0.871791	1.60779
	0.151028	0.219035	0.165078	0.205715	1.24719	0.172198	0.144997	0.139056
	0.321825	0.363426	0.294771	0.363726	1.60779	0.312991	0.268521	0.251913
	0.159049	0.210793	0.166881	0.215322	1.75595	0.180967	0.153053	0.134504
	0.853663	0.742183	0.610751	0.751034	2.15884	0.646749	0.547964	0.51845
	1.60267	2.33963	1.86036	1.15856	4.66315	1.009	0.87189	1.60815
	0.258317	0.286583	0.235507	0.286166	1.59625	0.242649	0.207563	0.201093
loop 13
	0.255877	0.260806	0.214654	0.266606	1.45925	0.223422	0.192282	0.179411
	1.60257	2.33963	1.86022	1.15856	4.66315	1.009	0.871857	1.60815
	0.135059	0.205578	0.139284	0.176932	1.2595	0.145593	0.124307	0.118721
	0.321234	0.363066	0.295063	0.363495	1.6062	0.312901	0.268478	0.248054
	0.154456	0.21145	0.16219	0.215995	1.75639	0.175859	0.153576	0.135
	0.84613	0.735162	0.6041	0.744666	2.16069	0.640249	0.541239	0.51166
	1.60247	2.33963	1.86063	1.15846	4.66377	1.00892	0.871791	1.60779
	0.240856	0.27208	0.224445	0.275632	1.58086	0.23643	0.20074	0.1943
loop 14
	0.245169	0.257078	0.206929	0.258691	1.45025	0.219477	0.188009	0.175238
	1.61182	2.33889	1.85994	1.15777	4.66315	1.00832	0.880861	1.60767
	0.152877	0.215955	0.157846	0.199439	1.23681	0.164808	0.141447	0.135959
	0.321329	0.362946	0.294698	0.362918	1.60541	0.312345	0.268011	0.247709
	0.153966	0.211166	0.167178	0.215694	1.75639	0.181308	0.153343	0.134761
	0.847896	0.741838	0.611511	0.755839	2.1498	0.646103	0.547544	0.514322
	1.60257	2.33963	1.86022	1.15851	4.66315	1.00896	0.871857	1.60815
	0.245134	0.276504	0.224289	0.275359	1.58086	0.23618	0.200523	0.193867
loop 15
	0.244801	0.254457	0.204417	0.25596	1.44873	0.216608	0.185176	0.17633
	1.61202	2.33889	1.85967	1.15793	4.66315	1.00845	0.880995	1.60767
	0.149363	0.216805	0.163141	0.203806	1.24269	0.170206	0.142895	0.137006
	0.32013	0.362009	0.294042	0.366725	1.60488	0.316094	0.267232	0.251269
	0.154015	0.211034	0.167115	0.215771	1.75639	0.175655	0.153392	0.134712
	0.861594	0.748599	0.618133	0.763241	2.17046	0.653403	0.554852	0.520424
	1.61182	2.33889	1.85967	1.15777	4.66315	1.00832	0.880861	1.60767
	0.245026	0.276354	0.224196	0.27519	1.5811	0.23605	0.200407	0.193651
loop 16
	0.24732	0.256406	0.206437	0.25798	1.45323	0.218802	0.187476	0.178495
	1.61182	2.33889	1.85953	1.15772	4.66315	1.00828	0.880828	1.60755
	0.134737	0.205017	0.13878	0.176336	1.25411	0.145047	0.12384	0.118291
	0.331416	0.37104	0.301943	0.375821	1.61496	0.320537	0.271957	0.255347
	0.15455	0.211417	0.162163	0.216127	1.75639	0.175967	0.15367	0.134979
	0.848927	0.740454	0.611294	0.755221	2.1581	0.645565	0.546997	0.518362
	1.61192	2.33889	1.85967	1.15793	4.66315	1.00845	0.880962	1.60767
	0.245491	0.272026	0.224466	0.275567	1.58135	0.23635	0.20067	0.193945
loop 17
	0.246874	0.256078	0.206185	0.257692	1.4462	0.218493	0.187197	0.174607
	1.60257	2.33908	1.86022	1.15851	4.66377	1.00896	0.871824	1.60779
	0.149919	0.216253	0.15814	0.195928	1.23702	0.165118	0.141715	0.136221
	0.317928	0.359629	0.291085	0.359868	1.59786	0.309009	0.264667	0.248602
	0.154063	0.211138	0.167154	0.215826	1.75639	0.175709	0.15344	0.134743
	0.852384	0.739209	0.608471	0.753505	2.14843	0.644058	0.545611	0.516615
	1.61182	2.33889	1.85953	1.15772	4.66254	1.00828	0.880828	1.60767
	0.245091	0.276531	0.2243	0.275333	1.58135	0.23612	0.200477	0.193772
loop 18
	0.244688	0.251035	0.204911	0.256556	1.44772	0.21708	0.185591	0.173053
	1.60267	2.33963	1.86022	1.15856	4.66315	1.009	0.871857	1.60815
	0.149613	0.217124	0.159766	0.204044	1.2429	0.166682	0.143138	0.137231
	0.324322	0.361336	0.296898	0.366327	1.60435	0.315566	0.266737	0.250273
	0.153985	0.21099	0.161967	0.215727	1.75639	0.175621	0.153364	0.134688
	0.891423	0.76997	0.632786	0.779506	2.20089	0.663918	0.565538	0.530953
	1.60257	2.33908	1.86022	1.15846	4.66377	1.00896	0.871824	1.60779
	0.245123	0.271865	0.224331	0.275372	1.58086	0.23617	0.200515	0.19372
loop 19
	0.250039	0.252828	0.206746	0.258297	1.45246	0.219031	0.187675	0.175148
	1.60247	2.33963	1.86063	1.1584	4.66377	1.00892	0.871791	1.60779
	0.131605	0.204926	0.138703	0.176311	1.25411	0.14497	0.123775	0.118231
	0.321177	0.358064	0.293823	0.362848	1.59733	0.312057	0.263289	0.247248
	0.154526	0.211385	0.162263	0.216088	1.75639	0.17594	0.153646	0.134957
	0.866595	0.753976	0.618133	0.763102	2.17795	0.653294	0.554766	0.525526
	1.60257	2.33963	1.86022	1.15856	4.66315	1.009	0.871857	1.60815
	0.240973	0.272255	0.224685	0.270996	1.58135	0.23657	0.200856	0.194352
loop 20
	0.252209	0.258684	0.208459	0.260054	1.45119	0.220881	0.189656	0.177104
	1.60257	2.33944	1.86022	1.15856	4.66377	1.009	0.871857	1.60815
	0.149984	0.216214	0.161287	0.199216	1.23192	0.1684	0.141307	0.135831
	0.322893	0.364991	0.295788	0.369851	1.60408	0.314418	0.270245	0.253489
	0.154036	0.211105	0.162002	0.215798	1.75639	0.175678	0.153416	0.134718
	0.842643	0.738609	0.608157	0.747453	2.16446	0.63771	0.544504	0.510974
	1.60247	2.33963	1.86049	1.1584	4.66377	1.00887	0.871791	1.60779
	0.245166	0.271865	0.224258	0.275411	1.58135	0.23622	0.200554	0.194153
loop 21
	0.257579	0.263209	0.217022	0.269096	1.459	0.226004	0.194904	0.181698
	1.61182	2.33889	1.85953	1.15777	4.66315	1.00828	0.880861	1.60767
	0.150496	0.214176	0.160703	0.201189	1.24333	0.167673	0.140334	0.138034
	0.323124	0.364748	0.295622	0.369448	1.60329	0.314126	0.270014	0.25337
	0.15396	0.211155	0.16721	0.215694	1.75639	0.1813	0.153337	0.134791
	0.863636	0.750933	0.62101	0.765663	2.17235	0.650501	0.552324	0.52379
	1.61202	2.33889	1.85967	1.15793	4.66315	1.00845	0.880995	1.60767
	0.245134	0.271865	0.224373	0.275398	1.5816	0.2362	0.200539	0.194248
loop 22
	0.252596	0.259382	0.209415	0.261023	1.45272	0.221896	0.19055	0.177712
	1.61192	2.33889	1.85967	1.15793	4.66315	1.00845	0.880962	1.60767
	0.134732	0.208016	0.141496	0.179259	1.25432	0.147884	0.126681	0.121029
	0.32324	0.36504	0.299929	0.3694	1.61085	0.318723	0.269928	0.253668
	0.154072	0.211149	0.162025	0.215842	1.75639	0.175721	0.153452	0.134749
	0.862545	0.742183	0.610643	0.757143	2.1851	0.647126	0.548342	0.513847
	1.61182	2.33889	1.85953	1.15772	4.66315	1.00828	0.880828	1.60767
	0.24469	0.276025	0.223904	0.274839	1.58135	0.2357	0.200113	0.193513
loop 23
	0.258348	0.261677	0.211755	0.263531	1.45696	0.22442	0.189177	0.180107
	1.61202	2.33889	1.85981	1.15788	4.66254	1.00841	0.880928	1.60779
	0.149965	0.216214	0.161097	0.198961	1.23192	0.168195	0.141131	0.135673
	0.32681	0.368429	0.298784	0.373228	1.61138	0.317706	0.273509	0.256421
	0.154012	0.211231	0.161975	0.215765	1.75639	0.175648	0.153389	0.134797
	0.877062	0.764136	0.626902	0.773151	2.19336	0.663117	0.564402	0.52962
	1.61192	2.33889	1.85967	1.15793	4.66315	1.00841	0.880962	1.60767
	0.258578	0.282557	0.235158	0.286166	1.59012	0.242745	0.207646	0.200291
loop 24
	0.257256	0.26108	0.211185	0.262797	1.45492	0.223695	0.188578	0.179646
	1.60257	2.33908	1.86063	1.15846	4.66377	1.00892	0.871791	1.60779
	0.148367	0.211552	0.158268	0.198633	1.24398	0.165156	0.141436	0.135543
	0.326536	0.367985	0.298615	0.372748	1.61138	0.317391	0.27326	0.256361
	0.153936	0.211122	0.167182	0.215661	1.75617	0.181272	0.153316	0.13477
	0.859005	0.747141	0.610154	0.756388	2.18172	0.646534	0.547838	0.518668
	1.60267	2.33963	1.86036	1.15856	4.66315	1.009	0.87189	1.60827
	0.240824	0.272	0.224352	0.270805	1.5816	0.2364	0.200709	0.19385
loop 25
	0.257317	0.257652	0.211577	0.263219	1.46171	0.224064	0.188882	0.179909
	1.60267	2.33963	1.86022	1.15856	4.66315	1.009	0.871857	1.60815
	0.134748	0.207479	0.141331	0.179149	1.25411	0.147713	0.126538	0.120887
	0.320568	0.362321	0.293313	0.362479	1.60872	0.311788	0.267515	0.250859
	0.154006	0.21122	0.167222	0.215749	1.75617	0.175644	0.153386	0.134794
	0.863669	0.747768	0.610914	0.756663	2.18359	0.646642	0.553323	0.519149
	1.60257	2.33908	1.86063	1.15846	4.66377	1.00892	0.871791	1.60779
	0.245329	0.272	0.224445	0.270805	1.5811	0.23639	0.200701	0.193902
loop 26
	0.269385	0.268304	0.21819	0.274194	1.47122	0.231023	0.196138	0.18668
	1.60247	2.33944	1.86049	1.1584	4.66377	1.00887	0.871757	1.60767
	0.149427	0.215799	0.160511	0.19825	1.23171	0.167585	0.140601	0.135174
	0.32907	0.367862	0.298896	0.372676	1.61549	0.31741	0.273318	0.256588
	0.153991	0.211204	0.167218	0.215738	1.75617	0.175629	0.153371	0.134782
	0.885338	0.767316	0.629655	0.781732	2.21256	0.665996	0.567435	0.532768
	1.60257	2.33963	1.86022	1.15856	4.66315	1.009	0.871857	1.60815
	0.240729	0.272121	0.22455	0.27092	1.58086	0.2365	0.200794	0.193911
loop 27
	0.264854	0.265507	0.215445	0.27127	1.46569	0.228173	0.197226	0.18419
	1.61202	2.33889	1.85967	1.15793	4.66315	1.00845	0.880995	1.60767
	0.145663	0.212365	0.158851	0.199247	1.23905	0.165776	0.141976	0.136053
	0.323202	0.361648	0.297212	0.366889	1.61058	0.316022	0.267176	0.250493
	0.153921	0.2111	0.167166	0.215634	1.75639	0.181252	0.153298	0.134755
	0.916383	0.793068	0.659685	0.807297	2.2277	0.691927	0.588192	0.551791
	1.60247	2.33944	1.86049	1.1584	4.66377	1.00887	0.871724	1.60815
	0.24162	0.272713	0.22508	0.271546	1.58185	0.232352	0.201282	0.194706
loop 28
	0.267403	0.270869	0.220904	0.27694	1.46749	0.234017	0.1991	0.189555
	1.61182	2.33889	1.85953	1.15772	4.66315	1.00828	0.880828	1.60767
	0.132442	0.204365	0.138579	0.176269	1.24893	0.14481	0.123637	0.118152
	0.320053	0.362321	0.293823	0.362733	1.60302	0.311914	0.267615	0.247205
	0.153982	0.211187	0.167194	0.215716	1.75617	0.181328	0.153361	0.134773
	0.899089	0.775978	0.63815	0.790455	2.23076	0.674428	0.575912	0.540786
	1.61202	2.33889	1.85967	1.15793	4.66315	1.00845	0.880995	1.60767
	0.240803	0.272201	0.224664	0.271022	1.5816	0.231882	0.200872	0.194507
loop 29
	0.265516	0.262668	0.216739	0.268467	1.46698	0.225411	0.194414	0.181477
	1.61192	2.33889	1.85967	1.15793	4.66315	1.00841	0.880962	1.60731
	0.150536	0.216357	0.161184	0.199046	1.23214	0.16829	0.14121	0.135746
	0.32583	0.364456	0.299929	0.369282	1.61005	0.318612	0.26987	0.253162
	0.159049	0.210793	0.166881	0.215322	1.75595	0.180967	0.153053	0.134504
	0.810219	0.706321	0.58239	0.7155	2.14548	0.611269	0.523177	0.49483
	1.61182	2.33889	1.85953	1.15772	4.66315	1.00828	0.880828	1.60767
	0.240835	0.272228	0.224695	0.271048	1.5816	0.231911	0.200895	0.194516
loop 30
	0.270816	0.268152	0.218353	0.274277	1.47071	0.231249	0.196314	0.18689
	1.60267	2.33963	1.86036	1.15856	4.66315	1.009	0.87189	1.60827
	0.143209	0.209669	0.156588	0.196941	1.2397	0.163429	0.13956	0.133714
	0.326007	0.364286	0.295991	0.369353	1.60872	0.318612	0.269842	0.253608
	0.154456	0.21145	0.16219	0.215995	1.75639	0.175859	0.153576	0.135
	0.911388	0.785214	0.648704	0.800085	2.22414	0.685027	0.581603	0.546146
	1.61202	2.33853	1.85967	1.15793	4.66315	1.00845	0.880962	1.60743
	0.240782	0.272161	0.224602	0.270984	1.5816	0.231852	0.200848	0.194135
loop 31
	0.264193	0.266156	0.216221	0.267854	1.46415	0.228949	0.193914	0.181055
	1.60247	2.33963	1.86063	1.15846	4.66377	1.00892	0.871791	1.60779
	0.125884	0.198185	0.132861	0.167923	1.27984	0.139937	0.11747	0.111295
	0.324805	0.363258	0.294097	0.363703	1.61032	0.312776	0.268408	0.251371
	0.153966	0.211166	0.167178	0.215694	1.75639	0.181308	0.153343	0.134761
	0.891242	0.777498	0.63982	0.791547	2.2186	0.676109	0.572362	0.538013
	1.60267	2.33963	1.86036	1.15856	4.66315	1.009	0.87189	1.60815
	0.241641	0.272726	0.22507	0.271558	1.58209	0.232372	0.201298	0.194378
loop 32
	0.267256	0.26609	0.216061	0.267725	1.47096	0.228727	0.193741	0.184474
	1.60257	2.33963	1.86022	1.15856	4.66315	1.009	0.871857	1.60815
	0.124532	0.200705	0.133877	0.17331	1.28747	0.140927	0.122147	0.11554
	0.322989	0.365259	0.296121	0.36518	1.60408	0.314564	0.27036	0.253742
	0.154015	0.211034	0.167115	0.215771	1.75639	0.175655	0.153392	0.134712
	0.928038	0.80472	0.660666	0.81921	2.23787	0.698052	0.594525	0.558155
	1.60247	2.33963	1.86063	1.15846	4.66377	1.00892	0.871791	1.60779
	0.241312	0.272349	0.22481	0.271162	1.58185	0.232019	0.200996	0.194222
loop 33
	0.27236	0.267426	0.221261	0.273129	1.46942	0.23012	0.1993	0.18615
	1.61182	2.33889	1.85994	1.15777	4.66315	1.00832	0.880861	1.60767
	0.135366	0.203211	0.140415	0.179504	1.28057	0.147762	0.125822	0.119425
	0.326399	0.368552	0.299347	0.368475	1.61085	0.317909	0.269237	0.252715
	0.15455	0.211417	0.162163	0.216127	1.75639	0.175967	0.15367	0.134979
	0.941678	0.806588	0.662009	0.821606	2.25955	0.699928	0.596189	0.559864
	1.60257	2.33963	1.86022	1.15851	4.66315	1.00896	0.871857	1.60815
	0.240909	0.272121	0.224612	0.27092	1.58135	0.23649	0.200794	0.194023
loop 34
	0.27473	0.272895	0.222842	0.278849	1.47469	0.236007	0.201235	0.188004
	1.61202	2.33889	1.85967	1.15793	4.66315	1.00845	0.880995	1.60767
	0.138581	0.204338	0.140286	0.178571	1.26515	0.147561	0.125986	0.120136
	0.330263	0.368059	0.302895	0.372916	1.61085	0.317447	0.273318	0.256194
	0.154063	0.211138	0.167154	0.215826	1.75639	0.175709	0.15344	0.134743
	0.753693	0.666305	0.545834	0.675056	2.12912	0.580182	0.495947	0.464184
	1.61182	2.33889	1.85967	1.15777	4.66315	1.00832	0.880861	1.60767
	0.258887	0.282902	0.235495	0.286542	1.597	0.243042	0.207911	0.200466
loop 35
	0.278192	0.275948	0.226002	0.282286	1.47676	0.239412	0.204584	0.190955
	1.61182	2.33889	1.85953	1.15772	4.66315	1.00828	0.880828	1.60755
	0.135653	0.20415	0.142094	0.18094	1.27119	0.149292	0.127548	0.12144
	0.333351	0.370516	0.30531	0.375164	1.61191	0.324491	0.275771	0.258686
	0.153985	0.21099	0.161967	0.215727	1.75639	0.175621	0.153364	0.134688
	0.912202	0.789601	0.652098	0.804214	2.23826	0.688511	0.584792	0.54914
	1.61192	2.33889	1.85967	1.15793	4.66315	1.00845	0.880962	1.60767
	0.241599	0.272713	0.225007	0.271533	1.58209	0.232343	0.201274	0.194698
loop 36
	0.277808	0.270423	0.220559	0.276416	1.47365	0.233494	0.19868	0.18554
	1.60257	2.33908	1.86022	1.15851	4.66377	1.00896	0.871824	1.60779
	0.139879	0.210057	0.141246	0.179589	1.27015	0.148559	0.127242	0.121372
	0.32734	0.36902	0.299347	0.36895	1.61138	0.318279	0.26951	0.25282
	0.154526	0.211385	0.162263	0.216088	1.75639	0.17594	0.153646	0.134957
	0.931017	0.795734	0.657334	0.811003	2.25994	0.694785	0.590758	0.554573
	1.61182	2.33889	1.85953	1.15772	4.66254	1.00828	0.880828	1.60767
	0.241662	0.272793	0.225195	0.271622	1.58259	0.232411	0.201336	0.19088
loop 37
	0.28243	0.278228	0.224428	0.280265	1.47841	0.237587	0.203024	0.19337
	1.60267	2.33963	1.86022	1.15856	4.66315	1.009	0.871857	1.60815
	0.140136	0.209252	0.145498	0.184301	1.26038	0.153075	0.131953	0.125894
	0.331436	0.370765	0.301467	0.371042	1.61362	0.320593	0.272044	0.254954
	0.154036	0.211105	0.162002	0.215798	1.75639	0.175678	0.153416	0.134718
	0.933804	0.802969	0.657274	0.81813	2.28133	0.695738	0.591645	0.555292
	1.60257	2.33908	1.86022	1.15846	4.66377	1.00896	0.871824	1.60779
	0.242066	0.273036	0.225392	0.271878	1.57647	0.232637	0.201538	0.190982
loop 38
	0.29015	0.284136	0.230057	0.286147	1.48898	0.243377	0.208889	0.195067
	1.60247	2.33963	1.86063	1.1584	4.66377	1.00892	0.871791	1.60779
	0.13663	0.208738	0.144779	0.183757	1.27162	0.152043	0.130732	0.124612
	0.327457	0.364237	0.299478	0.368855	1.61058	0.318242	0.269496	0.252864
	0.15396	0.211155	0.16721	0.215694	1.75639	0.1813	0.153337	0.134791
	0.934808	0.807211	0.662985	0.821838	2.25721	0.700352	0.596616	0.560499
	1.60257	2.33963	1.86022	1.15856	4.66315	1.009	0.871857	1.60815
	0.238585	0.273762	0.221607	0.272605	1.57672	0.233303	0.197558	0.191176
loop 39
	0.277861	0.270406	0.220393	0.276264	1.47971	0.233226	0.19845	0.189004
	1.60257	2.33944	1.86022	1.15856	4.66377	1.009	0.871857	1.60815
	0.143996	0.211244	0.147714	0.186836	1.26971	0.155522	0.130753	0.128185
	0.320073	0.362273	0.29324	0.36234	1.60435	0.311662	0.267402	0.250859
	0.154072	0.211149	0.162025	0.215842	1.75639	0.175721	0.153452	0.134749
	0.909112	0.791164	0.653972	0.805482	2.23055	0.684791	0.581418	0.546336
	1.60247	2.33963	1.86049	1.1584	4.66377	1.00887	0.871791	1.60779
	0.238585	0.273749	0.221443	0.272605	1.57696	0.233293	0.197558	0.190922
loop 40
	0.276414	0.273173	0.223115	0.274963	1.47867	0.23615	0.201378	0.188035
	1.61182	2.33889	1.85953	1.15777	4.66315	1.00828	0.880861	1.60767
	0.141407	0.211945	0.147623	0.18689	1.26559	0.155364	0.130627	0.128138
	0.320263	0.363018	0.294261	0.363403	1.60435	0.312506	0.268167	0.247464
	0.154012	0.211231	0.161975	0.215765	1.75639	0.175648	0.153389	0.134797
	0.947698	0.81314	0.665166	0.822468	2.27229	0.706927	0.59793	0.56233
	1.61202	2.33889	1.85967	1.15793	4.66315	1.00845	0.880995	1.60767
	0.238897	0.273897	0.221678	0.272759	1.57672	0.233421	0.197664	0.191143
loop 41
	0.288334	0.283821	0.229811	0.285931	1.4916	0.243281	0.208781	0.198648
	1.61192	2.33889	1.85967	1.15793	4.66315	1.00845	0.880962	1.60767
	0.140027	0.209555	0.145222	0.184619	1.26146	0.152941	0.131842	0.125682
	0.31699	0.35842	0.29406	0.363126	1.60275	0.312363	0.263553	0.24745
	0.153936	0.211122	0.167182	0.215661	1.75617	0.181272	0.153316	0.13477
	0.960273	0.816694	0.672277	0.826516	2.28878	0.71031	0.600903	0.5644
	1.61182	2.33889	1.85953	1.15772	4.66315	1.00828	0.880828	1.60767
	0.238501	0.273708	0.221515	0.272529	1.58259	0.233205	0.197475	0.190973
loop 42
	0.284893	0.281631	0.227622	0.28359	1.48526	0.24093	0.206303	0.192787
	1.61202	2.33889	1.85981	1.15788	4.66254	1.00841	0.880928	1.60779
	0.136744	0.209631	0.144991	0.184518	1.26723	0.152362	0.131006	0.124803
	0.320777	0.362417	0.293459	0.362687	1.60408	0.311968	0.267657	0.251049
	0.154006	0.21122	0.167222	0.215749	1.75617	0.175644	0.153386	0.134794
	0.606892	0.579896	0.475781	0.585976	1.88819	0.503267	0.429049	0.402276
	1.61192	2.33889	1.85967	1.15793	4.66315	1.00841	0.880962	1.60767
	0.242904	0.273574	0.221454	0.272414	1.58259	0.233107	0.197392	0.190965
loop 43
	0.286817	0.280246	0.230358	0.286596	1.48793	0.239786	0.205316	0.195586
	1.60257	2.33908	1.86063	1.15846	4.66377	1.00892	0.871791	1.60779
	0.145563	0.214593	0.149286	0.188845	1.26971	0.157207	0.13631	0.129958
	0.323414	0.360928	0.29662	0.365789	1.60408	0.315037	0.266269	0.249966
	0.153991	0.211204	0.167218	0.215738	1.75617	0.175629	0.153371	0.134782
	0.608108	0.589511	0.483526	0.600499	1.89603	0.512226	0.432825	0.410375
	1.60267	2.33963	1.86036	1.15856	4.66315	1.009	0.87189	1.60827
	0.242872	0.273534	0.22129	0.272376	1.58259	0.233078	0.197369	0.19121
loop 44
	0.290281	0.280282	0.230372	0.286488	1.48714	0.239611	0.205199	0.195521
	1.60267	2.33963	1.86022	1.15856	4.66315	1.009	0.871857	1.60815
	0.144764	0.212207	0.147898	0.187639	1.26602	0.155817	0.131011	0.128371
	0.321025	0.362153	0.293951	0.367053	1.60461	0.311573	0.267331	0.247392
	0.153921	0.2111	0.167166	0.215634	1.75639	0.181252	0.153298	0.134755
	0.62195	0.595107	0.489498	0.601184	1.90328	0.518424	0.439148	0.412136
	1.60257	2.33908	1.86063	1.15846	4.66377	1.00892	0.871791	1.60779
	0.242479	0.273291	0.221219	0.272133	1.58259	0.232862	0.19718	0.19132
loop 45
	0.286947	0.281358	0.227312	0.283272	1.48819	0.240459	0.205953	0.196105
	1.60247	2.33944	1.86049	1.1584	4.66377	1.00887	0.871757	1.60767
	0.142279	0.208774	0.148121	0.183966	1.26124	0.155981	0.131152	0.125032
	0.320796	0.357993	0.293842	0.362617	1.60222	0.311842	0.267572	0.247205
	0.153982	0.211187	0.167194	0.215716	1.75617	0.181328	0.153361	0.134773
	0.965431	0.802355	0.669963	0.812818	2.30907	0.696095	0.591831	0.561965
	1.60257	2.33963	1.86022	1.15856	4.66315	1.009	0.871857	1.60815
	0.255908	0.283838	0.2319	0.282609	1.59087	0.24389	0.208648	0.201665
loop 46
	0.292954	0.283747	0.229551	0.28559	1.49296	0.242843	0.208414	0.194785
	1.61202	2.33889	1.85967	1.15793	4.66315	1.00845	0.880995	1.60767
	0.137057	0.209952	0.145626	0.185229	1.26189	0.15328	0.13214	0.12604
	0.327457	0.368971	0.299741	0.368902	1.60647	0.318187	0.273918	0.253102
	0.159049	0.210793	0.166881	0.215322	1.75595	0.180967	0.153053	0.134504
	0.532207	0.530854	0.436558	0.540951	1.82458	0.462576	0.392384	0.372691
	1.60247	2.33944	1.86049	1.1584	4.66377	1.00887	0.871724	1.60815
	0.241769	0.272699	0.225049	0.271469	1.58135	0.232284	0.201236	0.194369
loop 47
	0.30078	0.293784	0.239849	0.296268	1.50515	0.253963	0.215619	0.205263
	1.61182	2.33889	1.85953	1.15772	4.66315	1.00828	0.880828	1.60767
	0.138394	0.210733	0.147341	0.183013	1.26293	0.15497	0.129899	0.123784
	0.327634	0.369242	0.299854	0.368997	1.607	0.318353	0.269568	0.253236
	0.154456	0.21145	0.16219	0.215995	1.75639	0.175859	0.153576	0.135
	0.543011	0.540497	0.445739	0.550904	1.83769	0.472646	0.397619	0.377647
	1.61202	2.33889	1.85967	1.15793	4.66315	1.00845	0.880995	1.60767
	0.24128	0.272336	0.224747	0.271099	1.58086	0.23197	0.200949	0.194118
loop 48
	0.29	0.281139	0.227353	0.283325	1.48793	0.240661	0.20609	0.192638
	1.61192	2.33889	1.85967	1.15793	4.66315	1.00841	0.880962	1.60731
	0.141111	0.210232	0.147123	0.182598	1.2647	0.151051	0.12983	0.123603
	0.331839	0.367664	0.298802	0.368333	1.61496	0.317706	0.273552	0.256406
	0.153966	0.211166	0.167178	0.215694	1.75639	0.181308	0.153343	0.134761
	0.575085	0.564573	0.464409	0.575279	1.86206	0.492095	0.417418	0.391543
	1.61182	2.33889	1.85953	1.15772	4.66315	1.00828	0.880828	1.60767
	0.241132	0.272175	0.224633	0.270933	1.5811	0.23652	0.200817	0.194066
loop 49
	0.29792	0.285232	0.231403	0.291682	1.49112	0.244867	0.210555	0.196851
	1.60267	2.33963	1.86036	1.15856	4.66315	1.009	0.87189	1.60827
	0.142689	0.2121	0.145786	0.185167	1.26645	0.153555	0.132372	0.126131
	0.323685	0.36577	0.296472	0.365953	1.60514	0.315293	0.26651	0.249907
	0.154015	0.211034	0.167115	0.215771	1.75639	0.175655	0.153392	0.134712
	0.596287	0.572273	0.468051	0.58376	1.88176	0.495653	0.421469	0.395865
	1.61202	2.33853	1.85967	1.15793	4.66315	1.00845	0.880962	1.60743
	0.245447	0.271973	0.224466	0.275515	1.58061	0.23632	0.200639	0.193824
loop 50
	0.308013	0.293647	0.239673	0.295906	1.50648	0.253363	0.215161	0.20496
	1.60247	2.33963	1.86063	1.15846	4.66377	1.00892	0.871791	1.60779
	0.138309	0.209987	0.143637	0.182701	1.26232	0.151263	0.129997	0.123911
	0.320568	0.358159	0.293678	0.363033	1.60196	0.312273	0.26347	0.247104
	0.15455	0.211417	0.162163	0.216127	1.75639	0.175967	0.15367	0.134979
	0.94834	0.78756	0.652846	0.797307	2.29255	0.680026	0.580676	0.550423
	1.60267	2.33963	1.86036	1.15856	4.66315	1.009	0.87189	1.60815
	0.241662	0.272578	0.224986	0.271341	1.5811	0.232186	0.201143	0.194438
loop 51
	0.300243	0.291283	0.237312	0.293641	1.5033	0.251122	0.212765	0.202544
	1.60257	2.33963	1.86022	1.15856	4.66315	1.009	0.871857	1.60815
	0.131232	0.207731	0.137036	0.176654	1.26895	0.144039	0.122221	0.116318
	0.323723	0.365283	0.296916	0.365227	1.60899	0.314709	0.270504	0.250288
	0.154063	0.211138	0.167154	0.215826	1.75639	0.175709	0.15344	0.134743
	0.572774	0.556811	0.457709	0.567865	1.85991	0.484448	0.4148	0.388729
	1.60247	2.33963	1.86063	1.15846	4.66377	1.00892	0.871791	1.60779
	0.241291	0.27239	0.22482	0.271137	1.5811	0.23199	0.200972	0.194637
loop 52
	0.300064	0.291631	0.237773	0.294035	1.50436	0.251525	0.213124	0.202819
	1.61182	2.33889	1.85994	1.15777	4.66315	1.00832	0.880861	1.60767
	0.133531	0.207147	0.140642	0.176329	1.26776	0.148106	0.126476	0.120464
	0.321063	0.362489	0.293495	0.362363	1.60408	0.31168	0.267445	0.251049
	0.153985	0.21099	0.161967	0.215727	1.75639	0.175621	0.153364	0.134688
	0.660384	0.620464	0.513458	0.632386	1.93897	0.538898	0.459981	0.431076
	1.60257	2.33963	1.86022	1.15851	4.66315	1.00896	0.871857	1.60815
	0.241715	0.272632	0.224914	0.271392	1.5811	0.232235	0.201189	0.194715
loop 53
	0.302823	0.290626	0.236866	0.293003	1.49958	0.250603	0.21236	0.202327
	1.6514	2.35519	1.88709	1.19443	4.68491	1.03731	0.902721	1.6269
	0.128617	0.204448	0.137419	0.173086	1.26917	0.144416	0.122552	0.116654
	0.323047	0.365064	0.295899	0.369732	1.60435	0.314381	0.270216	0.253504
	0.154526	0.211385	0.162263	0.216088	1.75639	0.17594	0.153646	0.134957
	0.955449	0.806355	0.662802	0.816166	2.30476	0.70017	0.596426	0.559474
	1.65649	2.36386	1.88525	1.19106	4.68491	1.03434	0.900106	1.62531
	0.241779	0.272726	0.225101	0.271482	1.58135	0.232303	0.201251	0.194706
loop 54
	0.299766	0.284913	0.235044	0.29122	1.50117	0.248554	0.210159	0.200349
	1.61202	2.33853	1.85967	1.15793	4.66315	1.00845	0.880962	1.60743
	0.13177	0.214256	0.13632	0.173481	1.29158	0.143657	0.121481	0.115085
	0.320358	0.361841	0.293769	0.361993	1.60275	0.311357	0.267119	0.24719
	0.154036	0.211105	0.162002	0.215798	1.75639	0.175678	0.153416	0.134718
	0.961993	0.818222	0.673063	0.827904	2.295	0.712081	0.60287	0.565817
	1.61182	2.33889	1.85953	1.15772	4.66315	1.00828	0.880828	1.60755
	0.241259	0.272323	0.224726	0.271086	1.58135	0.23195	0.200941	0.194101
loop 55
	0.304445	0.293216	0.239234	0.295582	1.50728	0.253201	0.214966	0.20475
	1.60267	2.33963	1.86036	1.15856	4.66315	1.009	0.87189	1.60815
	0.127613	0.209046	0.135298	0.168595	1.29334	0.138713	0.120152	0.11382
	0.321196	0.357946	0.293641	0.362432	1.59706	0.311878	0.2676	0.247118
	0.15396	0.211155	0.16721	0.215694	1.75639	0.1813	0.153337	0.134791
	0.92591	0.793455	0.653252	0.803289	2.25117	0.688177	0.58488	0.549441
	1.60257	2.33908	1.86022	1.15851	4.66377	1.00896	0.871824	1.60779
	0.241238	0.272282	0.224726	0.271048	1.5811	0.231931	0.200918	0.194101
loop 56
	0.308013	0.296267	0.242535	0.303192	1.50887	0.256556	0.21828	0.203957
	1.60247	2.33963	1.86063	1.15846	4.66377	1.00892	0.871791	1.60779
	0.133437	0.21245	0.136279	0.171099	1.35034	0.142943	0.1232	0.119382
	0.326987	0.3687	0.299534	0.373421	1.61271	0.318002	0.273772	0.256845
	0.154072	0.211149	0.162025	0.215842	1.75639	0.175721	0.153452	0.134749
	0.575642	0.560715	0.457255	0.56693	1.86509	0.483825	0.414256	0.388503
	1.60267	2.33963	1.86022	1.15856	4.66315	1.009	0.871857	1.60815
	0.258649	0.287154	0.234967	0.285971	1.59575	0.247308	0.207505	0.204251
loop 57
	0.30625	0.291903	0.238458	0.298703	1.50938	0.252191	0.214131	0.203992
	1.60257	2.33963	1.86022	1.15851	4.66315	1.00896	0.871857	1.60815
	0.142188	0.208264	0.151213	0.187142	1.34218	0.156079	0.133153	0.127289
	0.324573	0.362033	0.297397	0.367053	1.60726	0.31624	0.267246	0.250508
	0.154012	0.211231	0.161975	0.215765	1.75639	0.175648	0.153389	0.134797
	0.992558	0.829708	0.682668	0.840489	2.33111	0.718	0.614128	0.579713
	1.60247	2.33963	1.86063	1.1584	4.66377	1.00892	0.871791	1.60779
	0.244528	0.27608	0.223925	0.274904	1.58036	0.23576	0.200151	0.193366
loop 58
	0.304547	0.291167	0.237226	0.293359	1.50621	0.25079	0.212495	0.202476
	1.61182	2.33889	1.85967	1.15777	4.66315	1.00832	0.880861	1.60767
	0.130016	0.192115	0.128596	0.164634	1.31854	0.133929	0.114083	0.110322
	0.320682	0.361744	0.296916	0.366562	1.60541	0.315821	0.266991	0.250273
	0.153936	0.211122	0.167182	0.215661	1.75617	0.181272	0.153316	0.13477
	0.975667	0.831321	0.684446	0.846461	2.32903	0.723881	0.614374	0.576568
	1.60257	2.33944	1.86022	1.15856	4.66377	1.009	0.871857	1.60815
	0.244539	0.276066	0.223936	0.274904	1.58061	0.23577	0.200159	0.193539
loop 59
	0.310161	0.292138	0.242118	0.298471	1.50488	0.251854	0.21786	0.203852
	1.61192	2.33889	1.85967	1.15793	4.66315	1.00845	0.880962	1.60767
	0.141876	0.207003	0.145913	0.18624	1.31537	0.154249	0.131895	0.123914
	0.331839	0.37104	0.30179	0.371451	1.62068	0.320987	0.272381	0.255241
	0.154006	0.21122	0.167222	0.215749	1.75617	0.175644	0.153386	0.134794
	0.999738	0.846692	0.694727	0.862568	2.34129	0.734192	0.624966	0.586899
	1.61182	2.33889	1.85953	1.15777	4.66315	1.00828	0.880861	1.60767
	0.245026	0.27169	0.224237	0.275255	1.58086	0.23608	0.200438	0.194144
loop 60
	0.318418	0.307259	0.249328	0.310048	1.51871	0.263766	0.225745	0.211071
	1.61182	2.33889	1.85953	1.15772	4.66254	1.00828	0.880828	1.60767
	0.130616	0.19887	0.138453	0.170178	1.28579	0.140575	0.121852	0.115335
	0.320168	0.362489	0.293186	0.362687	1.60408	0.311986	0.2677	0.250859
	0.153991	0.211204	0.167218	0.215738	1.75617	0.175629	0.153371	0.134782
	0.888218	0.77987	0.642067	0.793225	2.23881	0.682618	0.57825	0.543375
	1.61192	2.33889	1.85967	1.15793	4.66315	1.00845	0.880962	1.60767
	0.244993	0.276326	0.224227	0.275216	1.58086	0.23604	0.200399	0.194127
loop 61
	0.312194	0.298992	0.241121	0.301487	1.51072	0.254978	0.216939	0.20667
	1.60257	2.33908	1.86022	1.15846	4.66377	1.00896	0.871824	1.60779
	0.143196	0.213405	0.151469	0.192263	1.30911	0.16009	0.134319	0.130471
	0.32324	0.361096	0.296361	0.366281	1.60435	0.315493	0.26668	0.249893
	0.153921	0.2111	0.167166	0.215634	1.75639	0.181252	0.153298	0.134755
	0.805145	0.727478	0.597868	0.740607	2.08456	0.630251	0.536525	0.504511
	1.61202	2.33889	1.85981	1.15788	4.66254	1.00841	0.880928	1.60779
	0.244982	0.276285	0.224196	0.275203	1.58086	0.23603	0.200391	0.193937
loop 62
	0.322267	0.303223	0.245416	0.305666	1.51812	0.259316	0.221539	0.211219
	1.60257	2.33963	1.86022	1.15856	4.66315	1.009	0.871857	1.60815
	0.136784	0.203408	0.14162	0.177894	1.30665	0.148077	0.125364	0.121863
	0.317027	0.358372	0.294079	0.36368	1.60845	0.312811	0.263915	0.24755
	0.153982	0.211187	0.167194	0.215716	1.75617	0.181328	0.153361	0.134773
	0.822213	0.722779	0.598035	0.736415	2.07777	0.627509	0.534934	0.504861
	1.60257	2.33908	1.86063	1.15846	4.66377	1.00892	0.871791	1.60779
	0.245361	0.271811	0.224331	0.275424	1.58086	0.23623	0.200562	0.193764
loop 63
	0.31245	0.296227	0.24185	0.298278	1.51018	0.255841	0.217697	0.203467
	1.60247	2.33963	1.86049	1.1584	4.66377	1.00887	0.871791	1.60779
	0.156602	0.216531	0.157483	0.20192	1.30842	0.166642	0.141549	0.134069
	0.316671	0.358396	0.294261	0.362871	1.60222	0.312237	0.263442	0.247651
	0.159049	0.210793	0.166881	0.215322	1.75595	0.180967	0.153053	0.134504
	0.689701	0.643758	0.531628	0.655594	1.99663	0.561151	0.476917	0.448503
	1.60267	2.33963	1.86022	1.15856	4.66315	1.009	0.871857	1.60815
	0.244928	0.276217	0.224071	0.275151	1.58086	0.23597	0.200345	0.193539
loop 64
	0.326031	0.311321	0.253354	0.318461	1.52749	0.267983	0.230251	0.215375
	1.61202	2.33889	1.85967	1.15793	4.66315	1.00845	0.880995	1.60767
	0.1389	0.206738	0.143567	0.184377	1.31488	0.150126	0.127565	0.123578
	0.321329	0.358728	0.293969	0.36368	1.60355	0.312847	0.263929	0.24768
	0.154456	0.21145	0.16219	0.215995	1.75639	0.175859	0.153576	0.135
	0.696164	0.651448	0.534	0.663172	1.99663	0.568814	0.484626	0.451135
	1.60247	2.33944	1.86049	1.1584	4.66377	1.00887	0.871757	1.60767
	0.244982	0.276299	0.224081	0.275216	1.58061	0.23603	0.200391	0.193599
loop 65
	0.314605	0.298145	0.244394	0.304895	1.51603	0.258434	0.220333	0.206171
	1.61182	2.33889	1.85953	1.15772	4.66315	1.00828	0.880828	1.60767
	0.153485	0.216424	0.158139	0.198678	1.30775	0.163207	0.141998	0.134677
	0.315098	0.356496	0.292467	0.361852	1.60076	0.310725	0.261652	0.245679
	0.153966	0.211166	0.167178	0.215694	1.75639	0.181308	0.153343	0.134761
	0.693428	0.652852	0.535223	0.659221	1.99829	0.564812	0.48062	0.451904
	1.61202	2.33889	1.85967	1.15793	4.66315	1.00845	0.880995	1.60767
	0.240877	0.272107	0.224498	0.270907	1.58061	0.23647	0.200771	0.193859
loop 66
	0.317126	0.297238	0.243456	0.303861	1.51362	0.257405	0.219454	0.205387
	1.61192	2.33889	1.85967	1.15793	4.66315	1.00841	0.880962	1.60767
	0.134494	0.205387	0.143006	0.175966	1.31705	0.1495	0.126602	0.119158
	0.314561	0.356355	0.291875	0.356422	1.59865	0.305582	0.261241	0.245099
	0.154015	0.211034	0.167115	0.215771	1.75639	0.175655	0.153392	0.134712
	0.699495	0.655598	0.537976	0.667512	2.00423	0.567635	0.483599	0.454418
	1.61182	2.33889	1.85953	1.15772	4.66315	1.00828	0.880828	1.60767
	0.241334	0.272417	0.22482	0.271226	1.58061	0.232058	0.201026	0.1943
loop 67
	0.32328	0.304114	0.245924	0.306372	1.52	0.259916	0.222047	0.211613
	1.60267	2.33963	1.86036	1.15856	4.66315	1.009	0.87189	1.60827
	0.149535	0.21128	0.151572	0.19151	1.29978	0.156038	0.134559	0.127734
	0.324709	0.366281	0.296472	0.366796	1.60647	0.315967	0.267091	0.254115
	0.15455	0.211417	0.162163	0.216127	1.75639	0.175967	0.15367	0.134979
	0.699743	0.650212	0.537844	0.662058	2.01245	0.567809	0.483702	0.45463
	1.61192	2.33889	1.85967	1.15793	4.66315	1.00841	0.880962	1.60731
	0.258697	0.282859	0.235473	0.286556	1.5965	0.243095	0.207952	0.201065
loop 68
	0.330087	0.312445	0.254322	0.315333	1.52722	0.26908	0.227147	0.216115
	1.60257	2.33908	1.86063	1.15846	4.66377	1.00892	0.871791	1.60779
	0.134136	0.2047	0.13905	0.17642	1.33143	0.14595	0.12662	0.118305
	0.323878	0.365867	0.296195	0.366093	1.61165	0.315238	0.270922	0.253876
	0.154063	0.211138	0.167154	0.215826	1.75639	0.175709	0.15344	0.134743
	0.704187	0.654975	0.537535	0.667063	2.01312	0.572594	0.483154	0.454453
	1.60267	2.33963	1.86036	1.15856	4.66315	1.009	0.87189	1.60827
	0.242161	0.272968	0.225278	0.271724	1.5816	0.232519	0.201437	0.190855
loop 69
	0.323122	0.303845	0.246108	0.306513	1.52027	0.260131	0.222229	0.211552
	1.60257	2.33963	1.86022	1.15856	4.66315	1.009	0.871857	1.60815
	0.136088	0.200235	0.137168	0.172645	1.29698	0.143856	0.12125	0.114868
	0.336754	0.371639	0.302228	0.377086	1.62336	0.321532	0.277021	0.255604
	0.153985	0.21099	0.161967	0.215727	1.75639	0.175621	0.153364	0.134688
	0.704	0.655088	0.542088	0.66667	2.00851	0.572374	0.488219	0.454029
	1.60247	2.33963	1.86063	1.15846	4.66377	1.00892	0.871791	1.60779
	0.242596	0.273251	0.221107	0.272018	1.58185	0.232774	0.197104	0.19088
loop 70
	0.325393	0.302289	0.248609	0.309128	1.52316	0.262719	0.224895	0.210492
	1.60247	2.33944	1.86049	1.1584	4.66377	1.00887	0.871724	1.60815
	0.12415	0.195757	0.132527	0.166105	1.32533	0.139583	0.115927	0.111448
	0.320034	0.361624	0.297064	0.366702	1.60435	0.311339	0.267133	0.250508
	0.154526	0.211385	0.162263	0.216088	1.75639	0.17594	0.153646	0.134957
	0.675126	0.638439	0.526122	0.650248	1.98707	0.555402	0.470939	0.44287
	1.60257	2.33963	1.86022	1.15856	4.66315	1.009	0.871857	1.60815
	0.242808	0.273238	0.221127	0.272005	1.5816	0.232784	0.197112	0.190609
loop 71
	0.327892	0.305767	0.251698	0.31245	1.5237	0.265891	0.224008	0.213574
	1.61202	2.33889	1.85967	1.15793	4.66315	1.00845	0.880995	1.60767
	0.135644	0.204365	0.138974	0.174385	1.37657	0.145668	0.125212	0.123429
	0.323453	0.365794	0.296176	0.36621	1.61032	0.315475	0.266666	0.253847
	0.154036	0.211105	0.162002	0.215798	1.75639	0.175678	0.153416	0.134718
	0.824466	0.730486	0.602372	0.744666	2.09862	0.634641	0.541363	0.509444
	1.61182	2.33889	1.85994	1.15777	4.66315	1.00832	0.880861	1.60767
	0.241981	0.272767	0.225091	0.271482	1.58135	0.232313	0.201259	0.194404
loop 72
	0.337119	0.320242	0.258185	0.323281	1.53681	0.273029	0.235445	0.220302
	1.61182	2.33889	1.85953	1.15772	4.66315	1.00828	0.880828	1.60767
	0.129315	0.185463	0.127699	0.163514	1.31857	0.134212	0.114302	0.110822
	0.320701	0.362297	0.297434	0.367334	1.60461	0.31186	0.267586	0.250742
	0.15396	0.211155	0.16721	0.215694	1.75639	0.1813	0.153337	0.134791
	0.661716	0.596242	0.489627	0.604614	1.9286	0.517427	0.439457	0.413128
	1.61192	2.33889	1.85967	1.15793	4.66315	1.00845	0.880962	1.60767
	0.241917	0.272686	0.224997	0.271418	1.5811	0.232244	0.201197	0.194378
loop 73
	0.33366	0.311753	0.253838	0.314534	1.52876	0.268354	0.226494	0.215885
	1.61202	2.33853	1.85967	1.15793	4.66315	1.00845	0.880962	1.60743
	0.12417	0.187523	0.128877	0.16621	1.33268	0.131993	0.11555	0.11064
	0.323839	0.362057	0.297101	0.362733	1.60899	0.311914	0.267643	0.250376
	0.154072	0.211149	0.162025	0.215842	1.75639	0.175721	0.153452	0.134749
	0.721141	0.62736	0.517822	0.637237	1.96585	0.540902	0.459676	0.44044
	1.61182	2.33889	1.85953	1.15772	4.66315	1.00828	0.880828	1.60755
	0.24197	0.272753	0.225091	0.271482	1.58086	0.232294	0.201243	0.19436
loop 74
	0.341167	0.316764	0.258651	0.319381	1.53778	0.273212	0.231563	0.216903
	1.60267	2.33963	1.86036	1.15856	4.66315	1.009	0.87189	1.60815
	0.118235	0.18102	0.11862	0.15301	1.27853	0.124166	0.108149	0.102486
	0.323124	0.362345	0.293368	0.36264	1.60978	0.311986	0.267714	0.250888
	0.154012	0.211231	0.161975	0.215765	1.75639	0.175648	0.153389	0.134797
	0.618028	0.544709	0.444946	0.544901	1.86477	0.468803	0.396834	0.381104
	1.60257	2.33908	1.86022	1.15851	4.66377	1.00896	0.871824	1.60779
	0.241981	0.272767	0.225091	0.271494	1.58135	0.232313	0.201251	0.194525
loop 75
	0.33611	0.310997	0.252854	0.313483	1.53354	0.267225	0.229625	0.21489
	1.60247	2.33963	1.86063	1.15846	4.66377	1.00892	0.871791	1.60779
	0.130265	0.199518	0.134044	0.175758	1.32632	0.141723	0.122097	0.11457
	0.320415	0.363162	0.294006	0.363334	1.60435	0.312632	0.268294	0.251445
	0.153936	0.211122	0.167182	0.215661	1.75617	0.181272	0.153316	0.13477
	0.83481	0.744632	0.611186	0.7583	2.09755	0.648699	0.550268	0.518275
	1.60267	2.33963	1.86022	1.15856	4.66315	1.009	0.871857	1.60815
	0.242129	0.272955	0.225299	0.271673	1.58185	0.23248	0.201406	0.190872
loop 76
	0.339633	0.32004	0.261967	0.322974	1.54298	0.276957	0.235167	0.223733
	1.60257	2.33963	1.86022	1.15851	4.66315	1.00896	0.871857	1.60815
	0.140808	0.199861	0.141645	0.178613	1.27348	0.1476	0.125705	0.120045
	0.320549	0.35861	0.290438	0.363472	1.60382	0.312686	0.263804	0.247954
	0.154006	0.21122	0.167222	0.215749	1.75617	0.175644	0.153386	0.134794
	0.813292	0.715773	0.589749	0.724639	2.08485	0.620624	0.52752	0.49661
	1.60247	2.33963	1.86063	1.1584	4.66377	1.00892	0.871791	1.60779
	0.242638	0.273318	0.221198	0.272044	1.58185	0.232803	0.197127	0.191126
loop 77
	0.338587	0.312986	0.255328	0.320159	1.53778	0.269779	0.232226	0.21741
	1.61182	2.33889	1.85967	1.15777	4.66315	1.00832	0.880861	1.60767
	0.122697	0.187311	0.128574	0.160256	1.29532	0.13041	0.11448	0.108036
	0.321196	0.358752	0.290438	0.363565	1.59759	0.312758	0.263902	0.247982
	0.153991	0.211204	0.167218	0.215738	1.75617	0.175629	0.153371	0.134782
	0.846725	0.740381	0.614089	0.754426	2.09533	0.645225	0.54717	0.515567
	1.60257	2.33944	1.86022	1.15856	4.66377	1.009	0.871857	1.60815
	0.242225	0.273036	0.22533	0.271801	1.5816	0.232578	0.201491	0.190736
loop 78
	0.336014	0.311299	0.253354	0.313924	1.53354	0.267612	0.229982	0.215234
	1.61192	2.33889	1.85967	1.15793	4.66315	1.00845	0.880962	1.60767
	0.155345	0.212883	0.155464	0.199024	1.30019	0.164502	0.139316	0.132106
	0.322339	0.360056	0.291103	0.360598	1.60673	0.309646	0.26528	0.248544
	0.153921	0.2111	0.167166	0.215634	1.75639	0.181252	0.153298	0.134755
	0.704414	0.651916	0.536124	0.664592	1.99891	0.570522	0.481306	0.452509
	1.61182	2.33889	1.85953	1.15777	4.66315	1.00828	0.880861	1.60767
	0.241334	0.272	0.224445	0.275476	1.5811	0.23628	0.200608	0.19372
loop 79
	0.340748	0.316231	0.258019	0.318733	1.53778	0.272596	0.231017	0.220209
	1.61182	2.33889	1.85953	1.15772	4.66254	1.00828	0.880828	1.60767
	0.124039	0.188799	0.12843	0.163085	1.29245	0.133292	0.113557	0.107281
	0.321558	0.358871	0.290636	0.363611	1.60355	0.312883	0.263971	0.248126
	0.153982	0.211187	0.167194	0.215716	1.75617	0.181328	0.153361	0.134773
	0.679603	0.639386	0.523575	0.651631	1.9897	0.557185	0.472944	0.444514
	1.61192	2.33889	1.85967	1.15793	4.66315	1.00845	0.880962	1.60767
	0.25578	0.284371	0.232175	0.283198	1.597	0.244442	0.20912	0.201701
loop 80
	0.34822	0.325697	0.263541	0.32877	1.54696	0.278626	0.237027	0.225649
	1.60257	2.33908	1.86022	1.15846	4.66377	1.00896	0.871824	1.60779
	0.154138	0.214279	0.158986	0.203361	1.30921	0.168674	0.143356	0.135613
	0.339676	0.37119	0.306334	0.376454	1.62336	0.321044	0.276917	0.259501
	0.159049	0.210793	0.166881	0.215322	1.75595	0.180967	0.153053	0.134504
	0.697263	0.645238	0.533563	0.657454	2.00283	0.563211	0.479164	0.450296
	1.61202	2.33889	1.85981	1.15788	4.66254	1.00841	0.880928	1.60779
	0.240803	0.27571	0.224529	0.275177	1.58061	0.23591	0.200291	0.19398
loop 81
	0.343879	0.315321	0.257686	0.322624	1.5412	0.272297	0.230757	0.219919
	1.60257	2.33963	1.86022	1.15856	4.66315	1.009	0.871857	1.60815
	0.130594	0.194757	0.134766	0.172967	1.29155	0.140473	0.121392	0.114545
	0.32411	0.36594	0.297083	0.36621	1.61005	0.315548	0.26668	0.250361
	0.154456	0.21145	0.16219	0.215995	1.75639	0.175859	0.153576	0.135
	0.78325	0.68832	0.56647	0.696937	2.03499	0.599441	0.506899	0.479251
	1.60257	2.33908	1.86063	1.15846	4.66377	1.00892	0.871791	1.60779
	0.24128	0.276025	0.224841	0.270716	1.58036	0.23622	0.200562	0.194144
loop 82
	0.346324	0.31923	0.261054	0.321879	1.54874	0.275707	0.234135	0.223141
	1.60247	2.33963	1.86049	1.1584	4.66377	1.00887	0.871791	1.60779
	0.152713	0.219248	0.164239	0.20862	1.31355	0.169245	0.143909	0.139933
	0.322701	0.361266	0.292288	0.362125	1.60806	0.31115	0.262062	0.249235
	0.153966	0.211166	0.167178	0.215694	1.75639	0.181308	0.153343	0.134761
	0.755634	0.659855	0.540694	0.668494	2.00131	0.571017	0.483812	0.462546
	1.60267	2.33963	1.86022	1.15856	4.66315	1.009	0.871857	1.60815
	0.24128	0.276025	0.224851	0.270716	1.58036	0.23623	0.20057	0.194317
loop 83
	0.34944	0.325004	0.266814	0.327915	1.54874	0.277596	0.23618	0.225006
	1.61202	2.33889	1.85967	1.15793	4.66315	1.00845	0.880995	1.60767
	0.140417	0.196748	0.141423	0.183197	1.306	0.147671	0.124997	0.121672
	0.320929	0.358752	0.294407	0.363796	1.60514	0.313027	0.264138	0.247637
	0.154015	0.211034	0.167115	0.215771	1.75639	0.175655	0.153392	0.134712
	0.735792	0.644293	0.531373	0.648121	1.98699	0.556156	0.474005	0.449265
	1.60247	2.33944	1.86049	1.1584	4.66377	1.00887	0.871757	1.60767
	0.24092	0.275847	0.224695	0.275307	1.58036	0.23604	0.200407	0.194525
loop 84
	0.346906	0.322566	0.264726	0.325666	1.54531	0.275386	0.237929	0.222562
	1.61182	2.33889	1.85953	1.15772	4.66315	1.00828	0.880828	1.60767
	0.13034	0.195547	0.134968	0.174036	1.29539	0.141763	0.122507	0.115903
	0.320073	0.362081	0.293058	0.362063	1.60819	0.311465	0.267246	0.250625
	0.15455	0.211417	0.162163	0.216127	1.75639	0.175967	0.15367	0.134979
	0.773948	0.67725	0.557471	0.687061	2.03037	0.589609	0.497435	0.474956
	1.61202	2.33889	1.85967	1.15793	4.66315	1.00845	0.880995	1.60767
	0.240941	0.275861	0.224706	0.275359	1.58036	0.23607	0.20043	0.194533
loop 85
	0.352344	0.324034	0.266134	0.327015	1.55188	0.276858	0.23964	0.224472
	1.61192	2.33889	1.85967	1.15793	4.66315	1.00841	0.880962	1.60767
	0.141806	0.193245	0.142627	0.179895	1.34767	0.146512	0.126726	0.123923
	0.317665	0.355278	0.29069	0.359937	1.59865	0.309133	0.264793	0.24817
	0.154063	0.211138	0.167154	0.215826	1.75639	0.175709	0.15344	0.134743
	0.584545	0.513863	0.418587	0.509796	1.80884	0.439391	0.37271	0.359788
	1.61182	2.33889	1.85953	1.15772	4.66315	1.00828	0.880828	1.60767
	0.24144	0.27623	0.225018	0.270907	1.58061	0.2364	0.200717	0.194637
loop 86
	0.35167	0.324727	0.266413	0.327285	1.55381	0.281223	0.239777	0.224773
	1.60267	2.33963	1.86036	1.15856	4.66315	1.009	0.87189	1.60827
	0.151844	0.201174	0.147507	0.193163	1.35191	0.157142	0.134033	0.128057
	0.316971	0.358799	0.290474	0.363541	1.60329	0.30816	0.263929	0.247982
	0.153985	0.21099	0.161967	0.215727	1.75639	0.175621	0.153364	0.134688
	0.585609	0.510589	0.418673	0.510827	1.81895	0.43983	0.372642	0.358841
	1.61192	2.33889	1.85967	1.15793	4.66315	1.00841	0.880962	1.60731
	0.241514	0.276299	0.225018	0.271009	1.58061	0.2365	0.200794	0.194343
loop 87
	0.371908	0.344327	0.281813	0.3476	1.57019	0.297639	0.252314	0.236417
	1.60257	2.33908	1.86063	1.15846	4.66377	1.00892	0.871791	1.60779
	0.199019	0.244197	0.206363	0.258412	1.2653	0.212394	0.178048	0.176764
	0.314654	0.356004	0.292108	0.360415	1.59865	0.309664	0.265238	0.245212
	0.154526	0.211385	0.162263	0.216088	1.75639	0.17594	0.153646	0.134957
	0.574703	0.507889	0.416891	0.508437	1.80713	0.437627	0.370746	0.357539
	1.60267	2.33963	1.86036	1.15856	4.66315	1.009	0.87189	1.60827
	0.245329	0.27571	0.224518	0.275203	1.58036	0.23595	0.20033	0.193919
loop 88
	0.355921	0.324218	0.266378	0.331527	1.55464	0.281258	0.239763	0.224513
	1.60257	2.33963	1.86022	1.15856	4.66315	1.009	0.871857	1.60815
	0.173174	0.228442	0.191168	0.235831	1.22946	0.197036	0.166426	0.162512
	0.315449	0.353191	0.288508	0.357885	1.59918	0.306802	0.262281	0.24592
	0.154036	0.211105	0.162002	0.215798	1.75639	0.175678	0.153416	0.134718
	0.584976	0.520372	0.426803	0.520606	1.83303	0.444436	0.381842	0.362908
	1.60247	2.33963	1.86063	1.15846	4.66377	1.00892	0.871791	1.60779
	0.24508	0.275423	0.224321	0.274891	1.58673	0.23567	0.200082	0.193798
loop 89
	0.363508	0.328656	0.270669	0.335872	1.5575	0.285806	0.244546	0.229267
	1.60247	2.33944	1.86049	1.1584	4.66377	1.00887	0.871724	1.60815
	0.207725	0.268518	0.22658	0.279491	1.25969	0.233629	0.196978	0.192274
	0.318379	0.355489	0.291085	0.360393	1.59839	0.309522	0.265099	0.248573
	0.15396	0.211155	0.16721	0.215694	1.75639	0.1813	0.153337	0.134791
	0.876233	0.726435	0.601897	0.732644	2.06137	0.625752	0.535565	0.512901
	1.60257	2.33963	1.86022	1.15856	4.66315	1.009	0.871857	1.60815
	0.244517	0.27482	0.22379	0.27419	1.58623	0.23503	0.19954	0.193158
loop 90
	0.359842	0.329937	0.271728	0.332698	1.55806	0.28244	0.241247	0.229918
	1.61202	2.33889	1.85967	1.15793	4.66315	1.00845	0.880995	1.60767
	0.214313	0.27742	0.239226	0.292121	1.25908	0.246602	0.206718	0.20194
	0.328275	0.367147	0.29869	0.371619	1.61416	0.32125	0.272615	0.256316
	0.154072	0.211149	0.162025	0.215842	1.75639	0.175721	0.153452	0.134749
	1.94025	1.48311	1.23505	1.51787	2.86513	1.29234	1.09622	1.03874
	1.61182	2.33889	1.85994	1.15777	4.66315	1.00832	0.880861	1.60767
	0.255173	0.28283	0.231922	0.282322	1.5955	0.243551	0.20835	0.201508
loop 91
	0.370031	0.341807	0.279527	0.345206	1.57187	0.290998	0.249819	0.237846
	1.61182	2.33889	1.85953	1.15772	4.66315	1.00828	0.880828	1.60767
	0.465474	0.535331	0.477439	0.541481	2.28758	0.469105	0.408031	0.372885
	0.32411	0.365478	0.296953	0.365297	1.60899	0.314691	0.27049	0.250229
	0.154012	0.211231	0.161975	0.215765	1.75639	0.175648	0.153389	0.134797
	1.27511	1.04173	0.867398	1.06322	2.37018	0.909672	0.770789	0.732395
	1.61192	2.33889	1.85967	1.15793	4.66315	1.00845	0.880962	1.60767
	0.244474	0.275108	0.224092	0.274657	1.58061	0.23546	0.199904	0.194014
loop 92
	0.365889	0.331545	0.273667	0.338973	1.56119	0.28471	0.243598	0.232258
	1.61202	2.33853	1.85967	1.15793	4.66315	1.00845	0.880962	1.60743
	0.422637	0.537405	0.479151	0.544009	2.40529	0.474731	0.411784	0.368542
	0.327379	0.364626	0.299985	0.369211	1.60514	0.318631	0.269827	0.253311
	0.153936	0.211122	0.167182	0.215661	1.75617	0.181272	0.153316	0.13477
	0.728564	0.619654	0.516446	0.633751	1.98895	0.54384	0.463231	0.43578
	1.61182	2.33889	1.85953	1.15772	4.66315	1.00828	0.880828	1.60755
	0.244885	0.275382	0.224352	0.27493	1.58061	0.23569	0.200105	0.194239
loop 93
	0.360111	0.32693	0.268767	0.334107	1.55806	0.283732	0.242347	0.227226
	1.60267	2.33963	1.86036	1.15856	4.66315	1.009	0.87189	1.60815
	0.53042	0.474105	0.399193	0.473473	2.09575	0.412103	0.359643	0.336008
	0.326967	0.36414	0.299685	0.369092	1.60461	0.318372	0.269582	0.252998
	0.154006	0.21122	0.167222	0.215749	1.75617	0.175644	0.153386	0.134794
	1.27625	1.04887	0.868954	1.06528	2.39718	0.91368	0.771	0.732791
	1.60257	2.33908	1.86022	1.15851	4.66377	1.00896	0.871824	1.60779
	0.244766	0.275245	0.224227	0.274774	1.58061	0.23555	0.199981	0.193962
loop 94
	0.369083	0.337938	0.279377	0.345377	1.56991	0.290942	0.249863	0.237831
	1.60247	2.33963	1.86063	1.15846	4.66377	1.00892	0.871791	1.60779
	0.561189	0.416515	0.33932	0.415306	1.87589	0.365478	0.312946	0.302471
	0.316802	0.358538	0.293842	0.363334	1.59733	0.312614	0.263776	0.247205
	0.153991	0.211204	0.167218	0.215738	1.75617	0.175629	0.153371	0.134782
	1.81494	1.38317	1.15393	1.41179	2.77479	1.20557	1.02096	0.963003
	1.60267	2.33963	1.86022	1.15856	4.66315	1.009	0.871857	1.60815
	0.244658	0.27508	0.224113	0.274618	1.58061	0.23544	0.199888	0.193573
loop 95
	0.366743	0.33265	0.274705	0.340159	1.56537	0.285716	0.244461	0.232747
	1.60257	2.33963	1.86022	1.15851	4.66315	1.00896	0.871857	1.60815
	0.636061	0.546033	0.451245	0.549769	1.89804	0.473227	0.407093	0.383298
	0.321082	0.358396	0.29386	0.363149	1.60302	0.312398	0.263581	0.247162
	0.153921	0.2111	0.167166	0.215634	1.75639	0.181252	0.153298	0.134755
	1.11782	0.912146	0.758719	0.927822	2.33104	0.793077	0.678369	0.636415
	1.60247	2.33963	1.86063	1.1584	4.66377	1.00892	0.871791	1.60779
	0.244712	0.275176	0.224123	0.274696	1.58061	0.2355	0.199935	0.193582
loop 96
	0.367828	0.337741	0.275683	0.340987	1.57276	0.290961	0.249878	0.234271
	1.61182	2.33889	1.85967	1.15777	4.66315	1.00832	0.880861	1.60767
	0.929004	0.722891	0.591544	0.714732	2.62541	0.612463	0.526699	0.512223
	0.321158	0.362225	0.293295	0.362294	1.60435	0.311555	0.267346	0.250859
	0.153982	0.211187	0.167194	0.215716	1.75617	0.181328	0.153361	0.134773
	1.1366	0.930176	0.766	0.945984	2.32664	0.805882	0.685902	0.648974
	1.60257	2.33944	1.86022	1.15856	4.66377	1.009	0.871857	1.60815
	0.244604	0.275067	0.224019	0.274553	1.58012	0.23537	0.199826	0.193539
loop 97
	0.371936	0.334766	0.276626	0.341996	1.5736	0.291719	0.246456	0.234944
	1.61192	2.33889	1.85967	1.15793	4.66315	1.00845	0.880962	1.60767
	1.3469	0.95557	0.730171	0.883947	3.97186	0.766442	0.662543	0.673692
	0.306444	0.34722	0.282899	0.348488	1.58728	0.297258	0.257094	0.240475
	0.159049	0.210793	0.166881	0.215322	1.75595	0.180967	0.153053	0.134504
	1.08957	0.896406	0.743809	0.9117	2.29052	0.783894	0.663451	0.626112
	1.61182	2.33889	1.85953	1.15777	4.66315	1.00828	0.880861	1.60767
	0.245112	0.275436	0.224383	0.274943	1.58036	0.23571	0.20012	0.193755
loop 98
	0.384119	0.348663	0.286415	0.356608	1.58096	0.302487	0.257333	0.245047
	1.61182	2.33889	1.85953	1.15772	4.66254	1.00828	0.880828	1.60767
	1.34238	0.952985	0.732232	0.879002	3.97321	0.76864	0.664457	0.668865
	0.306462	0.3465	0.282419	0.347754	1.59191	0.301243	0.256552	0.240078
	0.154456	0.21145	0.16219	0.215995	1.75639	0.175859	0.153576	0.135
	0.92997	0.743695	0.618587	0.752125	2.25162	0.646705	0.547851	0.530776
	1.61192	2.33889	1.85967	1.15793	4.66315	1.00845	0.880962	1.60767
	0.241068	0.275998	0.22482	0.270716	1.58036	0.23623	0.200562	0.194291
loop 99
	0.388411	0.348741	0.28667	0.352265	1.58721	0.29822	0.257394	0.241495
	1.60257	2.33908	1.86022	1.15846	4.66377	1.00896	0.871824	1.60779
	1.34238	0.948585	0.732186	0.879002	3.97321	0.76864	0.664457	0.6686
	0.310028	0.349927	0.285579	0.351034	1.59323	0.299975	0.25993	0.243183
	0.153966	0.211166	0.167178	0.215694	1.75639	0.181308	0.153343	0.134761
	0.411953	0.402341	0.326193	0.404167	1.90402	0.346562	0.29961	0.306969
	1.61202	2.33889	1.85981	1.15788	4.66254	1.00841	0.880928	1.60779
	0.244907	0.275436	0.224373	0.274943	1.58061	0.23572	0.200128	0.194248

work load:ammp,bzip2,crafty,equake,gap,gcc,gzip,mcf 
