loop 0
	0.0430682	0.040035	0.0728148	0.0608	0.0731461	0.08377	0.0813651	0.0330847	0.0742716
	0.043864	0.0409386	0.0755436	0.0623609	0.0742848	0.0845379	0.0822228	0.0342863	0.0753869
	0.115847	0.110122	0.199781	0.16598	0.198243	0.223725	0.219323	0.0917873	0.199337
	0.043864	0.0409386	0.0755436	0.0623609	0.0742848	0.0845379	0.0822228	0.0342863	0.0753869
	0.137581	0.133416	0.22562	0.188976	0.224571	0.257645	0.247506	0.110676	0.225235
	0.0450819	0.0423055	0.0781132	0.0640254	0.0769155	0.0883416	0.0861016	0.0347903	0.0779572
	0.0558272	0.0521717	0.10042	0.0817721	0.0994213	0.114628	0.112531	0.0433863	0.101757
	0.137581	0.133416	0.22562	0.188976	0.224571	0.257645	0.247506	0.110676	0.225235
loop 1
	0.0419245	0.0402612	0.0731792	0.0596016	0.0719118	0.0825048	0.0800988	0.033285	0.0730301
	0.0428769	0.0399598	0.0729677	0.0613603	0.0732769	0.0835353	0.0812102	0.0333147	0.0743841
	0.115847	0.110122	0.199768	0.16597	0.198203	0.223693	0.219308	0.0917832	0.199324
	0.0428769	0.0399598	0.0729677	0.0613603	0.0732769	0.0835353	0.0812102	0.0333147	0.0743841
	0.142906	0.138656	0.232195	0.197318	0.233478	0.267069	0.256814	0.115596	0.234245
	0.0433368	0.0405586	0.0748992	0.062308	0.0752227	0.0866719	0.0828543	0.0342577	0.07627
	0.056049	0.0523885	0.099282	0.0820816	0.098281	0.115049	0.111366	0.0424029	0.100615
	0.142906	0.138656	0.232195	0.197318	0.233478	0.267069	0.256814	0.115596	0.234245
loop 2
	0.0420845	0.0390594	0.0718389	0.05982	0.0705761	0.0827988	0.0787415	0.0334098	0.0732951
	0.0428646	0.0412692	0.0745194	0.0613465	0.0732593	0.0851436	0.0812	0.0333035	0.074366
	0.115841	0.110111	0.199781	0.16597	0.198203	0.223709	0.219323	0.0917791	0.199337
	0.0428646	0.0412692	0.0745194	0.0613465	0.0732593	0.0851436	0.0812	0.0333035	0.074366
	0.103676	0.099741	0.169622	0.144178	0.171163	0.195184	0.188028	0.0835062	0.171483
	0.0423403	0.0408412	0.0753697	0.0612685	0.0741717	0.0856138	0.0818055	0.033278	0.0752227
	0.0555864	0.0531471	0.100536	0.081757	0.099551	0.114877	0.111175	0.043037	0.100362
	0.103676	0.099741	0.169622	0.144178	0.171163	0.195184	0.188028	0.0835062	0.171483
loop 3
	0.042092	0.0390695	0.0718389	0.0598262	0.0705761	0.0827988	0.0803905	0.0334255	0.0732951
	0.0427704	0.0411808	0.074375	0.0612225	0.0731179	0.0849813	0.0826494	0.0332305	0.0742216
	0.115882	0.110155	0.199822	0.165991	0.198269	0.223756	0.219354	0.0918077	0.199378
	0.0427704	0.0411808	0.074375	0.0612225	0.0731179	0.0849813	0.0826494	0.0332305	0.0742216
	0.111012	0.106902	0.18111	0.152679	0.180384	0.207322	0.199988	0.09022	0.180799
	0.0444274	0.0416374	0.07611	0.0634698	0.074909	0.0863273	0.0840815	0.0340883	0.07596
	0.0557638	0.0533473	0.101846	0.0816914	0.0993342	0.116108	0.112429	0.0433371	0.101667
	0.111012	0.106902	0.18111	0.152679	0.180384	0.207322	0.199988	0.09022	0.180799
loop 4
	0.042118	0.0390897	0.0718713	0.0598512	0.0706078	0.0828283	0.0787692	0.0334411	0.07332
	0.0427827	0.0411961	0.074375	0.0612294	0.0731179	0.0849921	0.0826598	0.0332445	0.0742216
	0.115876	0.11015	0.199795	0.166001	0.198269	0.223725	0.219323	0.0918036	0.199351
	0.0427827	0.0411961	0.074375	0.0612294	0.0731179	0.0849921	0.0826598	0.0332445	0.0742216
	0.114973	0.108948	0.185287	0.156773	0.186736	0.211471	0.206486	0.0922939	0.187199
	0.0447677	0.0432784	0.0792492	0.0650997	0.0780404	0.0895014	0.0872531	0.0357358	0.0791007
	0.0550289	0.0526125	0.0996653	0.0809899	0.0986586	0.113882	0.11022	0.0425894	0.099491
	0.114973	0.108948	0.185287	0.156773	0.186736	0.211471	0.206486	0.0922939	0.187199
loop 5
	0.0420994	0.0390729	0.0718308	0.05982	0.0705682	0.082789	0.0803811	0.0334281	0.0732868
	0.0425861	0.0410039	0.0740501	0.0624315	0.074366	0.0846244	0.082306	0.0343476	0.0754698
	0.115876	0.11015	0.199795	0.16598	0.198256	0.223725	0.219339	0.0918036	0.199351
	0.0425861	0.0410039	0.0740501	0.0624315	0.074366	0.0846244	0.082306	0.0343476	0.0754698
	0.116705	0.112792	0.191578	0.161428	0.193195	0.219892	0.21259	0.0946496	0.193488
	0.0441916	0.0414134	0.0772522	0.0631446	0.07605	0.0874951	0.0852522	0.0351217	0.0770992
	0.054843	0.0524318	0.0993516	0.0807386	0.0983497	0.115112	0.111446	0.0424348	0.100686
	0.116705	0.112792	0.191578	0.161428	0.193195	0.219892	0.21259	0.0946496	0.193488
loop 6
	0.0418836	0.040223	0.0730964	0.0595329	0.0718308	0.0824166	0.0800141	0.0332486	0.0729473
	0.0440203	0.0410885	0.0758016	0.0625797	0.0745375	0.0864691	0.0825037	0.0344088	0.0756449
	0.115853	0.110128	0.199768	0.16596	0.198216	0.223693	0.219308	0.0917832	0.199324
	0.0440203	0.0410885	0.0758016	0.0625797	0.0745375	0.0864691	0.0825037	0.0344088	0.0756449
	0.1017	0.0977516	0.168052	0.140392	0.167435	0.1915	0.184318	0.0814414	0.167743
	0.0441037	0.042606	0.0771604	0.0630516	0.07595	0.0873862	0.0851472	0.0350372	0.0770073
	0.0549282	0.0525113	0.099491	0.0808444	0.098487	0.113695	0.110021	0.0425041	0.100827
	0.1017	0.0977516	0.168052	0.140392	0.167435	0.1915	0.184318	0.0814414	0.167743
loop 7
	0.0429798	0.0399549	0.0742716	0.0606784	0.072997	0.0836	0.0811922	0.0330197	0.0741192
	0.0439147	0.0409924	0.0756081	0.0624244	0.0743479	0.0862596	0.0839172	0.034333	0.0754606
	0.115835	0.110106	0.199781	0.16596	0.19823	0.223709	0.219323	0.091775	0.199337
	0.0439147	0.0409924	0.0756081	0.0624244	0.0743479	0.0862596	0.0839172	0.034333	0.0754606
	0.104542	0.100537	0.171155	0.143381	0.170522	0.194642	0.189701	0.0841605	0.170839
	0.0460453	0.0432605	0.0791325	0.0650187	0.077926	0.0909664	0.0871321	0.035729	0.078984
	0.0556716	0.0519816	0.0991734	0.0804582	0.098189	0.113451	0.10978	0.0419282	0.0990018
	0.104542	0.100537	0.171155	0.143381	0.170522	0.194642	0.189701	0.0841605	0.170839
loop 8
	0.0420733	0.0390527	0.0717822	0.0597825	0.0721143	0.0827302	0.0803246	0.0334124	0.0732289
	0.0437499	0.040831	0.0754145	0.062241	0.0741494	0.0860391	0.083705	0.0341843	0.0752671
	0.115847	0.110122	0.199781	0.16597	0.19823	0.223709	0.219308	0.0917873	0.199337
	0.0437499	0.040831	0.0754145	0.062241	0.0741494	0.0860391	0.083705	0.0341843	0.0752671
	0.107542	0.103509	0.177093	0.148871	0.176335	0.200794	0.195855	0.0869546	0.176765
	0.0439974	0.0425015	0.0770278	0.064374	0.077344	0.0888467	0.0850072	0.0349397	0.0784149
	0.0545649	0.0508959	0.0979017	0.0792572	0.0969172	0.112132	0.108468	0.0420578	0.0977327
	0.107542	0.103509	0.177093	0.148871	0.176335	0.200794	0.195855	0.0869546	0.176765
loop 9
	0.0420696	0.040404	0.0718065	0.0597888	0.0721305	0.0827596	0.0803435	0.0334046	0.0732537
	0.0430121	0.0400863	0.0731974	0.0615463	0.0734978	0.0837899	0.081455	0.0334187	0.0746097
	0.115876	0.110144	0.199808	0.166011	0.198269	0.22374	0.219339	0.0918077	0.199364
	0.0430121	0.0400863	0.0731974	0.0615463	0.0734978	0.0837899	0.081455	0.0334187	0.0746097
	0.111963	0.107942	0.183592	0.155304	0.182758	0.20958	0.202309	0.0914512	0.183269
	0.0443025	0.0415233	0.077395	0.0632762	0.0762	0.0876524	0.0854038	0.0339974	0.077242
	0.0544741	0.0508133	0.0977834	0.0791423	0.0952893	0.111991	0.108314	0.04198	0.0976144
	0.111963	0.107942	0.183592	0.155304	0.182758	0.20958	0.202309	0.0914512	0.183269
loop 10
	0.0420064	0.0403413	0.0717093	0.0597076	0.0720333	0.082642	0.08024	0.03335	0.0731626
	0.0425779	0.0409924	0.0740411	0.060947	0.0743479	0.0846136	0.0822852	0.0343359	0.0754514
	0.11587	0.110144	0.199795	0.166001	0.198269	0.22374	0.219339	0.0918077	0.199364
	0.0425779	0.0409924	0.0740411	0.060947	0.0743479	0.0846136	0.0822852	0.0343359	0.0754514
	0.107487	0.103697	0.178411	0.149109	0.177906	0.203918	0.196764	0.0859842	0.180257
	0.0441037	0.0426104	0.0771196	0.064469	0.07592	0.0873499	0.0851122	0.0350437	0.0784982
	0.0543984	0.0507444	0.0976482	0.0790401	0.0966509	0.11185	0.108178	0.041923	0.0974792
	0.107487	0.103697	0.178411	0.149109	0.177906	0.203918	0.196764	0.0859842	0.180257
loop 11
	0.0420473	0.0403796	0.071766	0.0597576	0.0720981	0.0827106	0.0803058	0.0333864	0.0732206
	0.0430817	0.0401533	0.0732858	0.0601596	0.0720375	0.083896	0.0815672	0.0334805	0.074709
	0.115876	0.11015	0.199781	0.165991	0.198243	0.223709	0.219323	0.0918036	0.199337
	0.0430817	0.0401533	0.0732858	0.0601596	0.0720375	0.083896	0.0815672	0.0334805	0.074709
	0.105459	0.101507	0.171606	0.146066	0.173175	0.197266	0.190089	0.0851891	0.173475
	0.0444181	0.0416289	0.07608	0.0634466	0.0748796	0.0878823	0.0840586	0.034082	0.0774562
	0.0517226	0.0492608	0.0939062	0.0766087	0.0914094	0.106592	0.102932	0.0402923	0.0937344
	0.105459	0.101507	0.171606	0.146066	0.173175	0.197266	0.190089	0.0851891	0.173475
loop 12
	0.0421031	0.0390762	0.0718632	0.0598387	0.070592	0.0828283	0.0787692	0.0334281	0.07332
	0.0426762	0.0410885	0.0741945	0.0610779	0.07295	0.0847866	0.0824621	0.0331574	0.0756173
	0.115859	0.110133	0.199795	0.16597	0.19823	0.223725	0.219323	0.0917873	0.199351
	0.0426762	0.0410885	0.0741945	0.0610779	0.07295	0.0847866	0.0824621	0.0331574	0.0756173
	0.111784	0.107763	0.181215	0.153041	0.182768	0.207273	0.199956	0.08939	0.18314
	0.0432201	0.0417261	0.07622	0.0621415	0.0750267	0.086458	0.0842188	0.0341667	0.07607
	0.051075	0.04864	0.0928438	0.0757057	0.0918408	0.105427	0.103337	0.0397686	0.0926875
	0.111784	0.107763	0.181215	0.153041	0.182768	0.207273	0.199956	0.08939	0.18314
loop 13
	0.042051	0.0403866	0.0717498	0.0597513	0.0720819	0.082691	0.080287	0.0333916	0.0731958
	0.0428073	0.0412115	0.0744292	0.0612708	0.0731709	0.0850462	0.0827222	0.0332558	0.0742758
	0.118591	0.112909	0.20515	0.171509	0.200133	0.232426	0.224532	0.0947691	0.204697
	0.0428073	0.0412115	0.0744292	0.0612708	0.0731709	0.0850462	0.0827222	0.0332558	0.0742758
	0.125616	0.121594	0.206548	0.173377	0.205661	0.235338	0.227899	0.101289	0.206168
	0.0434266	0.0406446	0.0750463	0.0624291	0.0738548	0.0852522	0.0830116	0.0343298	0.07641
	0.0516399	0.049184	0.09375	0.0764899	0.0927634	0.106444	0.104324	0.0402257	0.0935781
	0.125616	0.121594	0.206548	0.173377	0.205661	0.235338	0.227899	0.101289	0.206168
loop 14
	0.0429336	0.0399097	0.0742124	0.0606208	0.0729308	0.08353	0.081125	0.0329807	0.07406
	0.0429998	0.0400752	0.0731621	0.0615257	0.0719078	0.0837474	0.0814244	0.0334159	0.0745736
	0.115859	0.110133	0.199768	0.16596	0.198216	0.223693	0.219293	0.0917873	0.199324
	0.0429998	0.0400752	0.0731621	0.0615257	0.0719078	0.0837474	0.0814244	0.0334159	0.0745736
	0.128626	0.122626	0.209822	0.176574	0.211308	0.24112	0.233663	0.104203	0.2118
	0.0440066	0.0425146	0.0769869	0.0643502	0.0773134	0.0887974	0.0865412	0.0349592	0.0783629
	0.0485686	0.044843	0.0854994	0.069683	0.0844945	0.0981611	0.0945163	0.0369459	0.0853514
	0.128626	0.122626	0.209822	0.176574	0.211308	0.24112	0.233663	0.104203	0.2118
loop 15
	0.0418947	0.0402334	0.0731047	0.0595391	0.0718389	0.0824166	0.0800141	0.0332642	0.0729473
	0.0430162	0.0400938	0.0731798	0.0600722	0.0719337	0.0837687	0.0814448	0.0334327	0.0730295
	0.115882	0.110155	0.199781	0.165991	0.198256	0.223725	0.219323	0.0918036	0.199337
	0.0430162	0.0400938	0.0731798	0.0600722	0.0719337	0.0837687	0.0814448	0.0334327	0.0730295
	0.12747	0.121469	0.208747	0.175462	0.207946	0.237656	0.230195	0.103028	0.208395
	0.045139	0.0423534	0.0782485	0.0641284	0.0770482	0.0884894	0.0862442	0.0348195	0.0780924
	0.045945	0.0434419	0.082858	0.068411	0.0818496	0.0939813	0.0918723	0.0355109	0.0827048
	0.12747	0.121469	0.208747	0.175462	0.207946	0.237656	0.230195	0.103028	0.208395
loop 16
	0.0422296	0.0391973	0.0720333	0.0599885	0.0707662	0.0813459	0.0789443	0.03224	0.0718794
	0.0429957	0.041396	0.0747541	0.0615394	0.073489	0.085414	0.081455	0.0334046	0.0746007
	0.115876	0.110155	0.199808	0.16598	0.198256	0.22374	0.219339	0.0918036	0.199364
	0.0429957	0.041396	0.0747541	0.0615394	0.073489	0.085414	0.081455	0.0334046	0.0746007
	0.105038	0.10112	0.173225	0.145569	0.172626	0.196615	0.19173	0.084841	0.175096
	0.0443118	0.0415191	0.07597	0.0633382	0.07629	0.0877613	0.0839441	0.0339786	0.077344
	0.0459821	0.0446194	0.0816947	0.066703	0.0806353	0.0932351	0.0910433	0.0362052	0.0830482
	0.105038	0.10112	0.173225	0.145569	0.172626	0.196615	0.19173	0.084841	0.175096
loop 17
	0.0430566	0.0400245	0.0727734	0.0607616	0.0730964	0.08371	0.0813075	0.0330769	0.0742293
	0.0440752	0.0411423	0.0743209	0.0626573	0.0746277	0.0849272	0.0825974	0.0344642	0.0757371
	0.115876	0.11015	0.199795	0.165991	0.198256	0.223725	0.219323	0.0917996	0.199351
	0.0440752	0.0411423	0.0743209	0.0626573	0.0746277	0.0849272	0.0825974	0.0344642	0.0757371
	0.126818	0.122903	0.210867	0.175887	0.210139	0.239536	0.232139	0.102898	0.210503
	0.0449676	0.0421835	0.07803	0.0653751	0.0768237	0.0898527	0.0860066	0.0346701	0.0794084
	0.0509952	0.0484087	0.0904642	0.0741251	0.0894165	0.10354	0.101355	0.0402364	0.0918341
	0.126818	0.122903	0.210867	0.175887	0.210139	0.239536	0.232139	0.102898	0.210503
loop 18
	0.0419468	0.0402821	0.0732206	0.0596265	0.0719361	0.082544	0.0801459	0.033298	0.0730715
	0.0431432	0.0402091	0.0733918	0.0602403	0.0721413	0.0840021	0.0816794	0.0335282	0.0732416
	0.115859	0.110133	0.199781	0.16598	0.198256	0.223709	0.219323	0.0917873	0.199337
	0.0431432	0.0402091	0.0733918	0.0602403	0.0721413	0.0840021	0.0816794	0.0335282	0.0732416
	0.149107	0.142682	0.239884	0.204424	0.241021	0.27514	0.267335	0.121334	0.241924
	0.0439742	0.0424797	0.0769869	0.0643423	0.0773032	0.0887851	0.0849606	0.0349203	0.0783629
	0.0461172	0.043512	0.0813254	0.0665684	0.0802833	0.0927121	0.0905527	0.0364658	0.0826672
	0.149107	0.142682	0.239884	0.204424	0.241021	0.27514	0.267335	0.121334	0.241924
loop 19
	0.0421366	0.0391099	0.0719037	0.0598824	0.0706395	0.0812018	0.078806	0.0321625	0.0717579
	0.0438935	0.0409655	0.0756357	0.0624315	0.074366	0.084646	0.0823269	0.0343009	0.0754883
	0.115859	0.110133	0.199768	0.16596	0.198216	0.223693	0.219293	0.0917832	0.199324
	0.0438935	0.0409655	0.0756357	0.0624315	0.074366	0.084646	0.0823269	0.0343009	0.0754883
	0.154131	0.147588	0.245786	0.209967	0.246864	0.281233	0.27342	0.124038	0.247873
	0.043238	0.0417388	0.07635	0.0622172	0.0751345	0.0866006	0.0827756	0.0341542	0.0762
	0.0512677	0.0487511	0.0913306	0.0752475	0.0902736	0.104161	0.102025	0.0395885	0.0926678
	0.154131	0.147588	0.245786	0.209967	0.246864	0.281233	0.27342	0.124038	0.247873
loop 20
	0.0420324	0.0403692	0.0717417	0.0597389	0.0720738	0.082691	0.0802776	0.033376	0.0731958
	0.0427377	0.04115	0.0742938	0.0611605	0.0730472	0.0848948	0.0825661	0.033208	0.0741404
	0.115847	0.110122	0.199781	0.16596	0.19823	0.223725	0.219323	0.091775	0.199337
	0.0427377	0.04115	0.0742938	0.0611605	0.0730472	0.0848948	0.0825661	0.033208	0.0741404
	0.135676	0.131078	0.213065	0.183882	0.216457	0.243581	0.238263	0.110803	0.215141
	0.0433278	0.0418275	0.07642	0.0623004	0.0752227	0.0866838	0.0844364	0.0342483	0.07627
	0.050272	0.047764	0.0902016	0.0741762	0.0891577	0.103	0.0993198	0.0386334	0.0900288
	0.135676	0.131078	0.213065	0.183882	0.216457	0.243581	0.238263	0.110803	0.215141
loop 21
	0.0419617	0.0402961	0.0732703	0.059664	0.0719847	0.0826028	0.0802023	0.0333058	0.0731212
	0.0428442	0.0412461	0.0745375	0.0613465	0.0732681	0.0851652	0.0812204	0.0332726	0.0743841
	0.115882	0.110161	0.199822	0.165991	0.198269	0.223756	0.219354	0.0918077	0.199378
	0.0428442	0.0412461	0.0745375	0.0613465	0.0732681	0.0851652	0.0812204	0.0332726	0.0743841
	0.135757	0.131247	0.216832	0.183236	0.217831	0.247247	0.239385	0.10925	0.216429
	0.04522	0.0424187	0.0784878	0.0642948	0.0772624	0.0887482	0.0865056	0.0348618	0.0783317
	0.054202	0.0517143	0.0984842	0.0794212	0.0974353	0.113014	0.109254	0.0426166	0.098304
	0.135757	0.131247	0.216832	0.183236	0.217831	0.247247	0.239385	0.10925	0.216429
loop 22
	0.0419282	0.0402682	0.0731709	0.0595891	0.0719037	0.0824852	0.0800894	0.0332954	0.0730136
	0.0428564	0.0412653	0.0744923	0.0613259	0.0732328	0.0834928	0.0811694	0.0333035	0.0743389
	0.115876	0.110155	0.199795	0.166001	0.198269	0.223725	0.219323	0.0918036	0.199351
	0.0428564	0.0412653	0.0744923	0.0613259	0.0732328	0.0834928	0.0811694	0.0333035	0.0743389
	0.130349	0.124156	0.211776	0.177523	0.210667	0.241209	0.233639	0.105184	0.211396
	0.043467	0.0406733	0.0751737	0.0625199	0.07397	0.0854038	0.0831576	0.0343423	0.07655
	0.0507904	0.048268	0.09108	0.0749149	0.0900356	0.103996	0.101843	0.0402439	0.0924286
	0.130349	0.124156	0.211776	0.177523	0.210667	0.241209	0.233639	0.105184	0.211396
loop 23
	0.0421329	0.0391031	0.0718875	0.0598637	0.0706236	0.0811826	0.0787876	0.0321525	0.0733365
	0.0427868	0.0412	0.0743841	0.0612363	0.0731267	0.0833655	0.0810571	0.0332473	0.0742306
	0.115876	0.11015	0.199795	0.165991	0.198269	0.223725	0.219339	0.0918036	0.199351
	0.0427868	0.0412	0.0743841	0.0612363	0.0731267	0.0833655	0.0810571	0.0332473	0.0742306
	0.126559	0.122011	0.200801	0.169704	0.201777	0.228541	0.220775	0.101948	0.200442
	0.04415	0.0413712	0.0772318	0.0631213	0.07603	0.0874709	0.0852288	0.0350762	0.0770788
	0.0545159	0.0507931	0.0969441	0.0795415	0.095903	0.111269	0.107584	0.0418403	0.0982984
	0.126559	0.122011	0.200801	0.169704	0.201777	0.228541	0.220775	0.101948	0.200442
loop 24
	0.0420361	0.0403726	0.0717336	0.0597264	0.0720576	0.0826714	0.0802682	0.0333838	0.0731792
	0.0429629	0.0400454	0.0731091	0.0614774	0.0734095	0.0836838	0.0813632	0.0333878	0.0745194
	0.115853	0.110128	0.199768	0.16596	0.198216	0.223693	0.219293	0.0917832	0.199324
	0.0429629	0.0400454	0.0731091	0.0614774	0.0734095	0.0836838	0.0813632	0.0333878	0.0745194
	0.128067	0.12348	0.202669	0.173721	0.206068	0.233016	0.225184	0.105308	0.204737
	0.0467754	0.0439835	0.0813865	0.0671957	0.0801574	0.0916608	0.0894136	0.036467	0.0812322
	0.0520484	0.0495177	0.092619	0.0749149	0.0915552	0.105607	0.10186	0.0402349	0.0924433
	0.128067	0.12348	0.202669	0.173721	0.206068	0.233016	0.225184	0.105308	0.204737
loop 25
	0.0417422	0.0400907	0.0728645	0.0608512	0.0715959	0.08382	0.0814035	0.0331367	0.0743139
	0.0419404	0.0403394	0.0736304	0.060442	0.0723662	0.0826494	0.08032	0.033635	0.0734802
	0.115853	0.110128	0.199781	0.16596	0.19823	0.223725	0.219323	0.0917832	0.199337
	0.0419404	0.0403394	0.0736304	0.060442	0.0723662	0.0826494	0.08032	0.033635	0.0734802
	0.127094	0.122507	0.19945	0.170548	0.202865	0.229753	0.221935	0.104293	0.201517
	0.0450724	0.042288	0.0781757	0.0640492	0.0769665	0.0884155	0.0861729	0.0347578	0.0780196
	0.0537901	0.050067	0.0962901	0.07744	0.0937344	0.109046	0.105377	0.0410914	0.0961127
	0.127094	0.122507	0.19945	0.170548	0.202865	0.229753	0.221935	0.104293	0.201517
loop 26
	0.0420287	0.0403622	0.0717498	0.0597389	0.0720738	0.082691	0.080287	0.0333656	0.073204
	0.0418293	0.0402352	0.073436	0.0602807	0.0721846	0.0824309	0.08011	0.0335479	0.0732858
	0.115859	0.110133	0.199768	0.16597	0.19823	0.223709	0.219308	0.0917832	0.199324
	0.0418293	0.0402352	0.073436	0.0602807	0.0721846	0.0824309	0.08011	0.0335479	0.0732858
	0.127931	0.123365	0.202418	0.173516	0.205811	0.232715	0.224896	0.105228	0.204455
	0.0432111	0.0417092	0.07629	0.0621642	0.0750757	0.0865293	0.0842761	0.0341385	0.07613
	0.050627	0.0480679	0.0898516	0.0735946	0.0888005	0.102841	0.099098	0.0387432	0.0896845
	0.127931	0.123365	0.202418	0.173516	0.205811	0.232715	0.224896	0.105228	0.204455
loop 27
	0.0409104	0.0392512	0.0721467	0.0600821	0.0708692	0.0814707	0.0790733	0.0322775	0.0719928
	0.0427786	0.0411885	0.074357	0.0612157	0.0731002	0.0849705	0.082639	0.034505	0.075774
	0.115882	0.110155	0.199795	0.166001	0.198269	0.22374	0.219339	0.0918036	0.199351
	0.0427786	0.0411885	0.074357	0.0612157	0.0731002	0.0849705	0.082639	0.034505	0.075774
	0.12638	0.121827	0.200828	0.171923	0.201749	0.231106	0.223277	0.103697	0.202865
	0.0441638	0.042654	0.077395	0.0632143	0.07617	0.0876524	0.0854038	0.0350502	0.077242
	0.0502704	0.0477959	0.08972	0.0738879	0.0886896	0.102349	0.100251	0.0387894	0.0910454
	0.12638	0.121827	0.200828	0.171923	0.201749	0.231106	0.223277	0.103697	0.202865
loop 28
	0.0418538	0.0401916	0.0730881	0.0610304	0.0718146	0.082397	0.0800047	0.0332174	0.072939
	0.0427254	0.0411346	0.0742848	0.0626291	0.0745916	0.084884	0.0825661	0.0344555	0.0757002
	0.115882	0.110155	0.199795	0.166001	0.198269	0.22374	0.219339	0.0918077	0.199364
	0.0427254	0.0411346	0.0742848	0.0626291	0.0745916	0.084884	0.0825661	0.0344555	0.0757002
	0.126321	0.121785	0.20047	0.171697	0.201498	0.22818	0.2204	0.103708	0.20253
	0.0452962	0.0424928	0.0770176	0.064366	0.0773338	0.0888344	0.0865768	0.0349332	0.0783941
	0.0484837	0.045904	0.0865404	0.0702242	0.0854757	0.0979912	0.0958232	0.0377055	0.0863714
	0.126321	0.121785	0.20047	0.171697	0.201498	0.22818	0.2204	0.103708	0.20253
loop 29
	0.0421515	0.03912	0.0719199	0.0598886	0.0706474	0.081221	0.0788244	0.0321675	0.0717741
	0.0441132	0.0411692	0.0760136	0.062742	0.074736	0.085057	0.0827222	0.034473	0.0758569
	0.115876	0.11015	0.199781	0.16598	0.198256	0.223709	0.219323	0.0917996	0.199337
	0.0441132	0.0411692	0.0760136	0.062742	0.074736	0.085057	0.0827222	0.034473	0.0758569
	0.129574	0.12499	0.204172	0.175221	0.20756	0.234487	0.22667	0.10485	0.20621
	0.045101	0.0423055	0.0783005	0.0641363	0.0770686	0.088551	0.0863036	0.0347643	0.0781444
	0.0461981	0.0436856	0.083356	0.0674201	0.0823012	0.0945411	0.0909072	0.0357069	0.0832028
	0.129574	0.12499	0.204172	0.175221	0.20756	0.234487	0.22667	0.10485	0.20621
loop 30
	0.0419878	0.0403274	0.073262	0.0596702	0.0719847	0.082593	0.0801835	0.0333422	0.0731047
	0.0429916	0.0400714	0.0731621	0.0615188	0.0734625	0.0837474	0.0814244	0.0334074	0.0745736
	0.11587	0.110144	0.199808	0.16597	0.198256	0.22374	0.219339	0.0917996	0.199364
	0.0429916	0.0400714	0.0731621	0.0615188	0.0734625	0.0837474	0.0814244	0.0334074	0.0745736
	0.125737	0.121153	0.198197	0.169252	0.199178	0.225985	0.218203	0.10294	0.200267
	0.044284	0.0414979	0.0774256	0.063284	0.07622	0.0876766	0.0854271	0.033966	0.0772726
	0.0428728	0.0402712	0.0753239	0.0620217	0.0742638	0.0866377	0.0829697	0.0331918	0.0766422
	0.125737	0.121153	0.198197	0.169252	0.199178	0.225985	0.218203	0.10294	0.200267
loop 31
	0.0419245	0.0402612	0.0731626	0.0595891	0.0718875	0.0824852	0.08008	0.033285	0.0730136
	0.0428401	0.0412461	0.0744833	0.061319	0.0732239	0.0851111	0.0811592	0.033281	0.0743299
	0.115853	0.110128	0.199781	0.16597	0.19823	0.223709	0.219308	0.0917791	0.199337
	0.0428401	0.0412461	0.0744833	0.061319	0.0732239	0.0851111	0.0811592	0.033281	0.0743299
	0.13276	0.126298	0.210146	0.179494	0.211221	0.240101	0.234887	0.106674	0.21217
	0.0448867	0.0433907	0.0794826	0.065286	0.0782485	0.0897523	0.0875072	0.0358199	0.0793235
	0.0463419	0.0436552	0.0813936	0.0676006	0.0803171	0.0931559	0.09092	0.0363277	0.0827763
	0.13276	0.126298	0.210146	0.179494	0.211221	0.240101	0.234887	0.106674	0.21217

work load: twolf.mips equake.mips bzip2.mips equake.mips gcc.mips vpr.mips crafty.mips gcc.mips
