loop 0
	0.221699	0.234404	0.188405	0.235578	1.4208	0.199764	0.171669	0.163489
	0.221699	0.234404	0.188405	0.235578	1.4208	0.199764	0.171669	0.163489
	1.60257	2.33963	1.86022	1.15856	4.66315	1.009	0.871857	1.60815
	1.60257	2.33963	1.86022	1.15856	4.66315	1.009	0.871857	1.60815
	1.60257	2.33963	1.86022	1.15856	4.66315	1.009	0.871857	1.60815
	1.60247	2.33963	1.86063	1.1584	4.66377	1.00892	0.871791	1.60779
	1.60247	2.33963	1.86063	1.1584	4.66377	1.00892	0.871791	1.60779
	1.60247	2.33963	1.86063	1.1584	4.66377	1.00892	0.871791	1.60779
loop 1
	0.236225	0.246657	0.200496	0.252086	1.44075	0.21247	0.1808	0.168594
	0.236225	0.246657	0.200496	0.252086	1.44075	0.21247	0.1808	0.168594
	1.60247	2.33963	1.86049	1.1584	4.66377	1.00887	0.871791	1.60779
	1.60247	2.33963	1.86049	1.1584	4.66377	1.00887	0.871791	1.60779
	1.60247	2.33963	1.86049	1.1584	4.66377	1.00887	0.871791	1.60779
	1.60257	2.33944	1.86022	1.15856	4.66377	1.009	0.871857	1.60815
	1.60257	2.33944	1.86022	1.15856	4.66377	1.009	0.871857	1.60815
	1.60257	2.33944	1.86022	1.15856	4.66377	1.009	0.871857	1.60815
loop 2
	0.225684	0.239173	0.193074	0.244458	1.43051	0.204663	0.176758	0.164705
	0.225684	0.239173	0.193074	0.244458	1.43051	0.204663	0.176758	0.164705
	1.61202	2.33889	1.85967	1.15793	4.66315	1.00845	0.880995	1.60767
	1.61202	2.33889	1.85967	1.15793	4.66315	1.00845	0.880995	1.60767
	1.61202	2.33889	1.85967	1.15793	4.66315	1.00845	0.880995	1.60767
	1.61182	2.33889	1.85953	1.15777	4.66315	1.00828	0.880861	1.60767
	1.61182	2.33889	1.85953	1.15777	4.66315	1.00828	0.880861	1.60767
	1.61182	2.33889	1.85953	1.15777	4.66315	1.00828	0.880861	1.60767
loop 3
	0.223414	0.236067	0.193819	0.241293	1.42577	0.20552	0.173351	0.165386
	0.223414	0.236067	0.193819	0.241293	1.42577	0.20552	0.173351	0.165386
	1.61182	2.33889	1.85953	1.15772	4.66315	1.00828	0.880828	1.60767
	1.61182	2.33889	1.85953	1.15772	4.66315	1.00828	0.880828	1.60767
	1.61182	2.33889	1.85953	1.15772	4.66315	1.00828	0.880828	1.60767
	1.61192	2.33889	1.85967	1.15793	4.66315	1.00845	0.880962	1.60767
	1.61192	2.33889	1.85967	1.15793	4.66315	1.00845	0.880962	1.60767
	1.61192	2.33889	1.85967	1.15793	4.66315	1.00845	0.880962	1.60767
loop 4
	0.228326	0.241332	0.19521	0.24665	1.43101	0.207008	0.179176	0.166962
	0.228326	0.241332	0.19521	0.24665	1.43101	0.207008	0.179176	0.166962
	1.61192	2.33889	1.85967	1.15793	4.66315	1.00841	0.880962	1.60767
	1.61192	2.33889	1.85967	1.15793	4.66315	1.00841	0.880962	1.60767
	1.61192	2.33889	1.85967	1.15793	4.66315	1.00841	0.880962	1.60767
	1.61202	2.33889	1.85981	1.15788	4.66254	1.00841	0.880928	1.60779
	1.61202	2.33889	1.85981	1.15788	4.66254	1.00841	0.880928	1.60779
	1.61202	2.33889	1.85981	1.15788	4.66254	1.00841	0.880928	1.60779
loop 5
	0.231042	0.243691	0.197741	0.249262	1.4375	0.209666	0.177967	0.169373
	0.231042	0.243691	0.197741	0.249262	1.4375	0.209666	0.177967	0.169373
	1.60267	2.33963	1.86036	1.15856	4.66315	1.009	0.87189	1.60827
	1.60267	2.33963	1.86036	1.15856	4.66315	1.009	0.87189	1.60827
	1.60267	2.33963	1.86036	1.15856	4.66315	1.009	0.87189	1.60827
	1.60257	2.33908	1.86063	1.15846	4.66377	1.00892	0.871791	1.60779
	1.60257	2.33908	1.86063	1.15846	4.66377	1.00892	0.871791	1.60779
	1.60257	2.33908	1.86063	1.15846	4.66377	1.00892	0.871791	1.60779
loop 6
	0.231681	0.241332	0.195408	0.246859	1.437	0.207175	0.179325	0.166978
	0.231681	0.241332	0.195408	0.246859	1.437	0.207175	0.179325	0.166978
	1.60257	2.33908	1.86063	1.15846	4.66377	1.00892	0.871791	1.60779
	1.60257	2.33908	1.86063	1.15846	4.66377	1.00892	0.871791	1.60779
	1.60257	2.33908	1.86063	1.15846	4.66377	1.00892	0.871791	1.60779
	1.60267	2.33963	1.86022	1.15856	4.66315	1.009	0.871857	1.60815
	1.60267	2.33963	1.86022	1.15856	4.66315	1.009	0.871857	1.60815
	1.60267	2.33963	1.86022	1.15856	4.66315	1.009	0.871857	1.60815
loop 7
	0.235656	0.246833	0.200745	0.248157	1.43949	0.208626	0.180986	0.168789
	0.235656	0.246833	0.200745	0.248157	1.43949	0.208626	0.180986	0.168789
	1.60257	2.33963	1.86022	1.15856	4.66315	1.009	0.871857	1.60815
	1.60257	2.33963	1.86022	1.15856	4.66315	1.009	0.871857	1.60815
	1.60257	2.33963	1.86022	1.15856	4.66315	1.009	0.871857	1.60815
	1.60247	2.33944	1.86049	1.1584	4.66377	1.00887	0.871757	1.60767
	1.60247	2.33944	1.86049	1.1584	4.66377	1.00887	0.871757	1.60767
	1.60247	2.33944	1.86049	1.1584	4.66377	1.00887	0.871757	1.60767
loop 8
	0.236053	0.246218	0.200247	0.247662	1.43874	0.212372	0.180656	0.168467
	0.236053	0.246218	0.200247	0.247662	1.43874	0.212372	0.180656	0.168467
	1.60247	2.33944	1.86049	1.1584	4.66377	1.00887	0.871724	1.60815
	1.60247	2.33944	1.86049	1.1584	4.66377	1.00887	0.871724	1.60815
	1.60247	2.33944	1.86049	1.1584	4.66377	1.00887	0.871724	1.60815
	1.61202	2.33889	1.85967	1.15793	4.66315	1.00845	0.880995	1.60767
	1.61202	2.33889	1.85967	1.15793	4.66315	1.00845	0.880995	1.60767
	1.61202	2.33889	1.85967	1.15793	4.66315	1.00845	0.880995	1.60767
loop 9
	0.239059	0.246759	0.200475	0.247917	1.43899	0.212491	0.180791	0.168493
	0.239059	0.246759	0.200475	0.247917	1.43899	0.212491	0.180791	0.168493
	1.61202	2.33889	1.85967	1.15793	4.66315	1.00845	0.880995	1.60767
	1.61202	2.33889	1.85967	1.15793	4.66315	1.00845	0.880995	1.60767
	1.61202	2.33889	1.85967	1.15793	4.66315	1.00845	0.880995	1.60767
	1.61182	2.33889	1.85953	1.15772	4.66315	1.00828	0.880828	1.60767
	1.61182	2.33889	1.85953	1.15772	4.66315	1.00828	0.880828	1.60767
	1.61182	2.33889	1.85953	1.15772	4.66315	1.00828	0.880828	1.60767
loop 10
	0.238777	0.246335	0.200161	0.251798	1.43924	0.212167	0.180512	0.171994
	0.238777	0.246335	0.200161	0.251798	1.43924	0.212167	0.180512	0.171994
	1.61182	2.33889	1.85953	1.15772	4.66315	1.00828	0.880828	1.60767
	1.61182	2.33889	1.85953	1.15772	4.66315	1.00828	0.880828	1.60767
	1.61182	2.33889	1.85953	1.15772	4.66315	1.00828	0.880828	1.60767
	1.61192	2.33889	1.85967	1.15793	4.66315	1.00841	0.880962	1.60731
	1.61192	2.33889	1.85967	1.15793	4.66315	1.00841	0.880962	1.60731
	1.61192	2.33889	1.85967	1.15793	4.66315	1.00841	0.880962	1.60731
loop 11
	0.238602	0.246335	0.200193	0.251741	1.43849	0.212145	0.180495	0.171882
	0.238602	0.246335	0.200193	0.251741	1.43849	0.212145	0.180495	0.171882
	1.61202	2.33853	1.85967	1.15793	4.66315	1.00845	0.880962	1.60743
	1.61202	2.33853	1.85967	1.15793	4.66315	1.00845	0.880962	1.60743
	1.61202	2.33853	1.85967	1.15793	4.66315	1.00845	0.880962	1.60743
	1.60267	2.33963	1.86036	1.15856	4.66315	1.009	0.87189	1.60827
	1.60267	2.33963	1.86036	1.15856	4.66315	1.009	0.87189	1.60827
	1.60267	2.33963	1.86036	1.15856	4.66315	1.009	0.87189	1.60827
loop 12
	0.240215	0.251973	0.20168	0.253187	1.44398	0.213731	0.18226	0.173795
	0.240215	0.251973	0.20168	0.253187	1.44398	0.213731	0.18226	0.173795
	1.60267	2.33963	1.86036	1.15856	4.66315	1.009	0.87189	1.60815
	1.60267	2.33963	1.86036	1.15856	4.66315	1.009	0.87189	1.60815
	1.60267	2.33963	1.86036	1.15856	4.66315	1.009	0.87189	1.60815
	1.60247	2.33963	1.86063	1.15846	4.66377	1.00892	0.871791	1.60779
	1.60247	2.33963	1.86063	1.15846	4.66377	1.00892	0.871791	1.60779
	1.60247	2.33963	1.86063	1.15846	4.66377	1.00892	0.871791	1.60779
loop 13
	0.255877	0.260806	0.214654	0.266606	1.45925	0.223422	0.192282	0.179411
	0.255877	0.260806	0.214654	0.266606	1.45925	0.223422	0.192282	0.179411
	1.60247	2.33963	1.86063	1.15846	4.66377	1.00892	0.871791	1.60779
	1.60247	2.33963	1.86063	1.15846	4.66377	1.00892	0.871791	1.60779
	1.60247	2.33963	1.86063	1.15846	4.66377	1.00892	0.871791	1.60779
	1.60257	2.33963	1.86022	1.15856	4.66315	1.009	0.871857	1.60815
	1.60257	2.33963	1.86022	1.15856	4.66315	1.009	0.871857	1.60815
	1.60257	2.33963	1.86022	1.15856	4.66315	1.009	0.871857	1.60815
loop 14
	0.245169	0.257078	0.206929	0.258691	1.45025	0.219477	0.188009	0.175238
	0.245169	0.257078	0.206929	0.258691	1.45025	0.219477	0.188009	0.175238
	1.60257	2.33963	1.86022	1.15851	4.66315	1.00896	0.871857	1.60815
	1.60257	2.33963	1.86022	1.15851	4.66315	1.00896	0.871857	1.60815
	1.60257	2.33963	1.86022	1.15851	4.66315	1.00896	0.871857	1.60815
	1.61182	2.33889	1.85994	1.15777	4.66315	1.00832	0.880861	1.60767
	1.61182	2.33889	1.85994	1.15777	4.66315	1.00832	0.880861	1.60767
	1.61182	2.33889	1.85994	1.15777	4.66315	1.00832	0.880861	1.60767
loop 15
	0.244801	0.254457	0.204417	0.25596	1.44873	0.216608	0.185176	0.17633
	0.244801	0.254457	0.204417	0.25596	1.44873	0.216608	0.185176	0.17633
	1.61182	2.33889	1.85967	1.15777	4.66315	1.00832	0.880861	1.60767
	1.61182	2.33889	1.85967	1.15777	4.66315	1.00832	0.880861	1.60767
	1.61182	2.33889	1.85967	1.15777	4.66315	1.00832	0.880861	1.60767
	1.61202	2.33889	1.85967	1.15793	4.66315	1.00845	0.880995	1.60767
	1.61202	2.33889	1.85967	1.15793	4.66315	1.00845	0.880995	1.60767
	1.61202	2.33889	1.85967	1.15793	4.66315	1.00845	0.880995	1.60767
loop 16
	0.24732	0.256406	0.206437	0.25798	1.45323	0.218802	0.187476	0.178495
	0.24732	0.256406	0.206437	0.25798	1.45323	0.218802	0.187476	0.178495
	1.61192	2.33889	1.85967	1.15793	4.66315	1.00845	0.880962	1.60767
	1.61192	2.33889	1.85967	1.15793	4.66315	1.00845	0.880962	1.60767
	1.61192	2.33889	1.85967	1.15793	4.66315	1.00845	0.880962	1.60767
	1.61182	2.33889	1.85953	1.15772	4.66315	1.00828	0.880828	1.60755
	1.61182	2.33889	1.85953	1.15772	4.66315	1.00828	0.880828	1.60755
	1.61182	2.33889	1.85953	1.15772	4.66315	1.00828	0.880828	1.60755
loop 17
	0.246874	0.256078	0.206185	0.257692	1.4462	0.218493	0.187197	0.174607
	0.246874	0.256078	0.206185	0.257692	1.4462	0.218493	0.187197	0.174607
	1.61182	2.33889	1.85953	1.15772	4.66254	1.00828	0.880828	1.60767
	1.61182	2.33889	1.85953	1.15772	4.66254	1.00828	0.880828	1.60767
	1.61182	2.33889	1.85953	1.15772	4.66254	1.00828	0.880828	1.60767
	1.60257	2.33908	1.86022	1.15851	4.66377	1.00896	0.871824	1.60779
	1.60257	2.33908	1.86022	1.15851	4.66377	1.00896	0.871824	1.60779
	1.60257	2.33908	1.86022	1.15851	4.66377	1.00896	0.871824	1.60779
loop 18
	0.244688	0.251035	0.204911	0.256556	1.44772	0.21708	0.185591	0.173053
	0.244688	0.251035	0.204911	0.256556	1.44772	0.21708	0.185591	0.173053
	1.60257	2.33908	1.86022	1.15846	4.66377	1.00896	0.871824	1.60779
	1.60257	2.33908	1.86022	1.15846	4.66377	1.00896	0.871824	1.60779
	1.60257	2.33908	1.86022	1.15846	4.66377	1.00896	0.871824	1.60779
	1.60267	2.33963	1.86022	1.15856	4.66315	1.009	0.871857	1.60815
	1.60267	2.33963	1.86022	1.15856	4.66315	1.009	0.871857	1.60815
	1.60267	2.33963	1.86022	1.15856	4.66315	1.009	0.871857	1.60815
loop 19
	0.250039	0.252828	0.206746	0.258297	1.45246	0.219031	0.187675	0.175148
	0.250039	0.252828	0.206746	0.258297	1.45246	0.219031	0.187675	0.175148
	1.60257	2.33963	1.86022	1.15856	4.66315	1.009	0.871857	1.60815
	1.60257	2.33963	1.86022	1.15856	4.66315	1.009	0.871857	1.60815
	1.60257	2.33963	1.86022	1.15856	4.66315	1.009	0.871857	1.60815
	1.60247	2.33963	1.86063	1.1584	4.66377	1.00892	0.871791	1.60779
	1.60247	2.33963	1.86063	1.1584	4.66377	1.00892	0.871791	1.60779
	1.60247	2.33963	1.86063	1.1584	4.66377	1.00892	0.871791	1.60779
loop 20
	0.252209	0.258684	0.208459	0.260054	1.45119	0.220881	0.189656	0.177104
	0.252209	0.258684	0.208459	0.260054	1.45119	0.220881	0.189656	0.177104
	1.60247	2.33963	1.86049	1.1584	4.66377	1.00887	0.871791	1.60779
	1.60247	2.33963	1.86049	1.1584	4.66377	1.00887	0.871791	1.60779
	1.60247	2.33963	1.86049	1.1584	4.66377	1.00887	0.871791	1.60779
	1.60257	2.33944	1.86022	1.15856	4.66377	1.009	0.871857	1.60815
	1.60257	2.33944	1.86022	1.15856	4.66377	1.009	0.871857	1.60815
	1.60257	2.33944	1.86022	1.15856	4.66377	1.009	0.871857	1.60815
loop 21
	0.257579	0.263209	0.217022	0.269096	1.459	0.226004	0.194904	0.181698
	0.257579	0.263209	0.217022	0.269096	1.459	0.226004	0.194904	0.181698
	1.61202	2.33889	1.85967	1.15793	4.66315	1.00845	0.880995	1.60767
	1.61202	2.33889	1.85967	1.15793	4.66315	1.00845	0.880995	1.60767
	1.61202	2.33889	1.85967	1.15793	4.66315	1.00845	0.880995	1.60767
	1.61182	2.33889	1.85953	1.15777	4.66315	1.00828	0.880861	1.60767
	1.61182	2.33889	1.85953	1.15777	4.66315	1.00828	0.880861	1.60767
	1.61182	2.33889	1.85953	1.15777	4.66315	1.00828	0.880861	1.60767
loop 22
	0.252596	0.259382	0.209415	0.261023	1.45272	0.221896	0.19055	0.177712
	0.252596	0.259382	0.209415	0.261023	1.45272	0.221896	0.19055	0.177712
	1.61182	2.33889	1.85953	1.15772	4.66315	1.00828	0.880828	1.60767
	1.61182	2.33889	1.85953	1.15772	4.66315	1.00828	0.880828	1.60767
	1.61182	2.33889	1.85953	1.15772	4.66315	1.00828	0.880828	1.60767
	1.61192	2.33889	1.85967	1.15793	4.66315	1.00845	0.880962	1.60767
	1.61192	2.33889	1.85967	1.15793	4.66315	1.00845	0.880962	1.60767
	1.61192	2.33889	1.85967	1.15793	4.66315	1.00845	0.880962	1.60767
loop 23
	0.258348	0.261677	0.211755	0.263531	1.45696	0.22442	0.189177	0.180107
	0.258348	0.261677	0.211755	0.263531	1.45696	0.22442	0.189177	0.180107
	1.61192	2.33889	1.85967	1.15793	4.66315	1.00841	0.880962	1.60767
	1.61192	2.33889	1.85967	1.15793	4.66315	1.00841	0.880962	1.60767
	1.61192	2.33889	1.85967	1.15793	4.66315	1.00841	0.880962	1.60767
	1.61202	2.33889	1.85981	1.15788	4.66254	1.00841	0.880928	1.60779
	1.61202	2.33889	1.85981	1.15788	4.66254	1.00841	0.880928	1.60779
	1.61202	2.33889	1.85981	1.15788	4.66254	1.00841	0.880928	1.60779
loop 24
	0.257256	0.26108	0.211185	0.262797	1.45492	0.223695	0.188578	0.179646
	0.257256	0.26108	0.211185	0.262797	1.45492	0.223695	0.188578	0.179646
	1.60267	2.33963	1.86036	1.15856	4.66315	1.009	0.87189	1.60827
	1.60267	2.33963	1.86036	1.15856	4.66315	1.009	0.87189	1.60827
	1.60267	2.33963	1.86036	1.15856	4.66315	1.009	0.87189	1.60827
	1.60257	2.33908	1.86063	1.15846	4.66377	1.00892	0.871791	1.60779
	1.60257	2.33908	1.86063	1.15846	4.66377	1.00892	0.871791	1.60779
	1.60257	2.33908	1.86063	1.15846	4.66377	1.00892	0.871791	1.60779
loop 25
	0.257317	0.257652	0.211577	0.263219	1.46171	0.224064	0.188882	0.179909
	0.257317	0.257652	0.211577	0.263219	1.46171	0.224064	0.188882	0.179909
	1.60257	2.33908	1.86063	1.15846	4.66377	1.00892	0.871791	1.60779
	1.60257	2.33908	1.86063	1.15846	4.66377	1.00892	0.871791	1.60779
	1.60257	2.33908	1.86063	1.15846	4.66377	1.00892	0.871791	1.60779
	1.60267	2.33963	1.86022	1.15856	4.66315	1.009	0.871857	1.60815
	1.60267	2.33963	1.86022	1.15856	4.66315	1.009	0.871857	1.60815
	1.60267	2.33963	1.86022	1.15856	4.66315	1.009	0.871857	1.60815
loop 26
	0.269385	0.268304	0.21819	0.274194	1.47122	0.231023	0.196138	0.18668
	0.269385	0.268304	0.21819	0.274194	1.47122	0.231023	0.196138	0.18668
	1.60257	2.33963	1.86022	1.15856	4.66315	1.009	0.871857	1.60815
	1.60257	2.33963	1.86022	1.15856	4.66315	1.009	0.871857	1.60815
	1.60257	2.33963	1.86022	1.15856	4.66315	1.009	0.871857	1.60815
	1.60247	2.33944	1.86049	1.1584	4.66377	1.00887	0.871757	1.60767
	1.60247	2.33944	1.86049	1.1584	4.66377	1.00887	0.871757	1.60767
	1.60247	2.33944	1.86049	1.1584	4.66377	1.00887	0.871757	1.60767
loop 27
	0.264854	0.265507	0.215445	0.27127	1.46569	0.228173	0.197226	0.18419
	0.264854	0.265507	0.215445	0.27127	1.46569	0.228173	0.197226	0.18419
	1.60247	2.33944	1.86049	1.1584	4.66377	1.00887	0.871724	1.60815
	1.60247	2.33944	1.86049	1.1584	4.66377	1.00887	0.871724	1.60815
	1.60247	2.33944	1.86049	1.1584	4.66377	1.00887	0.871724	1.60815
	1.61202	2.33889	1.85967	1.15793	4.66315	1.00845	0.880995	1.60767
	1.61202	2.33889	1.85967	1.15793	4.66315	1.00845	0.880995	1.60767
	1.61202	2.33889	1.85967	1.15793	4.66315	1.00845	0.880995	1.60767
loop 28
	0.267403	0.270869	0.220904	0.27694	1.46749	0.234017	0.1991	0.189555
	0.267403	0.270869	0.220904	0.27694	1.46749	0.234017	0.1991	0.189555
	1.61202	2.33889	1.85967	1.15793	4.66315	1.00845	0.880995	1.60767
	1.61202	2.33889	1.85967	1.15793	4.66315	1.00845	0.880995	1.60767
	1.61202	2.33889	1.85967	1.15793	4.66315	1.00845	0.880995	1.60767
	1.61182	2.33889	1.85953	1.15772	4.66315	1.00828	0.880828	1.60767
	1.61182	2.33889	1.85953	1.15772	4.66315	1.00828	0.880828	1.60767
	1.61182	2.33889	1.85953	1.15772	4.66315	1.00828	0.880828	1.60767
loop 29
	0.265516	0.262668	0.216739	0.268467	1.46698	0.225411	0.194414	0.181477
	0.265516	0.262668	0.216739	0.268467	1.46698	0.225411	0.194414	0.181477
	1.61182	2.33889	1.85953	1.15772	4.66315	1.00828	0.880828	1.60767
	1.61182	2.33889	1.85953	1.15772	4.66315	1.00828	0.880828	1.60767
	1.61182	2.33889	1.85953	1.15772	4.66315	1.00828	0.880828	1.60767
	1.61192	2.33889	1.85967	1.15793	4.66315	1.00841	0.880962	1.60731
	1.61192	2.33889	1.85967	1.15793	4.66315	1.00841	0.880962	1.60731
	1.61192	2.33889	1.85967	1.15793	4.66315	1.00841	0.880962	1.60731
loop 30
	0.270816	0.268152	0.218353	0.274277	1.47071	0.231249	0.196314	0.18689
	0.270816	0.268152	0.218353	0.274277	1.47071	0.231249	0.196314	0.18689
	1.61202	2.33853	1.85967	1.15793	4.66315	1.00845	0.880962	1.60743
	1.61202	2.33853	1.85967	1.15793	4.66315	1.00845	0.880962	1.60743
	1.61202	2.33853	1.85967	1.15793	4.66315	1.00845	0.880962	1.60743
	1.60267	2.33963	1.86036	1.15856	4.66315	1.009	0.87189	1.60827
	1.60267	2.33963	1.86036	1.15856	4.66315	1.009	0.87189	1.60827
	1.60267	2.33963	1.86036	1.15856	4.66315	1.009	0.87189	1.60827
loop 31
	0.264193	0.266156	0.216221	0.267854	1.46415	0.228949	0.193914	0.181055
	0.264193	0.266156	0.216221	0.267854	1.46415	0.228949	0.193914	0.181055
	1.60267	2.33963	1.86036	1.15856	4.66315	1.009	0.87189	1.60815
	1.60267	2.33963	1.86036	1.15856	4.66315	1.009	0.87189	1.60815
	1.60267	2.33963	1.86036	1.15856	4.66315	1.009	0.87189	1.60815
	1.60247	2.33963	1.86063	1.15846	4.66377	1.00892	0.871791	1.60779
	1.60247	2.33963	1.86063	1.15846	4.66377	1.00892	0.871791	1.60779
	1.60247	2.33963	1.86063	1.15846	4.66377	1.00892	0.871791	1.60779
loop 32
	0.267256	0.26609	0.216061	0.267725	1.47096	0.228727	0.193741	0.184474
	0.267256	0.26609	0.216061	0.267725	1.47096	0.228727	0.193741	0.184474
	1.60247	2.33963	1.86063	1.15846	4.66377	1.00892	0.871791	1.60779
	1.60247	2.33963	1.86063	1.15846	4.66377	1.00892	0.871791	1.60779
	1.60247	2.33963	1.86063	1.15846	4.66377	1.00892	0.871791	1.60779
	1.60257	2.33963	1.86022	1.15856	4.66315	1.009	0.871857	1.60815
	1.60257	2.33963	1.86022	1.15856	4.66315	1.009	0.871857	1.60815
	1.60257	2.33963	1.86022	1.15856	4.66315	1.009	0.871857	1.60815
loop 33
	0.27236	0.267426	0.221261	0.273129	1.46942	0.23012	0.1993	0.18615
	0.27236	0.267426	0.221261	0.273129	1.46942	0.23012	0.1993	0.18615
	1.60257	2.33963	1.86022	1.15851	4.66315	1.00896	0.871857	1.60815
	1.60257	2.33963	1.86022	1.15851	4.66315	1.00896	0.871857	1.60815
	1.60257	2.33963	1.86022	1.15851	4.66315	1.00896	0.871857	1.60815
	1.61182	2.33889	1.85994	1.15777	4.66315	1.00832	0.880861	1.60767
	1.61182	2.33889	1.85994	1.15777	4.66315	1.00832	0.880861	1.60767
	1.61182	2.33889	1.85994	1.15777	4.66315	1.00832	0.880861	1.60767
loop 34
	0.27473	0.272895	0.222842	0.278849	1.47469	0.236007	0.201235	0.188004
	0.27473	0.272895	0.222842	0.278849	1.47469	0.236007	0.201235	0.188004
	1.61182	2.33889	1.85967	1.15777	4.66315	1.00832	0.880861	1.60767
	1.61182	2.33889	1.85967	1.15777	4.66315	1.00832	0.880861	1.60767
	1.61182	2.33889	1.85967	1.15777	4.66315	1.00832	0.880861	1.60767
	1.61202	2.33889	1.85967	1.15793	4.66315	1.00845	0.880995	1.60767
	1.61202	2.33889	1.85967	1.15793	4.66315	1.00845	0.880995	1.60767
	1.61202	2.33889	1.85967	1.15793	4.66315	1.00845	0.880995	1.60767
loop 35
	0.278192	0.275948	0.226002	0.282286	1.47676	0.239412	0.204584	0.190955
	0.278192	0.275948	0.226002	0.282286	1.47676	0.239412	0.204584	0.190955
	1.61192	2.33889	1.85967	1.15793	4.66315	1.00845	0.880962	1.60767
	1.61192	2.33889	1.85967	1.15793	4.66315	1.00845	0.880962	1.60767
	1.61192	2.33889	1.85967	1.15793	4.66315	1.00845	0.880962	1.60767
	1.61182	2.33889	1.85953	1.15772	4.66315	1.00828	0.880828	1.60755
	1.61182	2.33889	1.85953	1.15772	4.66315	1.00828	0.880828	1.60755
	1.61182	2.33889	1.85953	1.15772	4.66315	1.00828	0.880828	1.60755
loop 36
	0.277808	0.270423	0.220559	0.276416	1.47365	0.233494	0.19868	0.18554
	0.277808	0.270423	0.220559	0.276416	1.47365	0.233494	0.19868	0.18554
	1.61182	2.33889	1.85953	1.15772	4.66254	1.00828	0.880828	1.60767
	1.61182	2.33889	1.85953	1.15772	4.66254	1.00828	0.880828	1.60767
	1.61182	2.33889	1.85953	1.15772	4.66254	1.00828	0.880828	1.60767
	1.60257	2.33908	1.86022	1.15851	4.66377	1.00896	0.871824	1.60779
	1.60257	2.33908	1.86022	1.15851	4.66377	1.00896	0.871824	1.60779
	1.60257	2.33908	1.86022	1.15851	4.66377	1.00896	0.871824	1.60779
loop 37
	0.28243	0.278228	0.224428	0.280265	1.47841	0.237587	0.203024	0.19337
	0.28243	0.278228	0.224428	0.280265	1.47841	0.237587	0.203024	0.19337
	1.60257	2.33908	1.86022	1.15846	4.66377	1.00896	0.871824	1.60779
	1.60257	2.33908	1.86022	1.15846	4.66377	1.00896	0.871824	1.60779
	1.60257	2.33908	1.86022	1.15846	4.66377	1.00896	0.871824	1.60779
	1.60267	2.33963	1.86022	1.15856	4.66315	1.009	0.871857	1.60815
	1.60267	2.33963	1.86022	1.15856	4.66315	1.009	0.871857	1.60815
	1.60267	2.33963	1.86022	1.15856	4.66315	1.009	0.871857	1.60815
loop 38
	0.29015	0.284136	0.230057	0.286147	1.48898	0.243377	0.208889	0.195067
	0.29015	0.284136	0.230057	0.286147	1.48898	0.243377	0.208889	0.195067
	1.60257	2.33963	1.86022	1.15856	4.66315	1.009	0.871857	1.60815
	1.60257	2.33963	1.86022	1.15856	4.66315	1.009	0.871857	1.60815
	1.60257	2.33963	1.86022	1.15856	4.66315	1.009	0.871857	1.60815
	1.60247	2.33963	1.86063	1.1584	4.66377	1.00892	0.871791	1.60779
	1.60247	2.33963	1.86063	1.1584	4.66377	1.00892	0.871791	1.60779
	1.60247	2.33963	1.86063	1.1584	4.66377	1.00892	0.871791	1.60779
loop 39
	0.277861	0.270406	0.220393	0.276264	1.47971	0.233226	0.19845	0.189004
	0.277861	0.270406	0.220393	0.276264	1.47971	0.233226	0.19845	0.189004
	1.60247	2.33963	1.86049	1.1584	4.66377	1.00887	0.871791	1.60779
	1.60247	2.33963	1.86049	1.1584	4.66377	1.00887	0.871791	1.60779
	1.60247	2.33963	1.86049	1.1584	4.66377	1.00887	0.871791	1.60779
	1.60257	2.33944	1.86022	1.15856	4.66377	1.009	0.871857	1.60815
	1.60257	2.33944	1.86022	1.15856	4.66377	1.009	0.871857	1.60815
	1.60257	2.33944	1.86022	1.15856	4.66377	1.009	0.871857	1.60815
loop 40
	0.276414	0.273173	0.223115	0.274963	1.47867	0.23615	0.201378	0.188035
	0.276414	0.273173	0.223115	0.274963	1.47867	0.23615	0.201378	0.188035
	1.61202	2.33889	1.85967	1.15793	4.66315	1.00845	0.880995	1.60767
	1.61202	2.33889	1.85967	1.15793	4.66315	1.00845	0.880995	1.60767
	1.61202	2.33889	1.85967	1.15793	4.66315	1.00845	0.880995	1.60767
	1.61182	2.33889	1.85953	1.15777	4.66315	1.00828	0.880861	1.60767
	1.61182	2.33889	1.85953	1.15777	4.66315	1.00828	0.880861	1.60767
	1.61182	2.33889	1.85953	1.15777	4.66315	1.00828	0.880861	1.60767
loop 41
	0.288334	0.283821	0.229811	0.285931	1.4916	0.243281	0.208781	0.198648
	0.288334	0.283821	0.229811	0.285931	1.4916	0.243281	0.208781	0.198648
	1.61182	2.33889	1.85953	1.15772	4.66315	1.00828	0.880828	1.60767
	1.61182	2.33889	1.85953	1.15772	4.66315	1.00828	0.880828	1.60767
	1.61182	2.33889	1.85953	1.15772	4.66315	1.00828	0.880828	1.60767
	1.61192	2.33889	1.85967	1.15793	4.66315	1.00845	0.880962	1.60767
	1.61192	2.33889	1.85967	1.15793	4.66315	1.00845	0.880962	1.60767
	1.61192	2.33889	1.85967	1.15793	4.66315	1.00845	0.880962	1.60767
loop 42
	0.284893	0.281631	0.227622	0.28359	1.48526	0.24093	0.206303	0.192787
	0.284893	0.281631	0.227622	0.28359	1.48526	0.24093	0.206303	0.192787
	1.61192	2.33889	1.85967	1.15793	4.66315	1.00841	0.880962	1.60767
	1.61192	2.33889	1.85967	1.15793	4.66315	1.00841	0.880962	1.60767
	1.61192	2.33889	1.85967	1.15793	4.66315	1.00841	0.880962	1.60767
	1.61202	2.33889	1.85981	1.15788	4.66254	1.00841	0.880928	1.60779
	1.61202	2.33889	1.85981	1.15788	4.66254	1.00841	0.880928	1.60779
	1.61202	2.33889	1.85981	1.15788	4.66254	1.00841	0.880928	1.60779
loop 43
	0.286817	0.280246	0.230358	0.286596	1.48793	0.239786	0.205316	0.195586
	0.286817	0.280246	0.230358	0.286596	1.48793	0.239786	0.205316	0.195586
	1.60267	2.33963	1.86036	1.15856	4.66315	1.009	0.87189	1.60827
	1.60267	2.33963	1.86036	1.15856	4.66315	1.009	0.87189	1.60827
	1.60267	2.33963	1.86036	1.15856	4.66315	1.009	0.87189	1.60827
	1.60257	2.33908	1.86063	1.15846	4.66377	1.00892	0.871791	1.60779
	1.60257	2.33908	1.86063	1.15846	4.66377	1.00892	0.871791	1.60779
	1.60257	2.33908	1.86063	1.15846	4.66377	1.00892	0.871791	1.60779
loop 44
	0.290281	0.280282	0.230372	0.286488	1.48714	0.239611	0.205199	0.195521
	0.290281	0.280282	0.230372	0.286488	1.48714	0.239611	0.205199	0.195521
	1.60257	2.33908	1.86063	1.15846	4.66377	1.00892	0.871791	1.60779
	1.60257	2.33908	1.86063	1.15846	4.66377	1.00892	0.871791	1.60779
	1.60257	2.33908	1.86063	1.15846	4.66377	1.00892	0.871791	1.60779
	1.60267	2.33963	1.86022	1.15856	4.66315	1.009	0.871857	1.60815
	1.60267	2.33963	1.86022	1.15856	4.66315	1.009	0.871857	1.60815
	1.60267	2.33963	1.86022	1.15856	4.66315	1.009	0.871857	1.60815
loop 45
	0.286947	0.281358	0.227312	0.283272	1.48819	0.240459	0.205953	0.196105
	0.286947	0.281358	0.227312	0.283272	1.48819	0.240459	0.205953	0.196105
	1.60257	2.33963	1.86022	1.15856	4.66315	1.009	0.871857	1.60815
	1.60257	2.33963	1.86022	1.15856	4.66315	1.009	0.871857	1.60815
	1.60257	2.33963	1.86022	1.15856	4.66315	1.009	0.871857	1.60815
	1.60247	2.33944	1.86049	1.1584	4.66377	1.00887	0.871757	1.60767
	1.60247	2.33944	1.86049	1.1584	4.66377	1.00887	0.871757	1.60767
	1.60247	2.33944	1.86049	1.1584	4.66377	1.00887	0.871757	1.60767
loop 46
	0.292954	0.283747	0.229551	0.28559	1.49296	0.242843	0.208414	0.194785
	0.292954	0.283747	0.229551	0.28559	1.49296	0.242843	0.208414	0.194785
	1.60247	2.33944	1.86049	1.1584	4.66377	1.00887	0.871724	1.60815
	1.60247	2.33944	1.86049	1.1584	4.66377	1.00887	0.871724	1.60815
	1.60247	2.33944	1.86049	1.1584	4.66377	1.00887	0.871724	1.60815
	1.61202	2.33889	1.85967	1.15793	4.66315	1.00845	0.880995	1.60767
	1.61202	2.33889	1.85967	1.15793	4.66315	1.00845	0.880995	1.60767
	1.61202	2.33889	1.85967	1.15793	4.66315	1.00845	0.880995	1.60767
loop 47
	0.30078	0.293784	0.239849	0.296268	1.50515	0.253963	0.215619	0.205263
	0.30078	0.293784	0.239849	0.296268	1.50515	0.253963	0.215619	0.205263
	1.61202	2.33889	1.85967	1.15793	4.66315	1.00845	0.880995	1.60767
	1.61202	2.33889	1.85967	1.15793	4.66315	1.00845	0.880995	1.60767
	1.61202	2.33889	1.85967	1.15793	4.66315	1.00845	0.880995	1.60767
	1.61182	2.33889	1.85953	1.15772	4.66315	1.00828	0.880828	1.60767
	1.61182	2.33889	1.85953	1.15772	4.66315	1.00828	0.880828	1.60767
	1.61182	2.33889	1.85953	1.15772	4.66315	1.00828	0.880828	1.60767
loop 48
	0.29	0.281139	0.227353	0.283325	1.48793	0.240661	0.20609	0.192638
	0.29	0.281139	0.227353	0.283325	1.48793	0.240661	0.20609	0.192638
	1.61182	2.33889	1.85953	1.15772	4.66315	1.00828	0.880828	1.60767
	1.61182	2.33889	1.85953	1.15772	4.66315	1.00828	0.880828	1.60767
	1.61182	2.33889	1.85953	1.15772	4.66315	1.00828	0.880828	1.60767
	1.61192	2.33889	1.85967	1.15793	4.66315	1.00841	0.880962	1.60731
	1.61192	2.33889	1.85967	1.15793	4.66315	1.00841	0.880962	1.60731
	1.61192	2.33889	1.85967	1.15793	4.66315	1.00841	0.880962	1.60731
loop 49
	0.29792	0.285232	0.231403	0.291682	1.49112	0.244867	0.210555	0.196851
	0.29792	0.285232	0.231403	0.291682	1.49112	0.244867	0.210555	0.196851
	1.61202	2.33853	1.85967	1.15793	4.66315	1.00845	0.880962	1.60743
	1.61202	2.33853	1.85967	1.15793	4.66315	1.00845	0.880962	1.60743
	1.61202	2.33853	1.85967	1.15793	4.66315	1.00845	0.880962	1.60743
	1.60267	2.33963	1.86036	1.15856	4.66315	1.009	0.87189	1.60827
	1.60267	2.33963	1.86036	1.15856	4.66315	1.009	0.87189	1.60827
	1.60267	2.33963	1.86036	1.15856	4.66315	1.009	0.87189	1.60827
loop 50
	0.308013	0.293647	0.239673	0.295906	1.50648	0.253363	0.215161	0.20496
	0.308013	0.293647	0.239673	0.295906	1.50648	0.253363	0.215161	0.20496
	1.60267	2.33963	1.86036	1.15856	4.66315	1.009	0.87189	1.60815
	1.60267	2.33963	1.86036	1.15856	4.66315	1.009	0.87189	1.60815
	1.60267	2.33963	1.86036	1.15856	4.66315	1.009	0.87189	1.60815
	1.60247	2.33963	1.86063	1.15846	4.66377	1.00892	0.871791	1.60779
	1.60247	2.33963	1.86063	1.15846	4.66377	1.00892	0.871791	1.60779
	1.60247	2.33963	1.86063	1.15846	4.66377	1.00892	0.871791	1.60779
loop 51
	0.300243	0.291283	0.237312	0.293641	1.5033	0.251122	0.212765	0.202544
	0.300243	0.291283	0.237312	0.293641	1.5033	0.251122	0.212765	0.202544
	1.60247	2.33963	1.86063	1.15846	4.66377	1.00892	0.871791	1.60779
	1.60247	2.33963	1.86063	1.15846	4.66377	1.00892	0.871791	1.60779
	1.60247	2.33963	1.86063	1.15846	4.66377	1.00892	0.871791	1.60779
	1.60257	2.33963	1.86022	1.15856	4.66315	1.009	0.871857	1.60815
	1.60257	2.33963	1.86022	1.15856	4.66315	1.009	0.871857	1.60815
	1.60257	2.33963	1.86022	1.15856	4.66315	1.009	0.871857	1.60815
loop 52
	0.300064	0.291631	0.237773	0.294035	1.50436	0.251525	0.213124	0.202819
	0.300064	0.291631	0.237773	0.294035	1.50436	0.251525	0.213124	0.202819
	1.60257	2.33963	1.86022	1.15851	4.66315	1.00896	0.871857	1.60815
	1.60257	2.33963	1.86022	1.15851	4.66315	1.00896	0.871857	1.60815
	1.60257	2.33963	1.86022	1.15851	4.66315	1.00896	0.871857	1.60815
	1.61182	2.33889	1.85994	1.15777	4.66315	1.00832	0.880861	1.60767
	1.61182	2.33889	1.85994	1.15777	4.66315	1.00832	0.880861	1.60767
	1.61182	2.33889	1.85994	1.15777	4.66315	1.00832	0.880861	1.60767
loop 53
	0.302823	0.290626	0.236866	0.293003	1.49958	0.250603	0.21236	0.202327
	0.302823	0.290626	0.236866	0.293003	1.49958	0.250603	0.21236	0.202327
	1.65649	2.36386	1.88525	1.19106	4.68491	1.03434	0.900106	1.62531
	1.65649	2.36386	1.88525	1.19106	4.68491	1.03434	0.900106	1.62531
	1.65649	2.36386	1.88525	1.19106	4.68491	1.03434	0.900106	1.62531
	1.6514	2.35519	1.88709	1.19443	4.68491	1.03731	0.902721	1.6269
	1.6514	2.35519	1.88709	1.19443	4.68491	1.03731	0.902721	1.6269
	1.6514	2.35519	1.88709	1.19443	4.68491	1.03731	0.902721	1.6269
loop 54
	0.299766	0.284913	0.235044	0.29122	1.50117	0.248554	0.210159	0.200349
	0.299766	0.284913	0.235044	0.29122	1.50117	0.248554	0.210159	0.200349
	1.61182	2.33889	1.85953	1.15772	4.66315	1.00828	0.880828	1.60755
	1.61182	2.33889	1.85953	1.15772	4.66315	1.00828	0.880828	1.60755
	1.61182	2.33889	1.85953	1.15772	4.66315	1.00828	0.880828	1.60755
	1.61202	2.33853	1.85967	1.15793	4.66315	1.00845	0.880962	1.60743
	1.61202	2.33853	1.85967	1.15793	4.66315	1.00845	0.880962	1.60743
	1.61202	2.33853	1.85967	1.15793	4.66315	1.00845	0.880962	1.60743
loop 55
	0.304445	0.293216	0.239234	0.295582	1.50728	0.253201	0.214966	0.20475
	0.304445	0.293216	0.239234	0.295582	1.50728	0.253201	0.214966	0.20475
	1.60257	2.33908	1.86022	1.15851	4.66377	1.00896	0.871824	1.60779
	1.60257	2.33908	1.86022	1.15851	4.66377	1.00896	0.871824	1.60779
	1.60257	2.33908	1.86022	1.15851	4.66377	1.00896	0.871824	1.60779
	1.60267	2.33963	1.86036	1.15856	4.66315	1.009	0.87189	1.60815
	1.60267	2.33963	1.86036	1.15856	4.66315	1.009	0.87189	1.60815
	1.60267	2.33963	1.86036	1.15856	4.66315	1.009	0.87189	1.60815
loop 56
	0.308013	0.296267	0.242535	0.303192	1.50887	0.256556	0.21828	0.203957
	0.308013	0.296267	0.242535	0.303192	1.50887	0.256556	0.21828	0.203957
	1.60267	2.33963	1.86022	1.15856	4.66315	1.009	0.871857	1.60815
	1.60267	2.33963	1.86022	1.15856	4.66315	1.009	0.871857	1.60815
	1.60267	2.33963	1.86022	1.15856	4.66315	1.009	0.871857	1.60815
	1.60247	2.33963	1.86063	1.15846	4.66377	1.00892	0.871791	1.60779
	1.60247	2.33963	1.86063	1.15846	4.66377	1.00892	0.871791	1.60779
	1.60247	2.33963	1.86063	1.15846	4.66377	1.00892	0.871791	1.60779
loop 57
	0.30625	0.291903	0.238458	0.298703	1.50938	0.252191	0.214131	0.203992
	0.30625	0.291903	0.238458	0.298703	1.50938	0.252191	0.214131	0.203992
	1.60247	2.33963	1.86063	1.1584	4.66377	1.00892	0.871791	1.60779
	1.60247	2.33963	1.86063	1.1584	4.66377	1.00892	0.871791	1.60779
	1.60247	2.33963	1.86063	1.1584	4.66377	1.00892	0.871791	1.60779
	1.60257	2.33963	1.86022	1.15851	4.66315	1.00896	0.871857	1.60815
	1.60257	2.33963	1.86022	1.15851	4.66315	1.00896	0.871857	1.60815
	1.60257	2.33963	1.86022	1.15851	4.66315	1.00896	0.871857	1.60815
loop 58
	0.304547	0.291167	0.237226	0.293359	1.50621	0.25079	0.212495	0.202476
	0.304547	0.291167	0.237226	0.293359	1.50621	0.25079	0.212495	0.202476
	1.60257	2.33944	1.86022	1.15856	4.66377	1.009	0.871857	1.60815
	1.60257	2.33944	1.86022	1.15856	4.66377	1.009	0.871857	1.60815
	1.60257	2.33944	1.86022	1.15856	4.66377	1.009	0.871857	1.60815
	1.61182	2.33889	1.85967	1.15777	4.66315	1.00832	0.880861	1.60767
	1.61182	2.33889	1.85967	1.15777	4.66315	1.00832	0.880861	1.60767
	1.61182	2.33889	1.85967	1.15777	4.66315	1.00832	0.880861	1.60767
loop 59
	0.310161	0.292138	0.242118	0.298471	1.50488	0.251854	0.21786	0.203852
	0.310161	0.292138	0.242118	0.298471	1.50488	0.251854	0.21786	0.203852
	1.61182	2.33889	1.85953	1.15777	4.66315	1.00828	0.880861	1.60767
	1.61182	2.33889	1.85953	1.15777	4.66315	1.00828	0.880861	1.60767
	1.61182	2.33889	1.85953	1.15777	4.66315	1.00828	0.880861	1.60767
	1.61192	2.33889	1.85967	1.15793	4.66315	1.00845	0.880962	1.60767
	1.61192	2.33889	1.85967	1.15793	4.66315	1.00845	0.880962	1.60767
	1.61192	2.33889	1.85967	1.15793	4.66315	1.00845	0.880962	1.60767
loop 60
	0.318418	0.307259	0.249328	0.310048	1.51871	0.263766	0.225745	0.211071
	0.318418	0.307259	0.249328	0.310048	1.51871	0.263766	0.225745	0.211071
	1.61192	2.33889	1.85967	1.15793	4.66315	1.00845	0.880962	1.60767
	1.61192	2.33889	1.85967	1.15793	4.66315	1.00845	0.880962	1.60767
	1.61192	2.33889	1.85967	1.15793	4.66315	1.00845	0.880962	1.60767
	1.61182	2.33889	1.85953	1.15772	4.66254	1.00828	0.880828	1.60767
	1.61182	2.33889	1.85953	1.15772	4.66254	1.00828	0.880828	1.60767
	1.61182	2.33889	1.85953	1.15772	4.66254	1.00828	0.880828	1.60767
loop 61
	0.312194	0.298992	0.241121	0.301487	1.51072	0.254978	0.216939	0.20667
	0.312194	0.298992	0.241121	0.301487	1.51072	0.254978	0.216939	0.20667
	1.61202	2.33889	1.85981	1.15788	4.66254	1.00841	0.880928	1.60779
	1.61202	2.33889	1.85981	1.15788	4.66254	1.00841	0.880928	1.60779
	1.61202	2.33889	1.85981	1.15788	4.66254	1.00841	0.880928	1.60779
	1.60257	2.33908	1.86022	1.15846	4.66377	1.00896	0.871824	1.60779
	1.60257	2.33908	1.86022	1.15846	4.66377	1.00896	0.871824	1.60779
	1.60257	2.33908	1.86022	1.15846	4.66377	1.00896	0.871824	1.60779
loop 62
	0.322267	0.303223	0.245416	0.305666	1.51812	0.259316	0.221539	0.211219
	0.322267	0.303223	0.245416	0.305666	1.51812	0.259316	0.221539	0.211219
	1.60257	2.33908	1.86063	1.15846	4.66377	1.00892	0.871791	1.60779
	1.60257	2.33908	1.86063	1.15846	4.66377	1.00892	0.871791	1.60779
	1.60257	2.33908	1.86063	1.15846	4.66377	1.00892	0.871791	1.60779
	1.60257	2.33963	1.86022	1.15856	4.66315	1.009	0.871857	1.60815
	1.60257	2.33963	1.86022	1.15856	4.66315	1.009	0.871857	1.60815
	1.60257	2.33963	1.86022	1.15856	4.66315	1.009	0.871857	1.60815
loop 63
	0.31245	0.296227	0.24185	0.298278	1.51018	0.255841	0.217697	0.203467
	0.31245	0.296227	0.24185	0.298278	1.51018	0.255841	0.217697	0.203467
	1.60267	2.33963	1.86022	1.15856	4.66315	1.009	0.871857	1.60815
	1.60267	2.33963	1.86022	1.15856	4.66315	1.009	0.871857	1.60815
	1.60267	2.33963	1.86022	1.15856	4.66315	1.009	0.871857	1.60815
	1.60247	2.33963	1.86049	1.1584	4.66377	1.00887	0.871791	1.60779
	1.60247	2.33963	1.86049	1.1584	4.66377	1.00887	0.871791	1.60779
	1.60247	2.33963	1.86049	1.1584	4.66377	1.00887	0.871791	1.60779
loop 64
	0.326031	0.311321	0.253354	0.318461	1.52749	0.267983	0.230251	0.215375
	0.326031	0.311321	0.253354	0.318461	1.52749	0.267983	0.230251	0.215375
	1.60247	2.33944	1.86049	1.1584	4.66377	1.00887	0.871757	1.60767
	1.60247	2.33944	1.86049	1.1584	4.66377	1.00887	0.871757	1.60767
	1.60247	2.33944	1.86049	1.1584	4.66377	1.00887	0.871757	1.60767
	1.61202	2.33889	1.85967	1.15793	4.66315	1.00845	0.880995	1.60767
	1.61202	2.33889	1.85967	1.15793	4.66315	1.00845	0.880995	1.60767
	1.61202	2.33889	1.85967	1.15793	4.66315	1.00845	0.880995	1.60767
loop 65
	0.314605	0.298145	0.244394	0.304895	1.51603	0.258434	0.220333	0.206171
	0.314605	0.298145	0.244394	0.304895	1.51603	0.258434	0.220333	0.206171
	1.61202	2.33889	1.85967	1.15793	4.66315	1.00845	0.880995	1.60767
	1.61202	2.33889	1.85967	1.15793	4.66315	1.00845	0.880995	1.60767
	1.61202	2.33889	1.85967	1.15793	4.66315	1.00845	0.880995	1.60767
	1.61182	2.33889	1.85953	1.15772	4.66315	1.00828	0.880828	1.60767
	1.61182	2.33889	1.85953	1.15772	4.66315	1.00828	0.880828	1.60767
	1.61182	2.33889	1.85953	1.15772	4.66315	1.00828	0.880828	1.60767
loop 66
	0.317126	0.297238	0.243456	0.303861	1.51362	0.257405	0.219454	0.205387
	0.317126	0.297238	0.243456	0.303861	1.51362	0.257405	0.219454	0.205387
	1.61182	2.33889	1.85953	1.15772	4.66315	1.00828	0.880828	1.60767
	1.61182	2.33889	1.85953	1.15772	4.66315	1.00828	0.880828	1.60767
	1.61182	2.33889	1.85953	1.15772	4.66315	1.00828	0.880828	1.60767
	1.61192	2.33889	1.85967	1.15793	4.66315	1.00841	0.880962	1.60767
	1.61192	2.33889	1.85967	1.15793	4.66315	1.00841	0.880962	1.60767
	1.61192	2.33889	1.85967	1.15793	4.66315	1.00841	0.880962	1.60767
loop 67
	0.32328	0.304114	0.245924	0.306372	1.52	0.259916	0.222047	0.211613
	0.32328	0.304114	0.245924	0.306372	1.52	0.259916	0.222047	0.211613
	1.61192	2.33889	1.85967	1.15793	4.66315	1.00841	0.880962	1.60731
	1.61192	2.33889	1.85967	1.15793	4.66315	1.00841	0.880962	1.60731
	1.61192	2.33889	1.85967	1.15793	4.66315	1.00841	0.880962	1.60731
	1.60267	2.33963	1.86036	1.15856	4.66315	1.009	0.87189	1.60827
	1.60267	2.33963	1.86036	1.15856	4.66315	1.009	0.87189	1.60827
	1.60267	2.33963	1.86036	1.15856	4.66315	1.009	0.87189	1.60827
loop 68
	0.330087	0.312445	0.254322	0.315333	1.52722	0.26908	0.227147	0.216115
	0.330087	0.312445	0.254322	0.315333	1.52722	0.26908	0.227147	0.216115
	1.60267	2.33963	1.86036	1.15856	4.66315	1.009	0.87189	1.60827
	1.60267	2.33963	1.86036	1.15856	4.66315	1.009	0.87189	1.60827
	1.60267	2.33963	1.86036	1.15856	4.66315	1.009	0.87189	1.60827
	1.60257	2.33908	1.86063	1.15846	4.66377	1.00892	0.871791	1.60779
	1.60257	2.33908	1.86063	1.15846	4.66377	1.00892	0.871791	1.60779
	1.60257	2.33908	1.86063	1.15846	4.66377	1.00892	0.871791	1.60779
loop 69
	0.323122	0.303845	0.246108	0.306513	1.52027	0.260131	0.222229	0.211552
	0.323122	0.303845	0.246108	0.306513	1.52027	0.260131	0.222229	0.211552
	1.60247	2.33963	1.86063	1.15846	4.66377	1.00892	0.871791	1.60779
	1.60247	2.33963	1.86063	1.15846	4.66377	1.00892	0.871791	1.60779
	1.60247	2.33963	1.86063	1.15846	4.66377	1.00892	0.871791	1.60779
	1.60257	2.33963	1.86022	1.15856	4.66315	1.009	0.871857	1.60815
	1.60257	2.33963	1.86022	1.15856	4.66315	1.009	0.871857	1.60815
	1.60257	2.33963	1.86022	1.15856	4.66315	1.009	0.871857	1.60815
loop 70
	0.325393	0.302289	0.248609	0.309128	1.52316	0.262719	0.224895	0.210492
	0.325393	0.302289	0.248609	0.309128	1.52316	0.262719	0.224895	0.210492
	1.60257	2.33963	1.86022	1.15856	4.66315	1.009	0.871857	1.60815
	1.60257	2.33963	1.86022	1.15856	4.66315	1.009	0.871857	1.60815
	1.60257	2.33963	1.86022	1.15856	4.66315	1.009	0.871857	1.60815
	1.60247	2.33944	1.86049	1.1584	4.66377	1.00887	0.871724	1.60815
	1.60247	2.33944	1.86049	1.1584	4.66377	1.00887	0.871724	1.60815
	1.60247	2.33944	1.86049	1.1584	4.66377	1.00887	0.871724	1.60815
loop 71
	0.327892	0.305767	0.251698	0.31245	1.5237	0.265891	0.224008	0.213574
	0.327892	0.305767	0.251698	0.31245	1.5237	0.265891	0.224008	0.213574
	1.61182	2.33889	1.85994	1.15777	4.66315	1.00832	0.880861	1.60767
	1.61182	2.33889	1.85994	1.15777	4.66315	1.00832	0.880861	1.60767
	1.61182	2.33889	1.85994	1.15777	4.66315	1.00832	0.880861	1.60767
	1.61202	2.33889	1.85967	1.15793	4.66315	1.00845	0.880995	1.60767
	1.61202	2.33889	1.85967	1.15793	4.66315	1.00845	0.880995	1.60767
	1.61202	2.33889	1.85967	1.15793	4.66315	1.00845	0.880995	1.60767
loop 72
	0.337119	0.320242	0.258185	0.323281	1.53681	0.273029	0.235445	0.220302
	0.337119	0.320242	0.258185	0.323281	1.53681	0.273029	0.235445	0.220302
	1.61192	2.33889	1.85967	1.15793	4.66315	1.00845	0.880962	1.60767
	1.61192	2.33889	1.85967	1.15793	4.66315	1.00845	0.880962	1.60767
	1.61192	2.33889	1.85967	1.15793	4.66315	1.00845	0.880962	1.60767
	1.61182	2.33889	1.85953	1.15772	4.66315	1.00828	0.880828	1.60767
	1.61182	2.33889	1.85953	1.15772	4.66315	1.00828	0.880828	1.60767
	1.61182	2.33889	1.85953	1.15772	4.66315	1.00828	0.880828	1.60767
loop 73
	0.33366	0.311753	0.253838	0.314534	1.52876	0.268354	0.226494	0.215885
	0.33366	0.311753	0.253838	0.314534	1.52876	0.268354	0.226494	0.215885
	1.61182	2.33889	1.85953	1.15772	4.66315	1.00828	0.880828	1.60755
	1.61182	2.33889	1.85953	1.15772	4.66315	1.00828	0.880828	1.60755
	1.61182	2.33889	1.85953	1.15772	4.66315	1.00828	0.880828	1.60755
	1.61202	2.33853	1.85967	1.15793	4.66315	1.00845	0.880962	1.60743
	1.61202	2.33853	1.85967	1.15793	4.66315	1.00845	0.880962	1.60743
	1.61202	2.33853	1.85967	1.15793	4.66315	1.00845	0.880962	1.60743
loop 74
	0.341167	0.316764	0.258651	0.319381	1.53778	0.273212	0.231563	0.216903
	0.341167	0.316764	0.258651	0.319381	1.53778	0.273212	0.231563	0.216903
	1.60257	2.33908	1.86022	1.15851	4.66377	1.00896	0.871824	1.60779
	1.60257	2.33908	1.86022	1.15851	4.66377	1.00896	0.871824	1.60779
	1.60257	2.33908	1.86022	1.15851	4.66377	1.00896	0.871824	1.60779
	1.60267	2.33963	1.86036	1.15856	4.66315	1.009	0.87189	1.60815
	1.60267	2.33963	1.86036	1.15856	4.66315	1.009	0.87189	1.60815
	1.60267	2.33963	1.86036	1.15856	4.66315	1.009	0.87189	1.60815
loop 75
	0.33611	0.310997	0.252854	0.313483	1.53354	0.267225	0.229625	0.21489
	0.33611	0.310997	0.252854	0.313483	1.53354	0.267225	0.229625	0.21489
	1.60267	2.33963	1.86022	1.15856	4.66315	1.009	0.871857	1.60815
	1.60267	2.33963	1.86022	1.15856	4.66315	1.009	0.871857	1.60815
	1.60267	2.33963	1.86022	1.15856	4.66315	1.009	0.871857	1.60815
	1.60247	2.33963	1.86063	1.15846	4.66377	1.00892	0.871791	1.60779
	1.60247	2.33963	1.86063	1.15846	4.66377	1.00892	0.871791	1.60779
	1.60247	2.33963	1.86063	1.15846	4.66377	1.00892	0.871791	1.60779
loop 76
	0.339633	0.32004	0.261967	0.322974	1.54298	0.276957	0.235167	0.223733
	0.339633	0.32004	0.261967	0.322974	1.54298	0.276957	0.235167	0.223733
	1.60247	2.33963	1.86063	1.1584	4.66377	1.00892	0.871791	1.60779
	1.60247	2.33963	1.86063	1.1584	4.66377	1.00892	0.871791	1.60779
	1.60247	2.33963	1.86063	1.1584	4.66377	1.00892	0.871791	1.60779
	1.60257	2.33963	1.86022	1.15851	4.66315	1.00896	0.871857	1.60815
	1.60257	2.33963	1.86022	1.15851	4.66315	1.00896	0.871857	1.60815
	1.60257	2.33963	1.86022	1.15851	4.66315	1.00896	0.871857	1.60815
loop 77
	0.338587	0.312986	0.255328	0.320159	1.53778	0.269779	0.232226	0.21741
	0.338587	0.312986	0.255328	0.320159	1.53778	0.269779	0.232226	0.21741
	1.60257	2.33944	1.86022	1.15856	4.66377	1.009	0.871857	1.60815
	1.60257	2.33944	1.86022	1.15856	4.66377	1.009	0.871857	1.60815
	1.60257	2.33944	1.86022	1.15856	4.66377	1.009	0.871857	1.60815
	1.61182	2.33889	1.85967	1.15777	4.66315	1.00832	0.880861	1.60767
	1.61182	2.33889	1.85967	1.15777	4.66315	1.00832	0.880861	1.60767
	1.61182	2.33889	1.85967	1.15777	4.66315	1.00832	0.880861	1.60767
loop 78
	0.336014	0.311299	0.253354	0.313924	1.53354	0.267612	0.229982	0.215234
	0.336014	0.311299	0.253354	0.313924	1.53354	0.267612	0.229982	0.215234
	1.61182	2.33889	1.85953	1.15777	4.66315	1.00828	0.880861	1.60767
	1.61182	2.33889	1.85953	1.15777	4.66315	1.00828	0.880861	1.60767
	1.61182	2.33889	1.85953	1.15777	4.66315	1.00828	0.880861	1.60767
	1.61192	2.33889	1.85967	1.15793	4.66315	1.00845	0.880962	1.60767
	1.61192	2.33889	1.85967	1.15793	4.66315	1.00845	0.880962	1.60767
	1.61192	2.33889	1.85967	1.15793	4.66315	1.00845	0.880962	1.60767
loop 79
	0.340748	0.316231	0.258019	0.318733	1.53778	0.272596	0.231017	0.220209
	0.340748	0.316231	0.258019	0.318733	1.53778	0.272596	0.231017	0.220209
	1.61192	2.33889	1.85967	1.15793	4.66315	1.00845	0.880962	1.60767
	1.61192	2.33889	1.85967	1.15793	4.66315	1.00845	0.880962	1.60767
	1.61192	2.33889	1.85967	1.15793	4.66315	1.00845	0.880962	1.60767
	1.61182	2.33889	1.85953	1.15772	4.66254	1.00828	0.880828	1.60767
	1.61182	2.33889	1.85953	1.15772	4.66254	1.00828	0.880828	1.60767
	1.61182	2.33889	1.85953	1.15772	4.66254	1.00828	0.880828	1.60767
loop 80
	0.34822	0.325697	0.263541	0.32877	1.54696	0.278626	0.237027	0.225649
	0.34822	0.325697	0.263541	0.32877	1.54696	0.278626	0.237027	0.225649
	1.61202	2.33889	1.85981	1.15788	4.66254	1.00841	0.880928	1.60779
	1.61202	2.33889	1.85981	1.15788	4.66254	1.00841	0.880928	1.60779
	1.61202	2.33889	1.85981	1.15788	4.66254	1.00841	0.880928	1.60779
	1.60257	2.33908	1.86022	1.15846	4.66377	1.00896	0.871824	1.60779
	1.60257	2.33908	1.86022	1.15846	4.66377	1.00896	0.871824	1.60779
	1.60257	2.33908	1.86022	1.15846	4.66377	1.00896	0.871824	1.60779
loop 81
	0.343879	0.315321	0.257686	0.322624	1.5412	0.272297	0.230757	0.219919
	0.343879	0.315321	0.257686	0.322624	1.5412	0.272297	0.230757	0.219919
	1.60257	2.33908	1.86063	1.15846	4.66377	1.00892	0.871791	1.60779
	1.60257	2.33908	1.86063	1.15846	4.66377	1.00892	0.871791	1.60779
	1.60257	2.33908	1.86063	1.15846	4.66377	1.00892	0.871791	1.60779
	1.60257	2.33963	1.86022	1.15856	4.66315	1.009	0.871857	1.60815
	1.60257	2.33963	1.86022	1.15856	4.66315	1.009	0.871857	1.60815
	1.60257	2.33963	1.86022	1.15856	4.66315	1.009	0.871857	1.60815
loop 82
	0.346324	0.31923	0.261054	0.321879	1.54874	0.275707	0.234135	0.223141
	0.346324	0.31923	0.261054	0.321879	1.54874	0.275707	0.234135	0.223141
	1.60267	2.33963	1.86022	1.15856	4.66315	1.009	0.871857	1.60815
	1.60267	2.33963	1.86022	1.15856	4.66315	1.009	0.871857	1.60815
	1.60267	2.33963	1.86022	1.15856	4.66315	1.009	0.871857	1.60815
	1.60247	2.33963	1.86049	1.1584	4.66377	1.00887	0.871791	1.60779
	1.60247	2.33963	1.86049	1.1584	4.66377	1.00887	0.871791	1.60779
	1.60247	2.33963	1.86049	1.1584	4.66377	1.00887	0.871791	1.60779
loop 83
	0.34944	0.325004	0.266814	0.327915	1.54874	0.277596	0.23618	0.225006
	0.34944	0.325004	0.266814	0.327915	1.54874	0.277596	0.23618	0.225006
	1.60247	2.33944	1.86049	1.1584	4.66377	1.00887	0.871757	1.60767
	1.60247	2.33944	1.86049	1.1584	4.66377	1.00887	0.871757	1.60767
	1.60247	2.33944	1.86049	1.1584	4.66377	1.00887	0.871757	1.60767
	1.61202	2.33889	1.85967	1.15793	4.66315	1.00845	0.880995	1.60767
	1.61202	2.33889	1.85967	1.15793	4.66315	1.00845	0.880995	1.60767
	1.61202	2.33889	1.85967	1.15793	4.66315	1.00845	0.880995	1.60767
loop 84
	0.346906	0.322566	0.264726	0.325666	1.54531	0.275386	0.237929	0.222562
	0.346906	0.322566	0.264726	0.325666	1.54531	0.275386	0.237929	0.222562
	1.61202	2.33889	1.85967	1.15793	4.66315	1.00845	0.880995	1.60767
	1.61202	2.33889	1.85967	1.15793	4.66315	1.00845	0.880995	1.60767
	1.61202	2.33889	1.85967	1.15793	4.66315	1.00845	0.880995	1.60767
	1.61182	2.33889	1.85953	1.15772	4.66315	1.00828	0.880828	1.60767
	1.61182	2.33889	1.85953	1.15772	4.66315	1.00828	0.880828	1.60767
	1.61182	2.33889	1.85953	1.15772	4.66315	1.00828	0.880828	1.60767
loop 85
	0.352344	0.324034	0.266134	0.327015	1.55188	0.276858	0.23964	0.224472
	0.352344	0.324034	0.266134	0.327015	1.55188	0.276858	0.23964	0.224472
	1.61182	2.33889	1.85953	1.15772	4.66315	1.00828	0.880828	1.60767
	1.61182	2.33889	1.85953	1.15772	4.66315	1.00828	0.880828	1.60767
	1.61182	2.33889	1.85953	1.15772	4.66315	1.00828	0.880828	1.60767
	1.61192	2.33889	1.85967	1.15793	4.66315	1.00841	0.880962	1.60767
	1.61192	2.33889	1.85967	1.15793	4.66315	1.00841	0.880962	1.60767
	1.61192	2.33889	1.85967	1.15793	4.66315	1.00841	0.880962	1.60767
loop 86
	0.35167	0.324727	0.266413	0.327285	1.55381	0.281223	0.239777	0.224773
	0.35167	0.324727	0.266413	0.327285	1.55381	0.281223	0.239777	0.224773
	1.61192	2.33889	1.85967	1.15793	4.66315	1.00841	0.880962	1.60731
	1.61192	2.33889	1.85967	1.15793	4.66315	1.00841	0.880962	1.60731
	1.61192	2.33889	1.85967	1.15793	4.66315	1.00841	0.880962	1.60731
	1.60267	2.33963	1.86036	1.15856	4.66315	1.009	0.87189	1.60827
	1.60267	2.33963	1.86036	1.15856	4.66315	1.009	0.87189	1.60827
	1.60267	2.33963	1.86036	1.15856	4.66315	1.009	0.87189	1.60827
loop 87
	0.371908	0.344327	0.281813	0.3476	1.57019	0.297639	0.252314	0.236417
	0.371908	0.344327	0.281813	0.3476	1.57019	0.297639	0.252314	0.236417
	1.60267	2.33963	1.86036	1.15856	4.66315	1.009	0.87189	1.60827
	1.60267	2.33963	1.86036	1.15856	4.66315	1.009	0.87189	1.60827
	1.60267	2.33963	1.86036	1.15856	4.66315	1.009	0.87189	1.60827
	1.60257	2.33908	1.86063	1.15846	4.66377	1.00892	0.871791	1.60779
	1.60257	2.33908	1.86063	1.15846	4.66377	1.00892	0.871791	1.60779
	1.60257	2.33908	1.86063	1.15846	4.66377	1.00892	0.871791	1.60779
loop 88
	0.355921	0.324218	0.266378	0.331527	1.55464	0.281258	0.239763	0.224513
	0.355921	0.324218	0.266378	0.331527	1.55464	0.281258	0.239763	0.224513
	1.60247	2.33963	1.86063	1.15846	4.66377	1.00892	0.871791	1.60779
	1.60247	2.33963	1.86063	1.15846	4.66377	1.00892	0.871791	1.60779
	1.60247	2.33963	1.86063	1.15846	4.66377	1.00892	0.871791	1.60779
	1.60257	2.33963	1.86022	1.15856	4.66315	1.009	0.871857	1.60815
	1.60257	2.33963	1.86022	1.15856	4.66315	1.009	0.871857	1.60815
	1.60257	2.33963	1.86022	1.15856	4.66315	1.009	0.871857	1.60815
loop 89
	0.363508	0.328656	0.270669	0.335872	1.5575	0.285806	0.244546	0.229267
	0.363508	0.328656	0.270669	0.335872	1.5575	0.285806	0.244546	0.229267
	1.60257	2.33963	1.86022	1.15856	4.66315	1.009	0.871857	1.60815
	1.60257	2.33963	1.86022	1.15856	4.66315	1.009	0.871857	1.60815
	1.60257	2.33963	1.86022	1.15856	4.66315	1.009	0.871857	1.60815
	1.60247	2.33944	1.86049	1.1584	4.66377	1.00887	0.871724	1.60815
	1.60247	2.33944	1.86049	1.1584	4.66377	1.00887	0.871724	1.60815
	1.60247	2.33944	1.86049	1.1584	4.66377	1.00887	0.871724	1.60815
loop 90
	0.359842	0.329937	0.271728	0.332698	1.55806	0.28244	0.241247	0.229918
	0.359842	0.329937	0.271728	0.332698	1.55806	0.28244	0.241247	0.229918
	1.61182	2.33889	1.85994	1.15777	4.66315	1.00832	0.880861	1.60767
	1.61182	2.33889	1.85994	1.15777	4.66315	1.00832	0.880861	1.60767
	1.61182	2.33889	1.85994	1.15777	4.66315	1.00832	0.880861	1.60767
	1.61202	2.33889	1.85967	1.15793	4.66315	1.00845	0.880995	1.60767
	1.61202	2.33889	1.85967	1.15793	4.66315	1.00845	0.880995	1.60767
	1.61202	2.33889	1.85967	1.15793	4.66315	1.00845	0.880995	1.60767
loop 91
	0.370031	0.341807	0.279527	0.345206	1.57187	0.290998	0.249819	0.237846
	0.370031	0.341807	0.279527	0.345206	1.57187	0.290998	0.249819	0.237846
	1.61192	2.33889	1.85967	1.15793	4.66315	1.00845	0.880962	1.60767
	1.61192	2.33889	1.85967	1.15793	4.66315	1.00845	0.880962	1.60767
	1.61192	2.33889	1.85967	1.15793	4.66315	1.00845	0.880962	1.60767
	1.61182	2.33889	1.85953	1.15772	4.66315	1.00828	0.880828	1.60767
	1.61182	2.33889	1.85953	1.15772	4.66315	1.00828	0.880828	1.60767
	1.61182	2.33889	1.85953	1.15772	4.66315	1.00828	0.880828	1.60767
loop 92
	0.365889	0.331545	0.273667	0.338973	1.56119	0.28471	0.243598	0.232258
	0.365889	0.331545	0.273667	0.338973	1.56119	0.28471	0.243598	0.232258
	1.61182	2.33889	1.85953	1.15772	4.66315	1.00828	0.880828	1.60755
	1.61182	2.33889	1.85953	1.15772	4.66315	1.00828	0.880828	1.60755
	1.61182	2.33889	1.85953	1.15772	4.66315	1.00828	0.880828	1.60755
	1.61202	2.33853	1.85967	1.15793	4.66315	1.00845	0.880962	1.60743
	1.61202	2.33853	1.85967	1.15793	4.66315	1.00845	0.880962	1.60743
	1.61202	2.33853	1.85967	1.15793	4.66315	1.00845	0.880962	1.60743
loop 93
	0.360111	0.32693	0.268767	0.334107	1.55806	0.283732	0.242347	0.227226
	0.360111	0.32693	0.268767	0.334107	1.55806	0.283732	0.242347	0.227226
	1.60257	2.33908	1.86022	1.15851	4.66377	1.00896	0.871824	1.60779
	1.60257	2.33908	1.86022	1.15851	4.66377	1.00896	0.871824	1.60779
	1.60257	2.33908	1.86022	1.15851	4.66377	1.00896	0.871824	1.60779
	1.60267	2.33963	1.86036	1.15856	4.66315	1.009	0.87189	1.60815
	1.60267	2.33963	1.86036	1.15856	4.66315	1.009	0.87189	1.60815
	1.60267	2.33963	1.86036	1.15856	4.66315	1.009	0.87189	1.60815
loop 94
	0.369083	0.337938	0.279377	0.345377	1.56991	0.290942	0.249863	0.237831
	0.369083	0.337938	0.279377	0.345377	1.56991	0.290942	0.249863	0.237831
	1.60267	2.33963	1.86022	1.15856	4.66315	1.009	0.871857	1.60815
	1.60267	2.33963	1.86022	1.15856	4.66315	1.009	0.871857	1.60815
	1.60267	2.33963	1.86022	1.15856	4.66315	1.009	0.871857	1.60815
	1.60247	2.33963	1.86063	1.15846	4.66377	1.00892	0.871791	1.60779
	1.60247	2.33963	1.86063	1.15846	4.66377	1.00892	0.871791	1.60779
	1.60247	2.33963	1.86063	1.15846	4.66377	1.00892	0.871791	1.60779
loop 95
	0.366743	0.33265	0.274705	0.340159	1.56537	0.285716	0.244461	0.232747
	0.366743	0.33265	0.274705	0.340159	1.56537	0.285716	0.244461	0.232747
	1.60247	2.33963	1.86063	1.1584	4.66377	1.00892	0.871791	1.60779
	1.60247	2.33963	1.86063	1.1584	4.66377	1.00892	0.871791	1.60779
	1.60247	2.33963	1.86063	1.1584	4.66377	1.00892	0.871791	1.60779
	1.60257	2.33963	1.86022	1.15851	4.66315	1.00896	0.871857	1.60815
	1.60257	2.33963	1.86022	1.15851	4.66315	1.00896	0.871857	1.60815
	1.60257	2.33963	1.86022	1.15851	4.66315	1.00896	0.871857	1.60815
loop 96
	0.367828	0.337741	0.275683	0.340987	1.57276	0.290961	0.249878	0.234271
	0.367828	0.337741	0.275683	0.340987	1.57276	0.290961	0.249878	0.234271
	1.60257	2.33944	1.86022	1.15856	4.66377	1.009	0.871857	1.60815
	1.60257	2.33944	1.86022	1.15856	4.66377	1.009	0.871857	1.60815
	1.60257	2.33944	1.86022	1.15856	4.66377	1.009	0.871857	1.60815
	1.61182	2.33889	1.85967	1.15777	4.66315	1.00832	0.880861	1.60767
	1.61182	2.33889	1.85967	1.15777	4.66315	1.00832	0.880861	1.60767
	1.61182	2.33889	1.85967	1.15777	4.66315	1.00832	0.880861	1.60767
loop 97
	0.371936	0.334766	0.276626	0.341996	1.5736	0.291719	0.246456	0.234944
	0.371936	0.334766	0.276626	0.341996	1.5736	0.291719	0.246456	0.234944
	1.61182	2.33889	1.85953	1.15777	4.66315	1.00828	0.880861	1.60767
	1.61182	2.33889	1.85953	1.15777	4.66315	1.00828	0.880861	1.60767
	1.61182	2.33889	1.85953	1.15777	4.66315	1.00828	0.880861	1.60767
	1.61192	2.33889	1.85967	1.15793	4.66315	1.00845	0.880962	1.60767
	1.61192	2.33889	1.85967	1.15793	4.66315	1.00845	0.880962	1.60767
	1.61192	2.33889	1.85967	1.15793	4.66315	1.00845	0.880962	1.60767
loop 98
	0.384119	0.348663	0.286415	0.356608	1.58096	0.302487	0.257333	0.245047
	0.384119	0.348663	0.286415	0.356608	1.58096	0.302487	0.257333	0.245047
	1.61192	2.33889	1.85967	1.15793	4.66315	1.00845	0.880962	1.60767
	1.61192	2.33889	1.85967	1.15793	4.66315	1.00845	0.880962	1.60767
	1.61192	2.33889	1.85967	1.15793	4.66315	1.00845	0.880962	1.60767
	1.61182	2.33889	1.85953	1.15772	4.66254	1.00828	0.880828	1.60767
	1.61182	2.33889	1.85953	1.15772	4.66254	1.00828	0.880828	1.60767
	1.61182	2.33889	1.85953	1.15772	4.66254	1.00828	0.880828	1.60767
loop 99
	0.388411	0.348741	0.28667	0.352265	1.58721	0.29822	0.257394	0.241495
	0.388411	0.348741	0.28667	0.352265	1.58721	0.29822	0.257394	0.241495
	1.61202	2.33889	1.85981	1.15788	4.66254	1.00841	0.880928	1.60779
	1.61202	2.33889	1.85981	1.15788	4.66254	1.00841	0.880928	1.60779
	1.61202	2.33889	1.85981	1.15788	4.66254	1.00841	0.880928	1.60779
	1.60257	2.33908	1.86022	1.15846	4.66377	1.00896	0.871824	1.60779
	1.60257	2.33908	1.86022	1.15846	4.66377	1.00896	0.871824	1.60779
	1.60257	2.33908	1.86022	1.15846	4.66377	1.00896	0.871824	1.60779

work load:ammp,ammp,gzip,gzip,gzip,bzip2,bzip2,bzip2
