loop 0
	3.8115e-05	3.8997e-05	3.9654e-05	3.7314e-05	3.8862e-05
	4.1247e-05	4.2066e-05	4.2705e-05	4.0419e-05	4.203e-05
	2.4332e-05	6.28e-06	6.418e-06	2.3648e-05	6.245e-06
	2.6865e-05	2.8402e-05	2.9501e-05	2.5675e-05	2.8017e-05
loop 1
	1.8836e-05	1.9296e-05	1.9632e-05	4.1409e-05	1.9232e-05
	4.2849e-05	1.952e-05	1.9852e-05	4.1904e-05	4.3785e-05
	6.249e-06	6.462e-06	6.609e-06	2.4272e-05	6.422e-06
	2.6849e-05	2.8438e-05	2.9496e-05	2.5634e-05	2.8028e-05
loop 2
	3.8232e-05	3.915e-05	3.9807e-05	3.7413e-05	3.8988e-05
	4.3794e-05	1.9908e-05	2.024e-05	4.2795e-05	1.9856e-05
	6.224e-06	6.43e-06	6.574e-06	2.4192e-05	6.393e-06
	2.5981e-05	2.7313e-05	2.8385e-05	2.4811e-05	2.7082e-05
loop 3
	4.1238e-05	1.8764e-05	1.9088e-05	4.0329e-05	1.8704e-05
	3.9618e-05	4.041e-05	4.1013e-05	6.9024e-05	4.0365e-05
	2.3992e-05	6.192e-06	6.328e-06	2.332e-05	6.157e-06
	2.6865e-05	2.8402e-05	2.9501e-05	2.5675e-05	2.8017e-05
loop 4
	1.8588e-05	1.9068e-05	1.9416e-05	4.086e-05	1.8988e-05
	4.1589e-05	4.2498e-05	4.3155e-05	4.0734e-05	4.2408e-05
	2.4024e-05	6.201e-06	6.338e-06	2.3356e-05	6.166e-06
	2.6849e-05	2.8438e-05	2.9496e-05	2.5634e-05	2.8028e-05
loop 5
	1.9212e-05	1.9744e-05	2.0124e-05	1.8748e-05	1.964e-05
	4.005e-05	4.0797e-05	4.1382e-05	3.9267e-05	4.077e-05
	2.4124e-05	6.226e-06	6.363e-06	2.3432e-05	6.191e-06
	2.5981e-05	2.7313e-05	2.8385e-05	2.4811e-05	2.7082e-05
loop 6
	2.054e-05	2.1052e-05	2.1436e-05	2.0052e-05	2.0984e-05
	4.2768e-05	4.3776e-05	1.9776e-05	4.1823e-05	4.365e-05
	2.4336e-05	6.282e-06	6.42e-06	2.3652e-05	6.246e-06
	2.6865e-05	2.8402e-05	2.9501e-05	2.5675e-05	2.8017e-05
loop 7
	4.1643e-05	1.896e-05	1.9292e-05	4.0707e-05	4.2507e-05
	4.0383e-05	4.122e-05	4.1859e-05	3.9555e-05	4.1166e-05
	6.187e-06	6.396e-06	6.544e-06	2.4032e-05	6.354e-06
	2.6849e-05	2.8438e-05	2.9496e-05	2.5634e-05	2.8028e-05
loop 8
	1.9308e-05	1.9776e-05	2.0128e-05	1.886e-05	1.9712e-05
	4.1175e-05	4.2039e-05	4.2705e-05	4.0329e-05	4.1967e-05
	6.216e-06	6.425e-06	6.571e-06	2.4152e-05	6.386e-06
	2.5981e-05	2.7313e-05	2.8385e-05	2.4811e-05	2.7082e-05
loop 9
	1.9032e-05	1.95e-05	1.9848e-05	4.1859e-05	1.9436e-05
	4.0014e-05	4.0779e-05	4.1382e-05	3.9222e-05	4.0743e-05
	2.41e-05	6.221e-06	6.357e-06	2.3428e-05	6.185e-06
	2.6865e-05	2.8402e-05	2.9501e-05	2.5675e-05	2.8017e-05
loop 10
	3.8979e-05	3.9915e-05	4.059e-05	3.8133e-05	3.9762e-05
	4.3443e-05	4.4523e-05	2.0128e-05	4.2462e-05	4.437e-05
	2.4036e-05	6.204e-06	6.34e-06	2.3364e-05	6.169e-06
	2.6849e-05	2.8438e-05	2.9496e-05	2.5634e-05	2.8028e-05
loop 11
	1.9152e-05	1.968e-05	2.0064e-05	1.8684e-05	1.9588e-05
	4.3353e-05	1.974e-05	2.0076e-05	4.239e-05	1.9676e-05
	2.4096e-05	6.221e-06	6.358e-06	2.342e-05	6.185e-06
	2.5981e-05	2.7313e-05	2.8385e-05	2.4811e-05	2.7082e-05
loop 12
	3.6765e-05	3.7575e-05	3.8169e-05	6.4032e-05	3.7449e-05
	3.9942e-05	4.0734e-05	4.1355e-05	3.9123e-05	4.068e-05
	2.4288e-05	6.269e-06	6.407e-06	2.3608e-05	6.234e-06
	2.6865e-05	2.8402e-05	2.9501e-05	2.5675e-05	2.8017e-05
loop 13
	1.9408e-05	1.9884e-05	2.0232e-05	1.896e-05	1.982e-05
	4.2408e-05	4.3389e-05	1.9596e-05	4.1499e-05	4.3272e-05
	6.144e-06	6.35e-06	6.493e-06	2.3876e-05	6.312e-06
	2.6849e-05	2.8438e-05	2.9496e-05	2.5634e-05	2.8028e-05
loop 14
	4.1895e-05	1.9068e-05	1.9408e-05	4.0941e-05	1.9004e-05
	3.9672e-05	4.041e-05	4.0986e-05	6.9152e-05	4.0383e-05
	6.207e-06	6.413e-06	6.556e-06	2.4124e-05	6.376e-06
	2.5981e-05	2.7313e-05	2.8385e-05	2.4811e-05	2.7082e-05
loop 15
	4.086e-05	1.86e-05	1.892e-05	3.9951e-05	1.8532e-05
	4.2696e-05	4.3695e-05	1.9736e-05	4.1751e-05	4.3569e-05
	2.4384e-05	6.294e-06	6.433e-06	2.37e-05	6.259e-06
	2.6865e-05	2.8402e-05	2.9501e-05	2.5675e-05	2.8017e-05
loop 16
	3.8763e-05	3.9654e-05	4.032e-05	3.7935e-05	3.9519e-05
	4.0842e-05	4.1715e-05	4.2363e-05	3.9996e-05	4.1634e-05
	2.4072e-05	6.216e-06	6.354e-06	2.3392e-05	6.179e-06
	2.6849e-05	2.8438e-05	2.9496e-05	2.5634e-05	2.8028e-05
loop 17
	1.8468e-05	1.8912e-05	1.9244e-05	4.0617e-05	1.8848e-05
	3.9969e-05	4.0797e-05	4.1418e-05	3.9177e-05	4.0716e-05
	2.4088e-05	6.222e-06	6.361e-06	2.3408e-05	6.185e-06
	2.5981e-05	2.7313e-05	2.8385e-05	2.4811e-05	2.7082e-05
loop 18
	1.8064e-05	1.8556e-05	1.8896e-05	1.7648e-05	1.8464e-05
	3.9771e-05	4.0509e-05	4.1094e-05	6.9328e-05	4.0482e-05
	2.4436e-05	6.304e-06	6.441e-06	2.3756e-05	6.27e-06
	2.6865e-05	2.8402e-05	2.9501e-05	2.5675e-05	2.8017e-05
loop 19
	3.7818e-05	3.8637e-05	3.9258e-05	3.7044e-05	3.8529e-05
	4.4361e-05	2.02e-05	2.0548e-05	4.3362e-05	2.014e-05
	6.207e-06	6.419e-06	6.567e-06	2.4108e-05	6.379e-06
	2.6849e-05	2.8438e-05	2.9496e-05	2.5634e-05	2.8028e-05
loop 20
	3.8052e-05	3.8871e-05	3.9483e-05	3.7278e-05	3.8772e-05
	4.428e-05	2.016e-05	2.0504e-05	4.3281e-05	2.01e-05
	6.234e-06	6.44e-06	6.584e-06	2.4228e-05	6.403e-06
	2.5981e-05	2.7313e-05	2.8385e-05	2.4811e-05	2.7082e-05
loop 21
	3.7791e-05	3.8619e-05	3.9231e-05	3.7026e-05	3.8502e-05
	3.9591e-05	4.041e-05	4.1094e-05	3.879e-05	4.0347e-05
	2.4444e-05	6.31e-06	6.449e-06	2.3756e-05	6.274e-06
	2.6865e-05	2.8402e-05	2.9501e-05	2.5675e-05	2.8017e-05
loop 22
	4.176e-05	1.9008e-05	1.9344e-05	4.0797e-05	1.894e-05
	4.2885e-05	1.952e-05	1.9856e-05	4.1931e-05	4.3785e-05
	2.3976e-05	6.192e-06	6.329e-06	2.33e-05	6.155e-06
	2.6849e-05	2.8438e-05	2.9496e-05	2.5634e-05	2.8028e-05
loop 23
	2.2576e-05	2.3264e-05	5.942e-06	2.1952e-05	2.3152e-05
	3.9915e-05	4.0671e-05	4.1274e-05	3.9123e-05	4.0635e-05
	2.3588e-05	6.086e-06	6.219e-06	2.2936e-05	2.4212e-05
	2.5981e-05	2.7313e-05	2.8385e-05	2.4811e-05	2.7082e-05
loop 24
	5.634e-06	5.827e-06	5.963e-06	2.188e-05	5.784e-06
	4.212e-05	4.3074e-05	1.9456e-05	4.1211e-05	4.2966e-05
	6.131e-06	6.327e-06	6.466e-06	2.3824e-05	6.293e-06
	2.6865e-05	2.8402e-05	2.9501e-05	2.5675e-05	2.8017e-05
loop 25
	6.797e-06	7.049e-06	7.224e-06	6.582e-06	6.998e-06
	4.2201e-05	4.3119e-05	4.3794e-05	4.131e-05	4.3038e-05
	6.15e-06	6.36e-06	6.506e-06	2.3888e-05	6.32e-06
	2.6849e-05	2.8438e-05	2.9496e-05	2.5634e-05	2.8028e-05
loop 26
	6.444e-06	6.665e-06	6.82e-06	6.25e-06	6.623e-06
	3.9096e-05	3.987e-05	4.0455e-05	6.8128e-05	3.9816e-05
	6.286e-06	6.497e-06	6.644e-06	2.442e-05	6.458e-06
	2.5981e-05	2.7313e-05	2.8385e-05	2.4811e-05	2.7082e-05
loop 27
	1.854e-05	1.9016e-05	1.9364e-05	4.0752e-05	1.894e-05
	4.1328e-05	4.2156e-05	4.2786e-05	4.0491e-05	4.2111e-05
	2.4756e-05	6.391e-06	6.532e-06	2.406e-05	6.355e-06
	2.6865e-05	2.8402e-05	2.9501e-05	2.5675e-05	2.8017e-05
loop 28
	6.277e-06	6.519e-06	6.686e-06	6.075e-06	6.466e-06
	4.1103e-05	4.1949e-05	4.2597e-05	4.0266e-05	4.1877e-05
	2.3892e-05	6.167e-06	6.302e-06	2.3224e-05	6.132e-06
	2.6849e-05	2.8438e-05	2.9496e-05	2.5634e-05	2.8028e-05
loop 29
	1.9916e-05	2.0464e-05	2.0856e-05	1.9424e-05	2.0372e-05
	4.248e-05	4.347e-05	1.9636e-05	4.1553e-05	4.3344e-05
	2.3708e-05	6.117e-06	6.25e-06	2.3052e-05	2.4332e-05
	2.5981e-05	2.7313e-05	2.8385e-05	2.4811e-05	2.7082e-05
loop 30
	1.9252e-05	1.9792e-05	2.0176e-05	1.878e-05	1.9692e-05
	3.9906e-05	4.0707e-05	4.1328e-05	6.9504e-05	4.0653e-05
	2.4028e-05	6.198e-06	6.334e-06	2.3344e-05	6.165e-06
	2.6865e-05	2.8402e-05	2.9501e-05	2.5675e-05	2.8017e-05
loop 31
	2.156e-05	2.2228e-05	5.677e-06	2.0972e-05	2.2096e-05
	4.3965e-05	2.0016e-05	2.0356e-05	4.2957e-05	4.4901e-05
	2.4372e-05	6.301e-06	6.446e-06	2.3668e-05	6.261e-06
	2.6849e-05	2.8438e-05	2.9496e-05	2.5634e-05	2.8028e-05
loop 32
	6.841e-06	7.106e-06	7.289e-06	6.619e-06	7.049e-06
	4.0446e-05	4.1229e-05	4.1841e-05	3.9645e-05	4.1202e-05
	6.274e-06	6.485e-06	6.631e-06	2.4376e-05	6.446e-06
	2.5981e-05	2.7313e-05	2.8385e-05	2.4811e-05	2.7082e-05
loop 33
	2.212e-05	2.2796e-05	5.822e-06	2.152e-05	2.268e-05
	4.1805e-05	4.2777e-05	1.9324e-05	4.0905e-05	4.2651e-05
	2.464e-05	6.361e-06	6.501e-06	2.3948e-05	6.325e-06
	2.6865e-05	2.8402e-05	2.9501e-05	2.5675e-05	2.8017e-05
loop 34
	1.9268e-05	1.9788e-05	2.0176e-05	1.8804e-05	1.9692e-05
	4.2273e-05	4.3218e-05	4.3911e-05	4.1373e-05	4.3119e-05
	2.4404e-05	6.305e-06	6.446e-06	2.3712e-05	6.267e-06
	2.6849e-05	2.8438e-05	2.9496e-05	2.5634e-05	2.8028e-05
loop 35
	6.219e-06	6.443e-06	6.605e-06	6.024e-06	6.397e-06
	3.9771e-05	4.0581e-05	4.1184e-05	3.8979e-05	4.0518e-05
	2.3868e-05	6.158e-06	6.291e-06	2.3208e-05	6.124e-06
	2.5981e-05	2.7313e-05	2.8385e-05	2.4811e-05	2.7082e-05
loop 36
	7.017e-06	7.291e-06	7.48e-06	6.786e-06	7.232e-06
	4.1382e-05	4.2237e-05	4.2885e-05	4.0536e-05	4.2192e-05
	2.4084e-05	6.214e-06	6.35e-06	2.34e-05	6.18e-06
	2.6865e-05	2.8402e-05	2.9501e-05	2.5675e-05	2.8017e-05
loop 37
	4.0662e-05	4.1652e-05	1.884e-05	3.9753e-05	4.1499e-05
	4.1085e-05	4.1895e-05	4.2516e-05	4.0275e-05	4.1841e-05
	6.125e-06	6.334e-06	6.479e-06	2.3792e-05	6.294e-06
	2.6849e-05	2.8438e-05	2.9496e-05	2.5634e-05	2.8028e-05
loop 38
	2.0348e-05	2.0936e-05	2.136e-05	1.9824e-05	2.0836e-05
	4.2867e-05	4.3884e-05	1.9828e-05	4.1931e-05	4.3758e-05
	6.201e-06	6.403e-06	6.548e-06	2.41e-05	6.365e-06
	2.5981e-05	2.7313e-05	2.8385e-05	2.4811e-05	2.7082e-05
loop 39
	6.319e-06	6.542e-06	6.701e-06	6.126e-06	6.494e-06
	3.951e-05	4.0329e-05	4.095e-05	3.8709e-05	4.0266e-05
	6.208e-06	6.413e-06	6.557e-06	2.4128e-05	6.376e-06
	2.6865e-05	2.8402e-05	2.9501e-05	2.5675e-05	2.8017e-05
loop 40
	7.031e-06	7.31e-06	7.502e-06	6.798e-06	7.25e-06
	4.2741e-05	4.3704e-05	4.4415e-05	4.1832e-05	4.3605e-05
	2.4624e-05	6.361e-06	6.504e-06	2.3924e-05	6.323e-06
	2.6849e-05	2.8438e-05	2.9496e-05	2.5634e-05	2.8028e-05
loop 41
	3.8916e-05	3.9807e-05	4.0473e-05	3.8088e-05	3.9681e-05
	4.0275e-05	4.104e-05	4.1643e-05	3.9483e-05	4.1013e-05
	2.3788e-05	6.137e-06	6.27e-06	2.3132e-05	6.104e-06
	2.5981e-05	2.7313e-05	2.8385e-05	2.4811e-05	2.7082e-05
loop 42
	5.717e-06	5.913e-06	6.049e-06	2.2208e-05	5.873e-06
	4.2723e-05	4.3776e-05	1.9792e-05	4.176e-05	4.3632e-05
	2.4264e-05	6.264e-06	6.403e-06	2.358e-05	6.228e-06
	2.6865e-05	2.8402e-05	2.9501e-05	2.5675e-05	2.8017e-05
loop 43
	6.573e-06	6.8e-06	6.968e-06	6.369e-06	6.758e-06
	4.2156e-05	4.3119e-05	1.9476e-05	4.1256e-05	4.3011e-05
	6.128e-06	6.339e-06	6.484e-06	2.3804e-05	6.298e-06
	2.6849e-05	2.8438e-05	2.9496e-05	2.5634e-05	2.8028e-05
loop 44
	1.8928e-05	1.9408e-05	1.9752e-05	1.8488e-05	1.9332e-05
	3.9699e-05	4.0491e-05	4.1094e-05	3.8889e-05	4.0437e-05
	6.152e-06	6.354e-06	6.496e-06	2.3912e-05	6.318e-06
	2.5981e-05	2.7313e-05	2.8385e-05	2.4811e-05	2.7082e-05
loop 45
	1.9372e-05	1.9916e-05	2.0312e-05	1.8892e-05	1.982e-05
	4.3569e-05	4.4559e-05	2.0128e-05	4.2606e-05	4.4451e-05
	6.234e-06	6.444e-06	6.589e-06	2.4224e-05	6.405e-06
	2.6865e-05	2.8402e-05	2.9501e-05	2.5675e-05	2.8017e-05
loop 46
	2.0244e-05	2.088e-05	2.132e-05	1.97e-05	2.0748e-05
	3.96e-05	4.0338e-05	4.0905e-05	6.9056e-05	4.0311e-05
	2.4732e-05	6.392e-06	6.537e-06	2.402e-05	6.352e-06
	2.6849e-05	2.8438e-05	2.9496e-05	2.5634e-05	2.8028e-05
loop 47
	6.049e-06	6.263e-06	6.412e-06	5.866e-06	6.219e-06
	4.2723e-05	4.374e-05	1.976e-05	4.1814e-05	4.3605e-05
	2.38e-05	6.14e-06	6.273e-06	2.3144e-05	6.106e-06
	2.5981e-05	2.7313e-05	2.8385e-05	2.4811e-05	2.7082e-05
loop 48
	6.414e-06	6.629e-06	6.782e-06	6.223e-06	6.59e-06
	4.0806e-05	4.1661e-05	4.23e-05	3.9969e-05	4.1589e-05
	2.4024e-05	6.206e-06	6.344e-06	2.3344e-05	6.168e-06
	2.6865e-05	2.8402e-05	2.9501e-05	2.5675e-05	2.8017e-05
loop 49
	1.858e-05	1.9092e-05	1.9456e-05	1.8136e-05	1.9e-05
	4.0032e-05	4.086e-05	4.1481e-05	3.9231e-05	4.0788e-05
	6.111e-06	6.313e-06	6.459e-06	2.3748e-05	6.277e-06
	2.6849e-05	2.8438e-05	2.9496e-05	2.5634e-05	2.8028e-05
loop 50
	2.0684e-05	2.1344e-05	2.1804e-05	2.0132e-05	2.1208e-05
	4.0104e-05	4.0887e-05	4.149e-05	3.9312e-05	4.0851e-05
	6.118e-06	6.316e-06	6.454e-06	2.3788e-05	6.281e-06
	2.5981e-05	2.7313e-05	2.8385e-05	2.4811e-05	2.7082e-05
loop 51
	5.833e-06	6.042e-06	6.186e-06	5.657e-06	5.997e-06
	4.1049e-05	4.1913e-05	4.2561e-05	4.0194e-05	4.1823e-05
	6.238e-06	6.448e-06	6.594e-06	2.424e-05	6.409e-06
	2.6865e-05	2.8402e-05	2.9501e-05	2.5675e-05	2.8017e-05
loop 52
	6.297e-06	6.543e-06	6.711e-06	6.094e-06	6.487e-06
	2.4104e-05	2.4724e-05	2.5176e-05	2.3508e-05	2.4652e-05
	2.4756e-05	6.394e-06	6.537e-06	2.4052e-05	6.357e-06
	2.6849e-05	2.8438e-05	2.9496e-05	2.5634e-05	2.8028e-05
loop 53
	4.1175e-05	1.8756e-05	1.9088e-05	4.0239e-05	1.8684e-05
	4.2498e-05	4.3515e-05	1.9664e-05	4.1562e-05	4.338e-05
	6.876e-06	7.095e-06	7.263e-06	6.683e-06	7.064e-06
	2.5981e-05	2.7313e-05	2.8385e-05	2.4811e-05	2.7082e-05
loop 54
	2.1356e-05	2.202e-05	2.2484e-05	2.0796e-05	2.1892e-05
	4.2012e-05	4.2957e-05	4.3641e-05	4.1121e-05	4.2858e-05
	1.1502e-05	1.1906e-05	1.2211e-05	1.1121e-05	1.185e-05
	2.6865e-05	2.8402e-05	2.9501e-05	2.5675e-05	2.8017e-05
loop 55
	2.2572e-05	5.84e-06	5.975e-06	2.1912e-05	5.798e-06
	3.9852e-05	4.0635e-05	4.1238e-05	3.906e-05	4.059e-05
	1.1738e-05	1.2151e-05	1.2491e-05	1.1343e-05	1.2111e-05
	2.6849e-05	2.8438e-05	2.9496e-05	2.5634e-05	2.8028e-05
loop 56
	6.051e-06	6.273e-06	6.425e-06	5.865e-06	6.225e-06
	3.9735e-05	4.0473e-05	4.1049e-05	6.9264e-05	4.0455e-05
	1.1563e-05	1.1969e-05	1.2284e-05	1.118e-05	1.1912e-05
	2.5981e-05	2.7313e-05	2.8385e-05	2.4811e-05	2.7082e-05
loop 57
	1.914e-05	1.9644e-05	2.0008e-05	1.8684e-05	1.956e-05
	4.3821e-05	1.9924e-05	2.0252e-05	4.2858e-05	1.9876e-05
	2.8096e-05	7.237e-06	7.4e-06	2.734e-05	7.203e-06
	2.6865e-05	2.8402e-05	2.9501e-05	2.5675e-05	2.8017e-05
loop 58
	3.8268e-05	3.9132e-05	3.9762e-05	3.7476e-05	3.9006e-05
	4.4253e-05	2.0152e-05	2.05e-05	4.3254e-05	2.0088e-05
	2.3744e-05	6.136e-06	6.274e-06	2.3068e-05	6.097e-06
	2.6849e-05	2.8438e-05	2.9496e-05	2.5634e-05	2.8028e-05
loop 59
	3.771e-05	3.8574e-05	3.9213e-05	3.6918e-05	3.8439e-05
	3.9888e-05	4.0725e-05	4.1391e-05	3.9069e-05	4.0662e-05
	2.398e-05	6.189e-06	6.326e-06	2.3292e-05	6.154e-06
	2.5981e-05	2.7313e-05	2.8385e-05	2.4811e-05	2.7082e-05
loop 60
	1.8576e-05	1.9036e-05	1.9372e-05	4.0851e-05	1.8968e-05
	4.3614e-05	1.986e-05	2.0204e-05	4.2624e-05	1.9796e-05
	6.132e-06	6.335e-06	6.476e-06	2.3832e-05	6.298e-06
	2.6865e-05	2.8402e-05	2.9501e-05	2.5675e-05	2.8017e-05
loop 61
	3.9258e-05	4.0221e-05	4.0914e-05	3.8403e-05	4.0068e-05
	4.0896e-05	4.1661e-05	4.2273e-05	4.0059e-05	4.1634e-05
	6.238e-06	6.443e-06	6.587e-06	2.4244e-05	6.407e-06
	2.6849e-05	2.8438e-05	2.9496e-05	2.5634e-05	2.8028e-05
loop 62
	3.9798e-05	1.8128e-05	1.844e-05	3.8907e-05	1.8056e-05
	4.2759e-05	4.3767e-05	1.9772e-05	4.1823e-05	4.3641e-05
	2.4676e-05	6.366e-06	6.504e-06	2.3988e-05	6.332e-06
	2.5981e-05	2.7313e-05	2.8385e-05	2.4811e-05	2.7082e-05
loop 63
	3.7674e-05	3.8529e-05	3.9159e-05	3.69e-05	3.8403e-05
	4.1877e-05	4.2795e-05	4.3479e-05	4.0977e-05	4.2714e-05
	2.3732e-05	6.122e-06	6.255e-06	2.3076e-05	6.089e-06
	2.6865e-05	2.8402e-05	2.9501e-05	2.5675e-05	2.8017e-05
loop 64
	1.9364e-05	1.9832e-05	2.018e-05	1.892e-05	1.9772e-05
	4.0356e-05	4.1175e-05	4.1787e-05	3.9555e-05	4.1103e-05
	2.4052e-05	6.219e-06	6.361e-06	2.3364e-05	6.179e-06
	2.6849e-05	2.8438e-05	2.9496e-05	2.5634e-05	2.8028e-05
loop 65
	3.9627e-05	4.0581e-05	1.834e-05	3.8763e-05	4.0428e-05
	3.9555e-05	4.0275e-05	4.0851e-05	6.8976e-05	4.0257e-05
	2.3936e-05	6.177e-06	6.314e-06	2.3252e-05	6.143e-06
	2.5981e-05	2.7313e-05	2.8385e-05	2.4811e-05	2.7082e-05
loop 66
	3.9879e-05	1.8164e-05	1.848e-05	3.8997e-05	1.8092e-05
	4.4721e-05	2.0352e-05	2.0696e-05	4.3704e-05	2.0296e-05
	6.119e-06	6.321e-06	6.462e-06	2.3784e-05	6.284e-06
	2.6865e-05	2.8402e-05	2.9501e-05	2.5675e-05	2.8017e-05
loop 67
	3.7719e-05	3.8547e-05	3.9168e-05	3.6945e-05	3.843e-05
	4.4163e-05	2.0112e-05	2.046e-05	4.3164e-05	2.0048e-05
	6.169e-06	6.371e-06	6.515e-06	2.398e-05	6.332e-06
	2.6849e-05	2.8438e-05	2.9496e-05	2.5634e-05	2.8028e-05
loop 68
	1.9828e-05	2.0364e-05	2.0752e-05	1.9344e-05	2.028e-05
	4.0968e-05	4.1832e-05	4.2489e-05	4.0113e-05	4.1778e-05
	6.214e-06	6.419e-06	6.562e-06	2.4152e-05	6.382e-06
	2.5981e-05	2.7313e-05	2.8385e-05	2.4811e-05	2.7082e-05
loop 69
	3.9438e-05	1.7952e-05	1.826e-05	3.8565e-05	1.7884e-05
	4.3623e-05	1.9856e-05	2.0192e-05	4.2651e-05	1.9796e-05
	2.3956e-05	6.183e-06	6.319e-06	2.3288e-05	6.148e-06
	2.6865e-05	2.8402e-05	2.9501e-05	2.5675e-05	2.8017e-05
loop 70
	3.8313e-05	3.9195e-05	3.9825e-05	3.7512e-05	3.906e-05
	4.095e-05	4.1715e-05	4.2336e-05	4.0113e-05	4.1697e-05
	2.3908e-05	6.178e-06	6.317e-06	2.3228e-05	6.139e-06
	2.6849e-05	2.8438e-05	2.9496e-05	2.5634e-05	2.8028e-05
loop 71
	3.8349e-05	3.9222e-05	3.987e-05	3.7548e-05	3.9096e-05
	4.2579e-05	4.3569e-05	1.9684e-05	4.1652e-05	4.3452e-05
	2.416e-05	6.243e-06	6.383e-06	2.3468e-05	6.205e-06
	2.5981e-05	2.7313e-05	2.8385e-05	2.4811e-05	2.7082e-05
loop 72
	5.903e-06	6.085e-06	6.214e-06	5.738e-06	6.053e-06
	4.1715e-05	4.2651e-05	4.3326e-05	4.0842e-05	4.2561e-05
	6.135e-06	6.338e-06	6.479e-06	2.3844e-05	6.301e-06
	2.6865e-05	2.8402e-05	2.9501e-05	2.5675e-05	2.8017e-05
loop 73
	3.8331e-05	3.9231e-05	3.9888e-05	3.7521e-05	3.9087e-05
	4.05e-05	4.1337e-05	4.1958e-05	3.969e-05	4.1256e-05
	6.101e-06	6.298e-06	6.436e-06	2.3724e-05	6.264e-06
	2.6849e-05	2.8438e-05	2.9496e-05	2.5634e-05	2.8028e-05
loop 74
	3.7971e-05	3.8799e-05	3.942e-05	3.7188e-05	3.8682e-05
	3.9663e-05	4.0383e-05	4.0959e-05	6.9168e-05	4.0374e-05
	6.215e-06	6.42e-06	6.564e-06	2.4152e-05	6.383e-06
	2.5981e-05	2.7313e-05	2.8385e-05	2.4811e-05	2.7082e-05
loop 75
	4.2192e-05	1.918e-05	1.95e-05	4.1283e-05	1.9128e-05
	4.3551e-05	4.4586e-05	2.0148e-05	4.2579e-05	4.4478e-05
	2.4088e-05	6.218e-06	6.355e-06	2.3416e-05	6.183e-06
	2.6865e-05	2.8402e-05	2.9501e-05	2.5675e-05	2.8017e-05
loop 76
	7.184e-05	4.1166e-05	4.1733e-05	7.0464e-05	4.1121e-05
	4.4505e-05	2.0268e-05	2.0612e-05	4.3506e-05	2.0204e-05
	2.3936e-05	6.184e-06	6.323e-06	2.3256e-05	6.146e-06
	2.6849e-05	2.8438e-05	2.9496e-05	2.5634e-05	2.8028e-05
loop 77
	4.4559e-05	2.0244e-05	2.0572e-05	4.3605e-05	4.5441e-05
	4.0347e-05	4.1166e-05	4.1787e-05	3.9537e-05	4.1112e-05
	2.3936e-05	6.182e-06	6.32e-06	2.326e-05	6.145e-06
	2.5981e-05	2.7313e-05	2.8385e-05	2.4811e-05	2.7082e-05
loop 78
	1.9676e-05	2.016e-05	2.052e-05	4.3245e-05	2.0092e-05
	4.356e-05	1.982e-05	2.0152e-05	4.2615e-05	1.9764e-05
	6.168e-06	6.369e-06	6.509e-06	2.398e-05	6.333e-06
	2.6865e-05	2.8402e-05	2.9501e-05	2.5675e-05	2.8017e-05
loop 79
	4.0842e-05	4.1859e-05	1.8928e-05	3.9933e-05	4.1697e-05
	4.0032e-05	4.077e-05	4.1364e-05	6.9776e-05	4.0752e-05
	6.187e-06	6.392e-06	6.534e-06	2.4044e-05	6.354e-06
	2.6849e-05	2.8438e-05	2.9496e-05	2.5634e-05	2.8028e-05
loop 80
	3.879e-05	3.9699e-05	4.0365e-05	3.7962e-05	3.9564e-05
	4.2804e-05	4.3821e-05	1.98e-05	4.1868e-05	4.3695e-05
	6.236e-06	6.445e-06	6.59e-06	2.4228e-05	6.406e-06
	2.5981e-05	2.7313e-05	2.8385e-05	2.4811e-05	2.7082e-05
loop 81
	3.7746e-05	3.8529e-05	3.9123e-05	6.576e-05	3.843e-05
	4.1589e-05	4.248e-05	4.3146e-05	4.0707e-05	4.2408e-05
	2.436e-05	6.289e-06	6.428e-06	2.368e-05	6.253e-06
	2.6865e-05	2.8402e-05	2.9501e-05	2.5675e-05	2.8017e-05
loop 82
	2.0296e-05	2.0852e-05	2.1252e-05	1.9792e-05	2.0764e-05
	4.0284e-05	4.1121e-05	4.1742e-05	3.9483e-05	4.104e-05
	2.3896e-05	6.174e-06	6.313e-06	2.3216e-05	6.136e-06
	2.6849e-05	2.8438e-05	2.9496e-05	2.5634e-05	2.8028e-05
loop 83
	6.7072e-05	3.8403e-05	3.8934e-05	6.5824e-05	3.8358e-05
	3.9861e-05	4.0599e-05	4.1184e-05	6.9488e-05	4.0581e-05
	2.3636e-05	6.105e-06	6.241e-06	2.2972e-05	2.4272e-05
	2.5981e-05	2.7313e-05	2.8385e-05	2.4811e-05	2.7082e-05
loop 84
	2.1176e-05	2.1816e-05	2.2272e-05	2.0612e-05	2.17e-05
	4.3335e-05	4.437e-05	2.0048e-05	4.2381e-05	4.4244e-05
	6.224e-06	6.429e-06	6.572e-06	2.4188e-05	6.392e-06
	2.6865e-05	2.8402e-05	2.9501e-05	2.5675e-05	2.8017e-05
loop 85
	6.8032e-05	6.9136e-05	3.9411e-05	6.68e-05	6.9104e-05
	4.4901e-05	2.0452e-05	2.0808e-05	4.3875e-05	2.0388e-05
	2.4456e-05	6.313e-06	6.452e-06	2.3772e-05	6.278e-06
	2.6849e-05	2.8438e-05	2.9496e-05	2.5634e-05	2.8028e-05
loop 86
	1.8708e-05	1.9256e-05	1.9636e-05	1.8244e-05	1.9144e-05
	4.0428e-05	4.1256e-05	4.1886e-05	3.9609e-05	4.1211e-05
	6.318e-06	6.534e-06	6.684e-06	2.454e-05	6.493e-06
	2.5981e-05	2.7313e-05	2.8385e-05	2.4811e-05	2.7082e-05
loop 87
	4.0338e-05	4.1058e-05	4.1634e-05	3.9573e-05	4.1031e-05
	4.4019e-05	2.0044e-05	2.0384e-05	4.3038e-05	1.9984e-05
	2.45e-05	6.325e-06	6.464e-06	2.3812e-05	6.289e-06
	2.6865e-05	2.8402e-05	2.9501e-05	2.5675e-05	2.8017e-05
loop 88
	4.1769e-05	1.902e-05	1.9364e-05	4.0815e-05	1.8944e-05
	3.9573e-05	4.0293e-05	4.086e-05	6.9008e-05	4.0275e-05
	2.3832e-05	6.161e-06	6.301e-06	2.3148e-05	6.121e-06
	2.6849e-05	2.8438e-05	2.9496e-05	2.5634e-05	2.8028e-05
loop 89
	3.8871e-05	3.9798e-05	4.0491e-05	3.8034e-05	3.9654e-05
	4.2732e-05	4.3722e-05	1.9752e-05	4.1805e-05	4.3605e-05
	2.368e-05	6.113e-06	6.247e-06	2.302e-05	2.4312e-05
	2.5981e-05	2.7313e-05	2.8385e-05	2.4811e-05	2.7082e-05
loop 90
	1.9048e-05	1.9528e-05	1.9876e-05	1.8608e-05	1.9452e-05
	4.1607e-05	4.2534e-05	4.3209e-05	4.0743e-05	4.2444e-05
	6.19e-06	6.39e-06	6.533e-06	2.4044e-05	6.355e-06
	2.6865e-05	2.8402e-05	2.9501e-05	2.5675e-05	2.8017e-05
loop 91
	3.7512e-05	3.834e-05	3.8952e-05	3.6738e-05	3.8214e-05
	4.1319e-05	4.2201e-05	4.2867e-05	4.0464e-05	4.212e-05
	2.4172e-05	6.24e-06	6.377e-06	2.3496e-05	6.205e-06
	2.6849e-05	2.8438e-05	2.9496e-05	2.5634e-05	2.8028e-05
loop 92
	1.8368e-05	1.8828e-05	1.916e-05	4.0383e-05	1.8756e-05
	4.0194e-05	4.0968e-05	4.1571e-05	3.9402e-05	4.0941e-05
	6.313e-06	6.529e-06	6.678e-06	2.452e-05	6.488e-06
	2.5981e-05	2.7313e-05	2.8385e-05	2.4811e-05	2.7082e-05
loop 93
	3.7377e-05	3.8196e-05	3.879e-05	3.663e-05	3.8079e-05
	4.3308e-05	4.4316e-05	2.002e-05	4.2354e-05	4.4199e-05
	2.4696e-05	6.375e-06	6.515e-06	2.4e-05	6.339e-06
	2.6865e-05	2.8402e-05	2.9501e-05	2.5675e-05	2.8017e-05
loop 94
	1.8488e-05	1.896e-05	1.93e-05	4.0635e-05	1.8884e-05
	4.3992e-05	2.0028e-05	2.0372e-05	4.2993e-05	1.9964e-05
	2.3752e-05	6.137e-06	6.275e-06	2.308e-05	6.099e-06
	2.6849e-05	2.8438e-05	2.9496e-05	2.5634e-05	2.8028e-05
loop 95
	3.7881e-05	3.8727e-05	3.9348e-05	3.7107e-05	3.8601e-05
	3.9834e-05	4.0635e-05	4.1238e-05	6.9408e-05	4.0581e-05
	2.39e-05	6.176e-06	6.315e-06	2.322e-05	6.137e-06
	2.5981e-05	2.7313e-05	2.8385e-05	2.4811e-05	2.7082e-05
loop 96
	1.8432e-05	1.8892e-05	1.9228e-05	4.0527e-05	1.882e-05
	1.9676e-05	2.0152e-05	2.0492e-05	4.3281e-05	2.0096e-05
	2.4328e-05	6.279e-06	6.419e-06	2.3628e-05	6.244e-06
	2.6865e-05	2.8402e-05	2.9501e-05	2.5675e-05	2.8017e-05
loop 97
	3.8709e-05	3.9564e-05	4.0194e-05	3.7908e-05	3.9447e-05
	3.9924e-05	4.0662e-05	4.1238e-05	6.96e-05	4.0644e-05
	2.4388e-05	6.295e-06	6.434e-06	2.3704e-05	6.26e-06
	2.6849e-05	2.8438e-05	2.9496e-05	2.5634e-05	2.8028e-05
loop 98
	1.8728e-05	1.9208e-05	1.9576e-05	1.8284e-05	1.9136e-05
	4.2957e-05	4.3965e-05	1.986e-05	4.2039e-05	4.3839e-05
	6.259e-06	6.467e-06	6.615e-06	2.432e-05	6.426e-06
	2.5981e-05	2.7313e-05	2.8385e-05	2.4811e-05	2.7082e-05
loop 99
	4.2327e-05	1.9264e-05	1.9604e-05	4.1364e-05	1.9204e-05
	4.1229e-05	4.2111e-05	4.2759e-05	4.0365e-05	4.203e-05
	2.4592e-05	6.348e-06	6.488e-06	2.3904e-05	6.313e-06
	2.6865e-05	2.8402e-05	2.9501e-05	2.5675e-05	2.8017e-05
loop 100
	1.9316e-05	1.988e-05	2.0276e-05	1.8832e-05	1.9772e-05
	4.0554e-05	4.1409e-05	4.2057e-05	3.9726e-05	4.1337e-05
	2.4136e-05	6.241e-06	6.383e-06	2.3444e-05	6.2e-06
	2.6849e-05	2.8438e-05	2.9496e-05	2.5634e-05	2.8028e-05
loop 101
	1.9536e-05	2.0056e-05	2.0428e-05	1.9064e-05	1.9968e-05
	3.9978e-05	4.0734e-05	4.1337e-05	6.968e-05	4.0707e-05
	2.3788e-05	6.14e-06	6.275e-06	2.3124e-05	6.105e-06
	2.5981e-05	2.7313e-05	2.8385e-05	2.4811e-05	2.7082e-05
loop 102
	1.9008e-05	1.9476e-05	1.9824e-05	4.1787e-05	1.9408e-05
	4.3227e-05	4.4244e-05	1.9984e-05	4.2255e-05	4.4118e-05
	2.4468e-05	6.321e-06	6.463e-06	2.3772e-05	6.283e-06
	2.6865e-05	2.8402e-05	2.9501e-05	2.5675e-05	2.8017e-05
loop 103
	1.9028e-05	1.9496e-05	1.9836e-05	4.1832e-05	1.9428e-05
	1.9704e-05	2.0192e-05	2.054e-05	4.3335e-05	2.0128e-05
	2.4304e-05	6.274e-06	6.412e-06	2.3624e-05	6.239e-06
	2.6849e-05	2.8438e-05	2.9496e-05	2.5634e-05	2.8028e-05
loop 104
	1.8812e-05	1.9272e-05	1.9612e-05	4.1364e-05	1.9204e-05
	4.0005e-05	4.0797e-05	4.1418e-05	3.9177e-05	4.0752e-05
	6.23e-06	6.439e-06	6.584e-06	2.4208e-05	6.4e-06
	2.5981e-05	2.7313e-05	2.8385e-05	2.4811e-05	2.7082e-05
loop 105
	4.0725e-05	1.8544e-05	1.8872e-05	3.9816e-05	4.1571e-05
	4.3434e-05	1.9772e-05	2.0104e-05	4.248e-05	1.9712e-05
	2.4656e-05	6.368e-06	6.511e-06	2.396e-05	6.331e-06
	2.6865e-05	2.8402e-05	2.9501e-05	2.5675e-05	2.8017e-05
loop 106
	4.0599e-05	4.158e-05	1.8796e-05	3.9699e-05	4.1436e-05
	7.0176e-05	4.0176e-05	4.0752e-05	6.8832e-05	4.0167e-05
	2.4204e-05	6.258e-06	6.4e-06	2.3508e-05	6.218e-06
	2.6849e-05	2.8438e-05	2.9496e-05	2.5634e-05	2.8028e-05
loop 107
	1.9716e-05	2.0296e-05	2.07e-05	1.9212e-05	2.0184e-05
	4.3056e-05	1.9588e-05	1.9912e-05	4.212e-05	4.3947e-05
	2.3752e-05	6.131e-06	6.265e-06	2.3092e-05	6.096e-06
	2.5981e-05	2.7313e-05	2.8385e-05	2.4811e-05	2.7082e-05
loop 108
	3.7431e-05	3.8214e-05	3.879e-05	6.5232e-05	3.8106e-05
	4.1355e-05	4.2246e-05	4.2903e-05	4.05e-05	4.2165e-05
	2.4344e-05	6.291e-06	6.434e-06	2.3644e-05	6.252e-06
	2.6865e-05	2.8402e-05	2.9501e-05	2.5675e-05	2.8017e-05
loop 109
	1.9908e-05	2.0512e-05	2.0936e-05	1.9388e-05	2.0396e-05
	4.0608e-05	4.1454e-05	4.2084e-05	3.9789e-05	4.1391e-05
	2.4328e-05	6.273e-06	6.413e-06	2.3652e-05	6.241e-06
	2.6849e-05	2.8438e-05	2.9496e-05	2.5634e-05	2.8028e-05
loop 110
	4.1058e-05	4.2003e-05	4.2696e-05	4.0185e-05	4.1868e-05
	4.0239e-05	4.1013e-05	4.1625e-05	3.9447e-05	4.0986e-05
	6.172e-06	6.375e-06	6.517e-06	2.3992e-05	6.339e-06
	2.5981e-05	2.7313e-05	2.8385e-05	2.4811e-05	2.7082e-05
loop 111
	1.916e-05	1.962e-05	1.9964e-05	1.8724e-05	1.956e-05
	4.3443e-05	4.4478e-05	2.0096e-05	4.2498e-05	4.4352e-05
	6.175e-06	6.38e-06	6.522e-06	2.4e-05	6.342e-06
	2.6865e-05	2.8402e-05	2.9501e-05	2.5675e-05	2.8017e-05
loop 112
	4.1256e-05	1.8784e-05	1.9116e-05	4.0329e-05	1.8716e-05
	4.3596e-05	1.9852e-05	2.018e-05	4.2633e-05	1.9792e-05
	2.4584e-05	6.357e-06	6.502e-06	2.3872e-05	6.316e-06
	2.6849e-05	2.8438e-05	2.9496e-05	2.5634e-05	2.8028e-05
loop 113
	1.9528e-05	2.0088e-05	2.0484e-05	1.9036e-05	1.9984e-05
	4.0635e-05	4.1472e-05	4.2111e-05	3.978e-05	4.1409e-05
	2.3744e-05	6.132e-06	6.268e-06	2.3076e-05	6.095e-06
	2.5981e-05	2.7313e-05	2.8385e-05	2.4811e-05	2.7082e-05
loop 114
	3.8412e-05	3.9285e-05	3.9924e-05	3.7611e-05	3.9159e-05
	4.2777e-05	1.9448e-05	1.9768e-05	4.1859e-05	1.94e-05
	2.382e-05	6.153e-06	6.29e-06	2.3148e-05	6.116e-06
	2.6865e-05	2.8402e-05	2.9501e-05	2.5675e-05	2.8017e-05
loop 115
	1.9044e-05	1.9648e-05	2.0064e-05	1.8544e-05	1.9516e-05
	7.0336e-05	4.0275e-05	4.0842e-05	6.8992e-05	4.0257e-05
	6.18e-06	6.38e-06	6.521e-06	2.4024e-05	6.345e-06
	2.6849e-05	2.8438e-05	2.9496e-05	2.5634e-05	2.8028e-05
loop 116
	3.7719e-05	3.8538e-05	3.9141e-05	3.6945e-05	3.8421e-05
	4.2939e-05	1.9536e-05	1.986e-05	4.2012e-05	4.3821e-05
	6.226e-06	6.436e-06	6.581e-06	2.4188e-05	6.397e-06
	2.5981e-05	2.7313e-05	2.8385e-05	2.4811e-05	2.7082e-05
loop 117
	7.064e-05	4.0419e-05	4.0977e-05	6.9344e-05	4.0401e-05
	4.0968e-05	4.1823e-05	4.2462e-05	4.0104e-05	4.176e-05
	6.207e-06	6.416e-06	6.561e-06	2.412e-05	6.377e-06
	2.6865e-05	2.8402e-05	2.9501e-05	2.5675e-05	2.8017e-05
loop 118
	3.8088e-05	3.8952e-05	3.9582e-05	3.7287e-05	3.8817e-05
	4.0842e-05	4.1688e-05	4.2318e-05	4.0014e-05	4.1616e-05
	2.46e-05	6.361e-06	6.506e-06	2.3888e-05	6.32e-06
	2.6849e-05	2.8438e-05	2.9496e-05	2.5634e-05	2.8028e-05
loop 119
	6.6928e-05	3.8313e-05	3.8826e-05	6.5712e-05	3.8277e-05
	4.0518e-05	4.1319e-05	4.194e-05	3.9699e-05	4.1274e-05
	2.3736e-05	6.13e-06	6.266e-06	2.3072e-05	6.093e-06
	2.5981e-05	2.7313e-05	2.8385e-05	2.4811e-05	2.7082e-05
loop 120
	3.9042e-05	3.9807e-05	4.0392e-05	6.8064e-05	3.9744e-05
	4.3272e-05	4.4289e-05	2.0008e-05	4.2327e-05	4.4163e-05
	2.3972e-05	6.192e-06	6.33e-06	2.3292e-05	6.154e-06
	2.6865e-05	2.8402e-05	2.9501e-05	2.5675e-05	2.8017e-05
loop 121
	4.0455e-05	1.8412e-05	1.8736e-05	3.9528e-05	4.1265e-05
	4.3767e-05	1.992e-05	2.0252e-05	4.2804e-05	1.9868e-05
	6.13e-06	6.325e-06	6.464e-06	2.3816e-05	6.291e-06
	2.6849e-05	2.8438e-05	2.9496e-05	2.5634e-05	2.8028e-05
loop 122
	2.1844e-05	2.2548e-05	5.762e-06	2.1232e-05	2.2416e-05
	4.0725e-05	4.1553e-05	4.2192e-05	3.987e-05	4.1499e-05
	6.146e-06	6.349e-06	6.491e-06	2.3888e-05	6.312e-06
	2.5981e-05	2.7313e-05	2.8385e-05	2.4811e-05	2.7082e-05
loop 123
	1.966e-05	2.0224e-05	2.062e-05	1.9168e-05	2.012e-05
	4.3272e-05	4.4262e-05	1.9996e-05	4.2309e-05	4.4145e-05
	6.246e-06	6.455e-06	6.601e-06	2.4268e-05	6.417e-06
	2.6865e-05	2.8402e-05	2.9501e-05	2.5675e-05	2.8017e-05
loop 124
	3.9366e-05	4.0095e-05	4.0671e-05	3.8619e-05	4.0059e-05
	7.0368e-05	4.0284e-05	4.0869e-05	6.9024e-05	4.0266e-05
	6.218e-06	6.432e-06	6.579e-06	2.4152e-05	6.391e-06
	2.6849e-05	2.8438e-05	2.9496e-05	2.5634e-05	2.8028e-05
loop 125
	1.9828e-05	2.0396e-05	2.0796e-05	1.9332e-05	2.0292e-05
	6.8144e-05	3.8997e-05	3.9528e-05	6.688e-05	3.8943e-05
	2.3588e-05	6.088e-06	6.221e-06	2.2932e-05	6.053e-06
	2.5981e-05	2.7313e-05	2.8385e-05	2.4811e-05	2.7082e-05
loop 126
	2.0516e-05	2.1128e-05	2.156e-05	1.998e-05	2.1012e-05
	4.473e-05	4.563e-05	4.6332e-05	4.3794e-05	4.5585e-05
	2.3804e-05	6.145e-06	6.28e-06	2.314e-05	6.11e-06
	2.6865e-05	2.8402e-05	2.9501e-05	2.5675e-05	2.8017e-05
loop 127
	3.9447e-05	4.0203e-05	4.0788e-05	3.8682e-05	4.014e-05
	1.2966e-05	1.39e-05	1.4501e-05	1.239e-05	1.3597e-05
	2.4172e-05	6.236e-06	6.373e-06	2.3484e-05	6.203e-06
	2.6849e-05	2.8438e-05	2.9496e-05	2.5634e-05	2.8028e-05

work load: vpr.mips twolf.mips mesa.mips bzip2.mips
