loop 0
	0.613099	0.521788	0.444506	0.527206	2.00863	0.45641	0.391737	0.381246
loop 1
	0.515719	0.465385	0.397487	0.46131	2.06238	0.403048	0.341424	0.340789
loop 2
	0.51321	0.468704	0.399465	0.46469	2.06217	0.40102	0.345156	0.343529
loop 3
	0.432045	0.414785	0.355771	0.405337	1.99495	0.356628	0.304129	0.304629
loop 4
	0.379076	0.370408	0.31313	0.360645	1.94857	0.315088	0.271438	0.273129
loop 5
	0.438082	0.414353	0.355345	0.410575	2.00114	0.356032	0.30359	0.308312
loop 6
	0.425745	0.388391	0.333952	0.382925	1.98906	0.332827	0.284788	0.28689
loop 7
	0.25925	0.261481	0.231194	0.254965	1.81714	0.220571	0.188248	0.201994
loop 8
	0.403091	0.37902	0.325998	0.36879	1.95864	0.323827	0.275346	0.282859
loop 9
	0.419527	0.395771	0.34183	0.39109	1.98019	0.335777	0.288	0.293587
loop 10
	0.401618	0.381217	0.328774	0.376404	1.96754	0.326406	0.278144	0.280692
loop 11
	0.394578	0.382043	0.324505	0.371828	1.95132	0.321897	0.279042	0.28232
loop 12
	0.284215	0.299326	0.253244	0.288967	1.83854	0.251384	0.215474	0.219407
loop 13
	0.278945	0.291881	0.250588	0.287146	1.83587	0.249281	0.213104	0.221227
loop 14
	0.507547	0.457754	0.393418	0.453623	2.05932	0.395288	0.339041	0.336361
loop 15
	0.617082	0.540546	0.459374	0.535982	2.15961	0.46871	0.398216	0.39292
loop 16
	0.62391	0.540995	0.458547	0.540021	2.10929	0.468429	0.399021	0.392073
loop 17
	0.436016	0.408179	0.348939	0.404061	1.99671	0.349422	0.296704	0.301869
loop 18
	0.430323	0.401128	0.347147	0.396621	1.98696	0.347282	0.29428	0.299704
loop 19
	0.42444	0.391863	0.333669	0.380975	1.97082	0.331027	0.288595	0.286486
loop 20
	0.263402	0.260952	0.230734	0.254505	1.81714	0.220077	0.192932	0.201358
loop 21
	0.488107	0.441483	0.38092	0.436548	2.05035	0.377435	0.326114	0.328739
loop 22
	0.500946	0.455387	0.390604	0.451766	2.05022	0.392916	0.336408	0.333748
loop 23
	0.435267	0.40541	0.347518	0.400683	1.99877	0.345668	0.298265	0.299853
loop 24
	0.341086	0.346033	0.295467	0.337358	1.89897	0.296627	0.252077	0.256927
loop 25
	0.643643	0.571281	0.485518	0.566494	2.15831	0.494964	0.419965	0.409375
loop 26
	0.543727	0.476655	0.411835	0.476644	2.07609	0.412999	0.351725	0.353898
loop 27
	0.492163	0.446249	0.385956	0.442095	2.05052	0.382889	0.326	0.333102
loop 28
	0.420272	0.393607	0.33153	0.383181	1.97777	0.333058	0.285035	0.287907
loop 29
	0.308154	0.308993	0.265642	0.299175	1.87604	0.261598	0.225992	0.23138
loop 30
	0.503974	0.459955	0.390345	0.449844	2.05993	0.391373	0.335069	0.337964
loop 31
	0.416492	0.391863	0.340852	0.387417	1.98077	0.337416	0.289431	0.293861
loop 32
	0.29209	0.303502	0.261077	0.29322	1.86006	0.255588	0.219703	0.226142
loop 33
	0.422418	0.398521	0.343009	0.393659	1.98965	0.338566	0.290993	0.296158
loop 34
	0.38074	0.359091	0.311678	0.353765	1.94828	0.307918	0.264049	0.267501
loop 35
	0.356317	0.350241	0.297832	0.339817	1.91859	0.293886	0.254942	0.259057
loop 36
	0.460772	0.412559	0.357944	0.407365	2.00201	0.358498	0.306188	0.30675
loop 37
	0.325325	0.310668	0.266647	0.304218	1.88215	0.261565	0.226374	0.233705
loop 38
	0.262432	0.26425	0.23447	0.258251	1.81186	0.223874	0.191683	0.200624
loop 39
	0.246622	0.255821	0.220879	0.244136	1.79086	0.214623	0.182015	0.191881
loop 40
	0.353206	0.340425	0.29259	0.329696	1.90353	0.288293	0.24891	0.253832
loop 41
	0.300177	0.307875	0.26245	0.298332	1.85421	0.261147	0.225615	0.22814
loop 42
	0.349661	0.346113	0.295413	0.336026	1.91244	0.295461	0.251021	0.256904
loop 43
	0.33662	0.332896	0.286396	0.327771	1.88872	0.280935	0.241436	0.247946
loop 44
	0.472294	0.430635	0.370363	0.42577	2.02795	0.372124	0.320377	0.319124
loop 45
	0.578246	0.51002	0.43072	0.509182	2.07028	0.442114	0.382794	0.368745
loop 46
	0.733824	0.631617	0.531739	0.614366	2.25448	0.530123	0.455375	0.452632
loop 47
	0.718406	0.599389	0.520514	0.596533	2.21763	0.519808	0.446079	0.44402
loop 48
	0.289064	0.303941	0.262384	0.295391	1.83134	0.257808	0.22219	0.227933
loop 49
	0.36196	0.358567	0.305582	0.349469	1.90381	0.303466	0.259635	0.262679
loop 50
	0.819836	0.690298	0.596975	0.700484	2.26876	0.605278	0.523233	0.49642
loop 51
	0.412847	0.37797	0.324693	0.372247	1.94902	0.322285	0.27977	0.283266
loop 52
	0.32423	0.307537	0.267998	0.301217	1.87376	0.263755	0.223078	0.229853
loop 53
	0.271961	0.271846	0.237082	0.259924	1.82745	0.225918	0.193975	0.20321
loop 54
	0.318256	0.305064	0.265349	0.293536	1.87294	0.255901	0.220377	0.22718
loop 55
	0.462197	0.414396	0.355216	0.408632	1.99642	0.354112	0.307248	0.303891
loop 56
	0.549529	0.486705	0.410972	0.484711	2.04311	0.42324	0.363482	0.355048
loop 57
	0.313673	0.306073	0.2649	0.294434	1.86982	0.256702	0.221078	0.231725
loop 58
	0.322715	0.311555	0.267597	0.299753	1.87186	0.26242	0.227131	0.229708
loop 59
	0.307043	0.297306	0.2586	0.291114	1.85492	0.253269	0.217529	0.22546
loop 60
	0.2662	0.26425	0.229427	0.257836	1.81584	0.223556	0.191379	0.200465
loop 61
	0.318999	0.307069	0.267952	0.300891	1.87131	0.263495	0.222864	0.230121
loop 62
	0.255022	0.261697	0.227183	0.249962	1.80952	0.220825	0.188473	0.198183
loop 63
	0.320266	0.307901	0.268594	0.296312	1.86549	0.258832	0.223463	0.230621
loop 64
	0.27869	0.279561	0.240686	0.26791	1.82534	0.234509	0.203088	0.212076
loop 65
	0.341984	0.331121	0.282177	0.319889	1.8974	0.277988	0.238253	0.243816
loop 66
	0.259817	0.261432	0.226794	0.25501	1.80874	0.220542	0.188227	0.197858
loop 67
	0.311118	0.302335	0.262538	0.290747	1.8629	0.252899	0.217212	0.22452
loop 68
	0.358043	0.33961	0.291955	0.32828	1.90021	0.287069	0.247788	0.248944
loop 69
	0.32593	0.310219	0.271165	0.304082	1.87687	0.266754	0.22623	0.233323
loop 70
	0.365556	0.338964	0.295332	0.332885	1.91803	0.291606	0.246993	0.252023
loop 71
	0.345938	0.326808	0.28293	0.315509	1.891	0.278911	0.239015	0.245333
loop 72
	0.419666	0.381724	0.326628	0.37033	1.95649	0.325362	0.277128	0.280383
loop 73
	0.662073	0.571824	0.489866	0.57586	2.14651	0.497094	0.427194	0.41585
loop 74
	0.280564	0.280983	0.241329	0.26941	1.82426	0.235832	0.204255	0.212366
loop 75
	0.485344	0.434747	0.371833	0.427901	2.01434	0.372994	0.32071	0.319386
loop 76
	0.637763	0.548001	0.467827	0.55253	2.13357	0.48047	0.410639	0.401057
loop 77
	0.69969	0.6022	0.507128	0.607348	2.17937	0.524671	0.450435	0.435523
loop 78
	0.766645	0.644946	0.545474	0.650475	2.22993	0.563176	0.484655	0.463601
loop 79
	0.414223	0.382475	0.328241	0.371358	1.96108	0.326379	0.278036	0.280531
loop 80
	0.775573	0.656349	0.555111	0.662342	2.23456	0.575398	0.491239	0.473739
loop 81
	0.400759	0.372156	0.319129	0.367186	1.95864	0.321921	0.273105	0.280317
loop 82
	0.311409	0.301884	0.262671	0.290518	1.86155	0.252709	0.217057	0.224705
loop 83
	0.350177	0.339564	0.292722	0.33444	1.89512	0.287743	0.248442	0.249937
loop 84
	0.528023	0.464125	0.400433	0.464235	2.05871	0.400364	0.344562	0.339161
loop 85
	0.620202	0.535814	0.456543	0.534284	2.12425	0.461656	0.397043	0.38884
loop 86
	0.366043	0.345303	0.297859	0.339698	1.91525	0.293385	0.254426	0.259267
loop 87
	0.647823	0.56446	0.481328	0.569993	2.15448	0.492129	0.422725	0.40896
loop 88
	0.583874	0.508546	0.437754	0.511774	2.09548	0.443811	0.378132	0.374722
loop 89
	0.682189	0.593392	0.50334	0.598944	2.17045	0.516206	0.441971	0.42649
loop 90
	0.432253	0.394638	0.336614	0.388894	1.97285	0.339102	0.291378	0.293443
loop 91
	0.708688	0.60851	0.514103	0.61352	2.18904	0.531214	0.45734	0.436602
loop 92
	0.60347	0.525793	0.446151	0.519614	2.11862	0.45209	0.387031	0.37977
loop 93
	0.529549	0.465149	0.39996	0.464235	2.04718	0.400463	0.344578	0.342065
loop 94
	0.709894	0.604116	0.515322	0.609024	2.18207	0.526734	0.452851	0.437829
loop 95
	0.56082	0.493005	0.420039	0.488072	2.09019	0.425135	0.364585	0.35781
loop 96
	0.582201	0.506608	0.432922	0.509762	2.08736	0.442173	0.382294	0.370472
loop 97
	0.595322	0.517022	0.44264	0.517447	2.11799	0.449628	0.384314	0.376114
loop 98
	0.531023	0.461653	0.396998	0.459662	2.05553	0.401596	0.345578	0.340012
loop 99
	0.501969	0.448858	0.384463	0.442734	2.02795	0.383829	0.327312	0.328303

work load:vortex
