loop 0
	0.201164	0.216972	0.173899	0.218248	1.44805	0.187369	0.157879	0.150791
loop 1
	0.189704	0.210494	0.167434	0.21173	1.42963	0.180407	0.154616	0.143868
loop 2
	0.19661	0.214438	0.171553	0.215727	1.4381	0.184829	0.155288	0.148352
loop 3
	0.204104	0.219821	0.176567	0.221404	1.4483	0.186357	0.161024	0.153482
loop 4
	0.204565	0.219327	0.176352	0.220852	1.44854	0.190049	0.160634	0.153173
loop 5
	0.199075	0.222156	0.179606	0.223962	1.4454	0.188989	0.163782	0.155753
loop 6
	0.211293	0.231992	0.18541	0.233664	1.4595	0.199155	0.17024	0.162069
loop 7
	0.194365	0.220147	0.177255	0.221998	1.4403	0.186907	0.161568	0.153469
loop 8
	0.195488	0.212424	0.172052	0.213517	1.44054	0.182696	0.157034	0.148954
loop 9
	0.211926	0.224194	0.183745	0.229919	1.4595	0.195251	0.165962	0.157158
loop 10
	0.191236	0.210213	0.170492	0.21149	1.43642	0.180498	0.154723	0.147088
loop 11
	0.197711	0.215292	0.175017	0.21658	1.44565	0.185827	0.156146	0.151841
loop 12
	0.181759	0.202763	0.162931	0.20505	1.42865	0.173585	0.147469	0.142764
loop 13
	0.205478	0.219641	0.179437	0.221187	1.45026	0.190637	0.161139	0.152742
loop 14
	0.195947	0.212742	0.172797	0.214139	1.43981	0.183262	0.153514	0.14967
loop 15
	0.199462	0.217424	0.177454	0.218429	1.44467	0.187653	0.158166	0.150588
loop 16
	0.20972	0.226737	0.183727	0.228442	1.4534	0.19372	0.164691	0.156834
loop 17
	0.197476	0.216818	0.177031	0.218418	1.44687	0.187645	0.158172	0.153617
loop 18
	0.206723	0.221252	0.178294	0.226978	1.45414	0.192167	0.162897	0.15534
loop 19
	0.192224	0.213082	0.169276	0.214558	1.44079	0.179378	0.153727	0.146121
loop 20
	0.19836	0.217512	0.174231	0.219479	1.44176	0.184377	0.158921	0.150857
loop 21
	0.202322	0.218978	0.179547	0.220646	1.45002	0.190057	0.160653	0.152561
loop 22
	0.20999	0.227248	0.183771	0.228843	1.45488	0.194231	0.165121	0.156862
loop 23
	0.23118	0.240748	0.19748	0.246781	1.4775	0.208624	0.17604	0.167513
loop 24
	0.199416	0.22258	0.175963	0.224017	1.44491	0.189155	0.159904	0.152574
loop 25
	0.192146	0.215844	0.172226	0.217464	1.44201	0.182325	0.156718	0.148992
loop 26
	0.217018	0.231721	0.188541	0.23307	1.46363	0.198676	0.169817	0.161965
loop 27
	0.20962	0.223494	0.180669	0.229323	1.45414	0.194628	0.165451	0.157617
loop 28
	0.206419	0.224439	0.18137	0.226226	1.44879	0.191388	0.162234	0.158069
loop 29
	0.201927	0.222466	0.178802	0.224601	1.45002	0.189759	0.16041	0.155492
loop 30
	0.220544	0.239659	0.192627	0.241522	1.469	0.203281	0.174642	0.166287
loop 31
	0.20873	0.226048	0.182835	0.227927	1.45414	0.193392	0.168422	0.15973
loop 32
	0.199536	0.218866	0.17588	0.224282	1.44565	0.189469	0.160166	0.15285
loop 33
	0.225374	0.241766	0.194834	0.243352	1.47212	0.205257	0.176759	0.168654
loop 34
	0.21804	0.234134	0.187076	0.236047	1.46188	0.201757	0.172865	0.164353
loop 35
	0.217187	0.231955	0.188605	0.233687	1.46388	0.199137	0.170205	0.161684
loop 36
	0.203093	0.2189	0.175905	0.220755	1.44467	0.190123	0.160723	0.152689
loop 37
	0.211956	0.229791	0.182658	0.231565	1.45876	0.197034	0.167968	0.15981
loop 38
	0.214312	0.229222	0.185401	0.231262	1.45802	0.196742	0.167699	0.162357
loop 39
	0.216593	0.231918	0.188504	0.233533	1.46363	0.199101	0.17017	0.16181
loop 40
	0.214635	0.228617	0.185635	0.230609	1.45802	0.196062	0.167134	0.158784
loop 41
	0.206683	0.223949	0.181231	0.225484	1.45291	0.19088	0.165827	0.15804
loop 42
	0.204335	0.225034	0.181508	0.226698	1.45026	0.191989	0.162759	0.154458
loop 43
	0.21115	0.225798	0.183188	0.231799	1.45876	0.197175	0.168078	0.160157
loop 44
	0.233119	0.243244	0.19636	0.249675	1.48213	0.2114	0.178848	0.169857
loop 45
	0.211671	0.229743	0.182835	0.231402	1.45414	0.196813	0.167768	0.159788
loop 46
	0.222396	0.234008	0.190692	0.236144	1.46363	0.201757	0.172887	0.16402
loop 47
	0.222021	0.236852	0.189695	0.238559	1.46388	0.204505	0.171652	0.163437
loop 48
	0.223113	0.236227	0.189723	0.2383	1.47262	0.203968	0.175233	0.163301
loop 49
	0.206566	0.224147	0.181378	0.225686	1.45464	0.190973	0.165915	0.154582
loop 50
	0.212099	0.226464	0.182596	0.228224	1.45901	0.193634	0.164597	0.15955
loop 51
	0.20686	0.227687	0.183921	0.230056	1.45587	0.19539	0.16611	0.15694
loop 52
	0.207575	0.224987	0.181456	0.227001	1.45488	0.19215	0.16289	0.158146
loop 53
	0.207644	0.221538	0.178108	0.223179	1.44977	0.192438	0.163126	0.155099
loop 54
	0.216912	0.231302	0.18773	0.233497	1.46462	0.19911	0.170177	0.161137
loop 55
	0.222143	0.233921	0.190805	0.235768	1.4685	0.201535	0.172699	0.164293
loop 56
	0.221536	0.234033	0.190495	0.23572	1.46825	0.201416	0.172584	0.163876
loop 57
	0.229361	0.24215	0.19506	0.243837	1.47287	0.205631	0.177092	0.16863
loop 58
	0.220787	0.237082	0.189958	0.238966	1.46725	0.20043	0.171731	0.163536
loop 59
	0.220357	0.236942	0.190109	0.238658	1.46625	0.200264	0.171594	0.163392
loop 60
	0.20931	0.227676	0.184001	0.229106	1.45513	0.194542	0.16537	0.157377
loop 61
	0.236539	0.2435	0.199889	0.249595	1.47674	0.21137	0.178817	0.169825
loop 62
	0.219024	0.235049	0.187693	0.237172	1.46363	0.198514	0.169662	0.161077
loop 63
	0.216816	0.232017	0.185256	0.233925	1.46238	0.199507	0.170515	0.162305
loop 64
	0.243792	0.2514	0.20434	0.253397	1.49164	0.215488	0.183238	0.174485
loop 65
	0.231264	0.240973	0.194422	0.243071	1.47725	0.208928	0.176312	0.168234
loop 66
	0.213303	0.229271	0.185725	0.231285	1.46313	0.196751	0.167706	0.159188
loop 67
	0.238737	0.246676	0.199583	0.248736	1.48111	0.21057	0.182191	0.169638
loop 68
	0.228206	0.241184	0.19404	0.24376	1.47287	0.209702	0.176956	0.167632
loop 69
	0.237985	0.245375	0.19843	0.251614	1.48549	0.213568	0.181153	0.172286
loop 70
	0.216551	0.231931	0.184913	0.233378	1.45876	0.198956	0.17005	0.162357
loop 71
	0.23801	0.249184	0.202066	0.251197	1.48752	0.213109	0.180765	0.172096
loop 72
	0.234135	0.244361	0.19703	0.246079	1.47725	0.207938	0.179498	0.170748
loop 73
	0.221139	0.23451	0.187168	0.236603	1.46925	0.202162	0.173227	0.164505
loop 74
	0.221459	0.233042	0.190175	0.235188	1.46188	0.200936	0.172172	0.163702
loop 75
	0.237709	0.249073	0.202233	0.250968	1.4865	0.212976	0.180638	0.172212
loop 76
	0.228486	0.241753	0.194599	0.243479	1.47237	0.205257	0.176759	0.168242
loop 77
	0.226152	0.238542	0.191773	0.240594	1.46675	0.2064	0.17368	0.165234
loop 78
	0.239176	0.249323	0.19842	0.25121	1.48162	0.21315	0.180797	0.172361
loop 79
	0.237784	0.245608	0.198685	0.251896	1.48676	0.213772	0.18132	0.172535
loop 80
	0.234208	0.24428	0.19681	0.246235	1.47725	0.208056	0.179599	0.170311
loop 81
	0.250112	0.259562	0.208692	0.261936	1.49551	0.22416	0.187909	0.17877
loop 82
	0.236723	0.24315	0.19636	0.249384	1.48187	0.21123	0.178693	0.170011
loop 83
	0.238185	0.242894	0.19587	0.249172	1.4801	0.21084	0.178344	0.169825
loop 84
	0.215999	0.231154	0.187997	0.237051	1.45876	0.198478	0.169619	0.161285
loop 85
	0.240262	0.250834	0.203852	0.257148	1.48701	0.219182	0.186869	0.177702
loop 86
	0.216413	0.231401	0.188357	0.233367	1.46413	0.199001	0.170078	0.161714
loop 87
	0.227868	0.238165	0.194393	0.243965	1.47162	0.205679	0.177115	0.167949
loop 88
	0.251166	0.255734	0.208791	0.262224	1.49551	0.220257	0.188206	0.178876
loop 89
	0.225637	0.239815	0.192877	0.242049	1.47312	0.203488	0.17479	0.16631
loop 90
	0.23506	0.246922	0.19608	0.249	1.4801	0.21069	0.178236	0.169816
loop 91
	0.221591	0.233833	0.19072	0.235599	1.46413	0.201314	0.172497	0.163839
loop 92
	0.232901	0.247237	0.199736	0.249397	1.48289	0.21128	0.178747	0.173421
loop 93
	0.235035	0.246525	0.199613	0.248498	1.4801	0.21037	0.18204	0.169663
loop 94
	0.240198	0.248154	0.201193	0.25441	1.48111	0.216382	0.184	0.175044
loop 95
	0.250824	0.256598	0.205374	0.258651	1.49474	0.220819	0.188679	0.179592
loop 96
	0.253932	0.259607	0.208439	0.262037	1.49525	0.220095	0.188062	0.178673
loop 97
	0.248156	0.253339	0.206791	0.255547	1.48909	0.217686	0.185544	0.176881
loop 98
	0.24296	0.251528	0.200641	0.253849	1.48523	0.215852	0.18353	0.174502
loop 99
	0.24576	0.251089	0.203884	0.253219	1.49088	0.215394	0.183133	0.177832

work load:vpr
