loop 0
	0.154063	0.211138	0.167154	0.215826	1.75639	0.175709	0.15344	0.134743
loop 1
	0.153985	0.21099	0.161967	0.215727	1.75639	0.175621	0.153364	0.134688
loop 2
	0.154526	0.211385	0.162263	0.216088	1.75639	0.17594	0.153646	0.134957
loop 3
	0.154036	0.211105	0.162002	0.215798	1.75639	0.175678	0.153416	0.134718
loop 4
	0.15396	0.211155	0.16721	0.215694	1.75639	0.1813	0.153337	0.134791
loop 5
	0.154072	0.211149	0.162025	0.215842	1.75639	0.175721	0.153452	0.134749
loop 6
	0.154012	0.211231	0.161975	0.215765	1.75639	0.175648	0.153389	0.134797
loop 7
	0.153936	0.211122	0.167182	0.215661	1.75617	0.181272	0.153316	0.13477
loop 8
	0.154006	0.21122	0.167222	0.215749	1.75617	0.175644	0.153386	0.134794
loop 9
	0.153991	0.211204	0.167218	0.215738	1.75617	0.175629	0.153371	0.134782
loop 10
	0.153921	0.2111	0.167166	0.215634	1.75639	0.181252	0.153298	0.134755
loop 11
	0.153982	0.211187	0.167194	0.215716	1.75617	0.181328	0.153361	0.134773
loop 12
	0.159049	0.210793	0.166881	0.215322	1.75595	0.180967	0.153053	0.134504
loop 13
	0.154456	0.21145	0.16219	0.215995	1.75639	0.175859	0.153576	0.135
loop 14
	0.153966	0.211166	0.167178	0.215694	1.75639	0.181308	0.153343	0.134761
loop 15
	0.154015	0.211034	0.167115	0.215771	1.75639	0.175655	0.153392	0.134712
loop 16
	0.15455	0.211417	0.162163	0.216127	1.75639	0.175967	0.15367	0.134979
loop 17
	0.154063	0.211138	0.167154	0.215826	1.75639	0.175709	0.15344	0.134743
loop 18
	0.153985	0.21099	0.161967	0.215727	1.75639	0.175621	0.153364	0.134688
loop 19
	0.154526	0.211385	0.162263	0.216088	1.75639	0.17594	0.153646	0.134957
loop 20
	0.154036	0.211105	0.162002	0.215798	1.75639	0.175678	0.153416	0.134718
loop 21
	0.15396	0.211155	0.16721	0.215694	1.75639	0.1813	0.153337	0.134791
loop 22
	0.154072	0.211149	0.162025	0.215842	1.75639	0.175721	0.153452	0.134749
loop 23
	0.154012	0.211231	0.161975	0.215765	1.75639	0.175648	0.153389	0.134797
loop 24
	0.153936	0.211122	0.167182	0.215661	1.75617	0.181272	0.153316	0.13477
loop 25
	0.154006	0.21122	0.167222	0.215749	1.75617	0.175644	0.153386	0.134794
loop 26
	0.153991	0.211204	0.167218	0.215738	1.75617	0.175629	0.153371	0.134782
loop 27
	0.153921	0.2111	0.167166	0.215634	1.75639	0.181252	0.153298	0.134755
loop 28
	0.153982	0.211187	0.167194	0.215716	1.75617	0.181328	0.153361	0.134773
loop 29
	0.159049	0.210793	0.166881	0.215322	1.75595	0.180967	0.153053	0.134504
loop 30
	0.154456	0.21145	0.16219	0.215995	1.75639	0.175859	0.153576	0.135
loop 31
	0.153966	0.211166	0.167178	0.215694	1.75639	0.181308	0.153343	0.134761
loop 32
	0.154015	0.211034	0.167115	0.215771	1.75639	0.175655	0.153392	0.134712
loop 33
	0.15455	0.211417	0.162163	0.216127	1.75639	0.175967	0.15367	0.134979
loop 34
	0.154063	0.211138	0.167154	0.215826	1.75639	0.175709	0.15344	0.134743
loop 35
	0.153985	0.21099	0.161967	0.215727	1.75639	0.175621	0.153364	0.134688
loop 36
	0.154526	0.211385	0.162263	0.216088	1.75639	0.17594	0.153646	0.134957
loop 37
	0.154036	0.211105	0.162002	0.215798	1.75639	0.175678	0.153416	0.134718
loop 38
	0.15396	0.211155	0.16721	0.215694	1.75639	0.1813	0.153337	0.134791
loop 39
	0.154072	0.211149	0.162025	0.215842	1.75639	0.175721	0.153452	0.134749
loop 40
	0.154012	0.211231	0.161975	0.215765	1.75639	0.175648	0.153389	0.134797
loop 41
	0.153936	0.211122	0.167182	0.215661	1.75617	0.181272	0.153316	0.13477
loop 42
	0.154006	0.21122	0.167222	0.215749	1.75617	0.175644	0.153386	0.134794
loop 43
	0.153991	0.211204	0.167218	0.215738	1.75617	0.175629	0.153371	0.134782
loop 44
	0.153921	0.2111	0.167166	0.215634	1.75639	0.181252	0.153298	0.134755
loop 45
	0.153982	0.211187	0.167194	0.215716	1.75617	0.181328	0.153361	0.134773
loop 46
	0.159049	0.210793	0.166881	0.215322	1.75595	0.180967	0.153053	0.134504
loop 47
	0.154456	0.21145	0.16219	0.215995	1.75639	0.175859	0.153576	0.135
loop 48
	0.153966	0.211166	0.167178	0.215694	1.75639	0.181308	0.153343	0.134761
loop 49
	0.154015	0.211034	0.167115	0.215771	1.75639	0.175655	0.153392	0.134712
loop 50
	0.15455	0.211417	0.162163	0.216127	1.75639	0.175967	0.15367	0.134979
loop 51
	0.154063	0.211138	0.167154	0.215826	1.75639	0.175709	0.15344	0.134743
loop 52
	0.153985	0.21099	0.161967	0.215727	1.75639	0.175621	0.153364	0.134688
loop 53
	0.154526	0.211385	0.162263	0.216088	1.75639	0.17594	0.153646	0.134957
loop 54
	0.154036	0.211105	0.162002	0.215798	1.75639	0.175678	0.153416	0.134718
loop 55
	0.15396	0.211155	0.16721	0.215694	1.75639	0.1813	0.153337	0.134791
loop 56
	0.154072	0.211149	0.162025	0.215842	1.75639	0.175721	0.153452	0.134749
loop 57
	0.154012	0.211231	0.161975	0.215765	1.75639	0.175648	0.153389	0.134797
loop 58
	0.153936	0.211122	0.167182	0.215661	1.75617	0.181272	0.153316	0.13477
loop 59
	0.154006	0.21122	0.167222	0.215749	1.75617	0.175644	0.153386	0.134794
loop 60
	0.153991	0.211204	0.167218	0.215738	1.75617	0.175629	0.153371	0.134782
loop 61
	0.153921	0.2111	0.167166	0.215634	1.75639	0.181252	0.153298	0.134755
loop 62
	0.153982	0.211187	0.167194	0.215716	1.75617	0.181328	0.153361	0.134773
loop 63
	0.159049	0.210793	0.166881	0.215322	1.75595	0.180967	0.153053	0.134504
loop 64
	0.154456	0.21145	0.16219	0.215995	1.75639	0.175859	0.153576	0.135
loop 65
	0.153966	0.211166	0.167178	0.215694	1.75639	0.181308	0.153343	0.134761
loop 66
	0.154015	0.211034	0.167115	0.215771	1.75639	0.175655	0.153392	0.134712
loop 67
	0.15455	0.211417	0.162163	0.216127	1.75639	0.175967	0.15367	0.134979
loop 68
	0.154063	0.211138	0.167154	0.215826	1.75639	0.175709	0.15344	0.134743
loop 69
	0.153985	0.21099	0.161967	0.215727	1.75639	0.175621	0.153364	0.134688
loop 70
	0.154526	0.211385	0.162263	0.216088	1.75639	0.17594	0.153646	0.134957
loop 71
	0.154036	0.211105	0.162002	0.215798	1.75639	0.175678	0.153416	0.134718
loop 72
	0.15396	0.211155	0.16721	0.215694	1.75639	0.1813	0.153337	0.134791
loop 73
	0.154072	0.211149	0.162025	0.215842	1.75639	0.175721	0.153452	0.134749
loop 74
	0.154012	0.211231	0.161975	0.215765	1.75639	0.175648	0.153389	0.134797
loop 75
	0.153936	0.211122	0.167182	0.215661	1.75617	0.181272	0.153316	0.13477
loop 76
	0.154006	0.21122	0.167222	0.215749	1.75617	0.175644	0.153386	0.134794
loop 77
	0.153991	0.211204	0.167218	0.215738	1.75617	0.175629	0.153371	0.134782
loop 78
	0.153921	0.2111	0.167166	0.215634	1.75639	0.181252	0.153298	0.134755
loop 79
	0.153982	0.211187	0.167194	0.215716	1.75617	0.181328	0.153361	0.134773
loop 80
	0.159049	0.210793	0.166881	0.215322	1.75595	0.180967	0.153053	0.134504
loop 81
	0.154456	0.21145	0.16219	0.215995	1.75639	0.175859	0.153576	0.135
loop 82
	0.153966	0.211166	0.167178	0.215694	1.75639	0.181308	0.153343	0.134761
loop 83
	0.154015	0.211034	0.167115	0.215771	1.75639	0.175655	0.153392	0.134712
loop 84
	0.15455	0.211417	0.162163	0.216127	1.75639	0.175967	0.15367	0.134979
loop 85
	0.154063	0.211138	0.167154	0.215826	1.75639	0.175709	0.15344	0.134743
loop 86
	0.153985	0.21099	0.161967	0.215727	1.75639	0.175621	0.153364	0.134688
loop 87
	0.154526	0.211385	0.162263	0.216088	1.75639	0.17594	0.153646	0.134957
loop 88
	0.154036	0.211105	0.162002	0.215798	1.75639	0.175678	0.153416	0.134718
loop 89
	0.15396	0.211155	0.16721	0.215694	1.75639	0.1813	0.153337	0.134791
loop 90
	0.154072	0.211149	0.162025	0.215842	1.75639	0.175721	0.153452	0.134749
loop 91
	0.154012	0.211231	0.161975	0.215765	1.75639	0.175648	0.153389	0.134797
loop 92
	0.153936	0.211122	0.167182	0.215661	1.75617	0.181272	0.153316	0.13477
loop 93
	0.154006	0.21122	0.167222	0.215749	1.75617	0.175644	0.153386	0.134794
loop 94
	0.153991	0.211204	0.167218	0.215738	1.75617	0.175629	0.153371	0.134782
loop 95
	0.153921	0.2111	0.167166	0.215634	1.75639	0.181252	0.153298	0.134755
loop 96
	0.153982	0.211187	0.167194	0.215716	1.75617	0.181328	0.153361	0.134773
loop 97
	0.159049	0.210793	0.166881	0.215322	1.75595	0.180967	0.153053	0.134504
loop 98
	0.154456	0.21145	0.16219	0.215995	1.75639	0.175859	0.153576	0.135
loop 99
	0.153966	0.211166	0.167178	0.215694	1.75639	0.181308	0.153343	0.134761

work load:gap
