loop 0
	0.09404	0.110729	0.090825	0.119527	1.31901	0.0969475	0.0825278	0.079369
loop 1
	0.0933701	0.113763	0.0901825	0.118703	1.3238	0.096135	0.0855947	0.0823029
loop 2
	0.0948755	0.111062	0.0913625	0.116251	1.32511	0.0974825	0.0829905	0.0797478
loop 3
	0.0944673	0.110632	0.090845	0.119394	1.31987	0.096815	0.0824213	0.079369
loop 4
	0.105469	0.11681	0.097242	0.125825	1.33296	0.103554	0.0894645	0.0859102
loop 5
	0.0971175	0.113289	0.0935398	0.118282	1.32554	0.0997197	0.0853416	0.0819186
loop 6
	0.0946162	0.110635	0.09088	0.119437	1.31987	0.096875	0.0824717	0.0794156
loop 7
	0.096855	0.113575	0.0935554	0.118382	1.32554	0.0998316	0.0854327	0.0821107
loop 8
	0.104579	0.11931	0.0997622	0.128475	1.33384	0.106312	0.0884727	0.0884425
loop 9
	0.0939463	0.114232	0.0906275	0.119178	1.31879	0.096635	0.0822587	0.0826453
loop 10
	0.0912338	0.111426	0.0915475	0.116224	1.31857	0.0975225	0.0830215	0.0799404
loop 11
	0.0945466	0.110803	0.0911475	0.115837	1.31922	0.0971125	0.082673	0.0795341
loop 12
	0.105358	0.120106	0.096638	0.125119	1.33318	0.102902	0.0889034	0.0854564
loop 13
	0.0934157	0.113547	0.0937791	0.118588	1.31922	0.0998914	0.0854854	0.0821063
loop 14
	0.0947867	0.111507	0.0916025	0.116286	1.31662	0.0976	0.0830834	0.0800567
loop 15
	0.0966625	0.110995	0.09089	0.11542	1.31531	0.0967875	0.0823768	0.0795362
loop 16
	0.0964775	0.113585	0.0933759	0.117918	1.31705	0.0994466	0.0850986	0.0821328
loop 17
	0.104894	0.120371	0.0967588	0.125162	1.33186	0.103012	0.0889918	0.0857109
loop 18
	0.09169	0.111665	0.0882992	0.116937	1.32009	0.0941696	0.0834764	0.0801139
loop 19
	0.094669	0.113888	0.0903875	0.11885	1.32576	0.096425	0.0820941	0.0824885
loop 20
	0.0942585	0.114375	0.0909425	0.119682	1.31987	0.0969825	0.0825607	0.0793542
loop 21
	0.102568	0.117863	0.0944291	0.12295	1.3323	0.100616	0.0865021	0.0832205
loop 22
	0.09667	0.110561	0.09049	0.118807	1.31727	0.09636	0.0820186	0.0826321
loop 23
	0.0950556	0.110982	0.0912975	0.116189	1.32031	0.0974725	0.0829847	0.0795743
loop 24
	0.0971975	0.113728	0.0904225	0.118894	1.32031	0.0963375	0.082007	0.08223
loop 25
	0.102866	0.117252	0.0976886	0.122447	1.3334	0.104102	0.0861635	0.0863664
loop 26
	0.0963	0.11385	0.0901325	0.118573	1.31705	0.0960625	0.0817592	0.0823095
loop 27
	0.093543	0.110423	0.0906375	0.11912	1.32293	0.096565	0.0821968	0.0792315
loop 28
	0.0965725	0.112757	0.0929337	0.121509	1.32511	0.0991319	0.0848353	0.0815408
loop 29
	0.0952045	0.110817	0.091195	0.11597	1.31944	0.0972375	0.0827853	0.0795531
loop 30
	0.102349	0.117063	0.0974554	0.126278	1.33384	0.103891	0.0897649	0.0860302
loop 31
	0.0939823	0.113884	0.090585	0.119128	1.32445	0.0965825	0.082218	0.0825459
loop 32
	0.0935502	0.113655	0.0937687	0.118674	1.32533	0.100042	0.085619	0.0820953
loop 33
	0.0973	0.113293	0.0934123	0.118105	1.32554	0.0995169	0.0851634	0.08187
loop 34
	0.103065	0.117777	0.0945994	0.123277	1.33318	0.100816	0.0866819	0.0833011
loop 35
	0.0940904	0.113992	0.09059	0.119257	1.32511	0.0965825	0.08222	0.0826299
loop 36
	0.0915564	0.112018	0.0885033	0.117261	1.31901	0.0944265	0.0799415	0.0804651
loop 37
	0.0939103	0.114135	0.0904425	0.118883	1.31879	0.0963925	0.0820535	0.0824443
loop 38
	0.105486	0.120144	0.0968487	0.125448	1.33406	0.103231	0.0891884	0.0855932
loop 39
	0.096585	0.113543	0.0937088	0.118624	1.32424	0.099946	0.0855259	0.0821925
loop 40
	0.0941936	0.110844	0.09102	0.115771	1.3177	0.09702	0.0825878	0.0795468
loop 41
	0.0940448	0.111221	0.091	0.115514	1.31662	0.0969175	0.0824988	0.0795806
loop 42
	0.0939223	0.113599	0.0937192	0.118447	1.32489	0.0998732	0.0854793	0.0822013
loop 43
	0.10222	0.119841	0.0964835	0.125	1.33472	0.102896	0.08891	0.0886525
loop 44
	0.0946378	0.114191	0.09077	0.119358	1.32576	0.096795	0.0824078	0.0826542
loop 45
	0.0952069	0.110699	0.0909475	0.11961	1.31944	0.0970375	0.0826072	0.0794177
loop 46
	0.0959225	0.11642	0.0926658	0.121148	1.32554	0.0987522	0.0845053	0.0846697
loop 47
	0.102017	0.120467	0.0970397	0.125702	1.33362	0.103506	0.0894292	0.0856797
loop 48
	0.09644	0.112913	0.0928921	0.121275	1.3238	0.0989733	0.0846916	0.0816159
loop 49
	0.0937134	0.113898	0.0902425	0.118645	1.32424	0.096165	0.0856251	0.0824244
loop 50
	0.0938239	0.11409	0.0903975	0.11875	1.31857	0.0963	0.081976	0.0825194
loop 51
	0.103197	0.116985	0.0975425	0.12627	1.33362	0.10393	0.0898069	0.0861119
loop 52
	0.0936798	0.11377	0.09034	0.118908	1.32424	0.096325	0.0819954	0.0822786
loop 53
	0.0913674	0.111099	0.091325	0.116081	1.31835	0.097405	0.0829266	0.0797288
loop 54
	0.0965425	0.113119	0.0932146	0.121733	1.32445	0.0992802	0.0849589	0.0817882
loop 55
	0.0939631	0.11426	0.09067	0.119185	1.32424	0.09665	0.0822684	0.0826519
loop 56
	0.100024	0.11761	0.0943047	0.122747	1.3286	0.100543	0.0864576	0.0865993
loop 57
	0.0963175	0.113495	0.0935216	0.118235	1.32315	0.0996599	0.0852768	0.0820666
loop 58
	0.09689	0.113394	0.0934981	0.118213	1.32489	0.0996807	0.0853011	0.0820047
loop 59
	0.0946354	0.110914	0.091095	0.115552	1.31727	0.09703	0.0825994	0.0795341
loop 60
	0.105198	0.12006	0.0966015	0.125024	1.3334	0.102899	0.0889012	0.0854036
loop 61
	0.0971625	0.114194	0.090495	0.119128	1.31857	0.0965175	0.0821561	0.0825393
loop 62
	0.0934421	0.114013	0.0903475	0.118825	1.31879	0.0962625	0.0819393	0.0824178
loop 63
	0.0931996	0.110373	0.0904875	0.118901	1.3164	0.0964175	0.082067	0.0791532
loop 64
	0.101854	0.117089	0.0974077	0.126004	1.33186	0.103762	0.0896456	0.0862319
loop 65
	0.0934973	0.114107	0.09053	0.118937	1.32424	0.0964575	0.0821077	0.0825128
loop 66
	0.0936654	0.113394	0.0934617	0.11813	1.32445	0.0995819	0.0852262	0.0820312
loop 67
	0.09656	0.113362	0.0933733	0.118084	1.32424	0.0995169	0.0851593	0.0819473
loop 68
	0.0937542	0.11047	0.0906225	0.119203	1.32336	0.0966275	0.082249	0.0792759
loop 69
	0.101941	0.12044	0.096933	0.125365	1.33274	0.103234	0.0891928	0.0856941
loop 70
	0.0941096	0.114045	0.0905325	0.119185	1.32183	0.0966325	0.0822684	0.0824708
loop 71
	0.09718	0.113561	0.0938415	0.118591	1.32489	0.100014	0.0855886	0.0822057
loop 72
	0.0936918	0.110854	0.09098	0.115674	1.3177	0.0969575	0.0825336	0.079515
loop 73
	0.105201	0.120025	0.0964442	0.124726	1.33296	0.102734	0.0887576	0.0853531
loop 74
	0.0950868	0.11076	0.0910975	0.119617	1.32424	0.097115	0.0826788	0.0795658
loop 75
	0.0939847	0.110672	0.0910025	0.119794	1.32533	0.097025	0.0825956	0.0793881
loop 76
	0.0941408	0.114017	0.09045	0.118944	1.32074	0.0964275	0.0820922	0.0824178
loop 77
	0.102624	0.120625	0.0973122	0.126008	1.33362	0.103728	0.0896258	0.085891
loop 78
	0.0941552	0.111046	0.09123	0.115963	1.31922	0.0971725	0.0827233	0.0795679
loop 79
	0.094501	0.11433	0.0907925	0.119416	1.31987	0.09685	0.0824504	0.0825989
loop 80
	0.0917499	0.111678	0.0882776	0.116735	1.31792	0.0940496	0.08337	0.0802387
loop 81
	0.0933221	0.113975	0.0903075	0.1188	1.31792	0.096245	0.0819238	0.0824951
loop 82
	0.101759	0.117137	0.0973234	0.125913	1.3323	0.103638	0.0895308	0.0860014
loop 83
	0.0936798	0.114156	0.0907075	0.119329	1.32511	0.0967275	0.0823381	0.082579
loop 84
	0.0943713	0.114024	0.09044	0.118764	1.31879	0.0963675	0.082038	0.0824686
loop 85
	0.0937879	0.114281	0.0907225	0.119297	1.31901	0.0966525	0.0822761	0.0827182
loop 86
	0.102776	0.120755	0.0974302	0.126298	1.3345	0.103958	0.0898268	0.086023
loop 87
	0.0936054	0.110699	0.091105	0.115806	1.31814	0.0970625	0.0826091	0.0794325
loop 88
	0.0937783	0.113634	0.0938311	0.118703	1.32576	0.100024	0.0856069	0.082177
loop 89
	0.0934565	0.113909	0.0902	0.118454	1.32315	0.0960925	0.0817941	0.0822521
loop 90
	0.105026	0.119871	0.0964639	0.124781	1.33362	0.102694	0.0887223	0.0852955
loop 91
	0.0916623	0.111049	0.0913425	0.116151	1.32074	0.0973775	0.0829092	0.079697
loop 92
	0.0969625	0.114243	0.0905725	0.11907	1.31879	0.096495	0.0821348	0.0825592
loop 93
	0.09688	0.113404	0.0934929	0.118213	1.32467	0.0996547	0.0852829	0.0819495
loop 94
	6.50983	3.92572	3.27955	3.9937	5.27573	3.35635	2.82141	2.71019
loop 95
	4.1492	2.67521	2.19437	2.70583	4.20675	2.2823	1.93151	1.82898
loop 96
	0.139996	0.172115	0.132029	0.165187	1.40762	0.138742	0.118096	0.112977
loop 97
	0.127901	0.158926	0.122479	0.158687	1.39027	0.132657	0.111538	0.106753
loop 98
	0.146134	0.172992	0.132646	0.168986	1.40844	0.143573	0.12312	0.117427
loop 99
	0.133645	0.161492	0.125237	0.157641	1.39316	0.131596	0.114608	0.105838

work load:parser
