loop 0
	0.251181	0.281799	0.23042	0.282973	1.55463	0.243358	0.205589	0.196133
loop 1
	0.2558	0.291367	0.234874	0.28775	1.55798	0.248461	0.210715	0.19703
loop 2
	0.261638	0.293469	0.237069	0.28988	1.55849	0.250658	0.21318	0.203235
loop 3
	0.259501	0.291301	0.234987	0.288109	1.55952	0.248619	0.210696	0.20105
loop 4
	0.268323	0.298647	0.242123	0.299538	1.56774	0.255993	0.21852	0.204532
loop 5
	0.256203	0.284838	0.229017	0.28564	1.55285	0.241713	0.208438	0.195307
loop 6
	0.25395	0.285725	0.230106	0.282837	1.55336	0.243171	0.2054	0.195826
loop 7
	0.252992	0.288637	0.232768	0.285655	1.55824	0.246079	0.208401	0.198637
loop 8
	0.253222	0.288784	0.232596	0.285671	1.56414	0.246127	0.208429	0.198549
loop 9
	0.259316	0.291101	0.234811	0.287828	1.55798	0.248437	0.210865	0.20094
loop 10
	0.25684	0.284451	0.232818	0.285947	1.55875	0.24176	0.208512	0.194808
loop 11
	0.266366	0.296834	0.23689	0.294016	1.56903	0.250104	0.212911	0.203061
loop 12
	0.261221	0.292928	0.236648	0.290007	1.559	0.250375	0.212911	0.203122
loop 13
	0.2708	0.305535	0.250097	0.305984	1.55664	0.263075	0.226552	0.212585
loop 14
	0.267739	0.302644	0.247276	0.302446	1.55355	0.259903	0.223341	0.209817
loop 15
	0.266907	0.296715	0.245362	0.300987	1.54949	0.258245	0.217047	0.207451
loop 16
	0.266538	0.300691	0.245444	0.300541	1.55129	0.258007	0.221095	0.207678
loop 17
	0.269381	0.299506	0.244171	0.303735	1.54949	0.256618	0.219899	0.2106
loop 18
	0.268114	0.302663	0.247276	0.302446	1.55509	0.259862	0.222948	0.209629
loop 19
	0.272381	0.30026	0.244924	0.304432	1.55638	0.257464	0.220502	0.207202
loop 20
	0.268963	0.299506	0.244239	0.303247	1.54949	0.256591	0.219753	0.210666
loop 21
	0.270756	0.305461	0.250055	0.309454	1.55941	0.262678	0.22228	0.212563
loop 22
	0.262815	0.297317	0.241737	0.301484	1.54518	0.254397	0.217985	0.207981
loop 23
	0.269093	0.303373	0.247583	0.3033	1.55001	0.260522	0.219826	0.20985
loop 24
	0.271107	0.305924	0.246204	0.305542	1.5538	0.263116	0.222651	0.212754
loop 25
	0.26583	0.299937	0.244814	0.30438	1.55052	0.2572	0.220929	0.207072
loop 26
	0.264839	0.299704	0.244677	0.299734	1.54846	0.257226	0.220658	0.206856
loop 27
	0.279459	0.311465	0.251784	0.311374	1.56346	0.268988	0.228284	0.214474
loop 28
	0.26807	0.302663	0.247583	0.303038	1.55561	0.260212	0.223712	0.209905
loop 29
	0.270288	0.305287	0.24871	0.305948	1.56361	0.262473	0.221387	0.211206
loop 30
	0.268459	0.303446	0.247973	0.303822	1.55613	0.260831	0.223839	0.210225
loop 31
	0.269309	0.29938	0.243883	0.303456	1.54975	0.260777	0.223786	0.210511
loop 32
	0.265236	0.300368	0.244568	0.299734	1.55001	0.2572	0.22018	0.206975
loop 33
	0.263178	0.298024	0.242639	0.297947	1.55078	0.255228	0.217893	0.204913
loop 34
	0.263874	0.29859	0.243177	0.298555	1.54646	0.2558	0.218342	0.205358
loop 35
	0.278336	0.310608	0.255032	0.31495	1.56554	0.268124	0.227225	0.217709
loop 36
	0.264097	0.297777	0.24245	0.297305	1.55052	0.254774	0.218057	0.208587
loop 37
	0.268589	0.302535	0.247179	0.306391	1.54949	0.259741	0.223245	0.209684
loop 38
	0.268834	0.303319	0.24387	0.302969	1.54949	0.26067	0.219909	0.210478
loop 39
	0.265859	0.300009	0.244841	0.299974	1.54898	0.257491	0.221168	0.207062
loop 40
	0.272337	0.302207	0.247054	0.306957	1.55509	0.259728	0.223585	0.20942
loop 41
	0.271883	0.302025	0.246692	0.306214	1.54872	0.259297	0.222884	0.209122
loop 42
	0.266368	0.300458	0.245129	0.300489	1.55129	0.257782	0.221262	0.207418
loop 43
	0.278967	0.311388	0.251827	0.311575	1.56528	0.264793	0.228262	0.214268
loop 44
	0.268402	0.302389	0.247095	0.306833	1.55509	0.259741	0.223054	0.209464
loop 45
	0.26566	0.299973	0.244663	0.300215	1.54949	0.257491	0.220367	0.206953
loop 46
	0.271238	0.30587	0.249323	0.302085	1.56335	0.258588	0.22199	0.207948
loop 47
	0.268661	0.302881	0.247221	0.303021	1.55664	0.260199	0.223192	0.209618
loop 48
	0.265547	0.300512	0.244855	0.299974	1.55001	0.257345	0.220367	0.207267
loop 49
	0.269107	0.299237	0.243965	0.303178	1.55001	0.260777	0.223797	0.210467
loop 50
	0.269395	0.299596	0.244212	0.303857	1.55509	0.256856	0.219795	0.210655
loop 51
	0.274372	0.306479	0.246859	0.306267	1.55509	0.259539	0.222513	0.209431
loop 52
	0.269251	0.299704	0.244335	0.303962	1.55078	0.256869	0.219889	0.210677
loop 53
	0.262815	0.297175	0.241777	0.30097	1.54467	0.258469	0.217465	0.208024
loop 54
	0.265278	0.29947	0.243979	0.303247	1.54975	0.256605	0.220097	0.2105
loop 55
	0.268906	0.302881	0.247722	0.302446	1.55406	0.260078	0.223712	0.210214
loop 56
	0.263943	0.298148	0.239134	0.298251	1.5439	0.255527	0.21473	0.205189
loop 57
	0.265179	0.299793	0.2448	0.299906	1.54975	0.257134	0.220867	0.206953
loop 58
	0.268661	0.302699	0.247067	0.306816	1.55026	0.259795	0.223351	0.209398
loop 59
	0.282078	0.310093	0.254885	0.314654	1.56372	0.26794	0.227402	0.217335
loop 60
	0.262495	0.296715	0.241899	0.301347	1.54975	0.254267	0.217455	0.208197
loop 61
	0.268589	0.302991	0.247541	0.302864	1.54975	0.260401	0.223648	0.209949
loop 62
	0.265066	0.299255	0.244349	0.304031	1.54923	0.256777	0.220013	0.210743
loop 63
	0.265252	0.299422	0.243459	0.300414	1.5572	0.256918	0.219995	0.205793
loop 64
	0.272162	0.306682	0.250862	0.306869	1.55716	0.263938	0.222874	0.213506
loop 65
	0.266807	0.300476	0.245088	0.300249	1.55587	0.257649	0.220617	0.207321
loop 66
	0.268574	0.303027	0.247833	0.302847	1.54923	0.260414	0.223489	0.209993
loop 67
	0.279259	0.307399	0.25213	0.311629	1.55941	0.26496	0.228173	0.214726
loop 68
	0.26068	0.295093	0.240113	0.295062	1.54492	0.252405	0.215	0.206197
loop 69
	0.262607	0.296698	0.241845	0.301296	1.55026	0.254163	0.221387	0.207992
loop 70
	0.271488	0.305776	0.250168	0.305383	1.55329	0.262897	0.222057	0.212653
loop 71
	0.26617	0.300332	0.245074	0.30006	1.55355	0.257425	0.220742	0.20744
loop 72
	0.269352	0.299452	0.24439	0.303718	1.54872	0.256591	0.220326	0.210699
loop 73
	0.27058	0.305258	0.246009	0.305348	1.552	0.262788	0.222375	0.212574
loop 74
	0.267811	0.302152	0.247207	0.302376	1.5538	0.259782	0.219327	0.209585
loop 75
	0.27683	0.308337	0.252965	0.308664	1.55993	0.266185	0.225146	0.215207
loop 76
	0.267638	0.30585	0.246399	0.305807	1.55432	0.263376	0.222651	0.212596
loop 77
	0.268589	0.302644	0.247374	0.302655	1.55484	0.260185	0.223468	0.20974
loop 78
	0.263052	0.300961	0.241629	0.301193	1.55535	0.258509	0.21724	0.207819
loop 79
	0.26549	0.299291	0.244335	0.303997	1.55026	0.25683	0.220117	0.210666
loop 80
	0.273011	0.303665	0.247861	0.304258	1.56025	0.261208	0.224624	0.210324
loop 81
	0.269194	0.303811	0.248098	0.304415	1.55871	0.261154	0.224295	0.210787
loop 82
	0.268733	0.303319	0.24387	0.303108	1.54923	0.260616	0.219285	0.210467
loop 83
	0.273538	0.306164	0.24651	0.305949	1.55406	0.263568	0.22228	0.21299
loop 84
	0.266198	0.300691	0.245293	0.30042	1.55052	0.257848	0.220856	0.207494
loop 85
	0.270126	0.304463	0.249276	0.308771	1.5538	0.26198	0.225719	0.211844
loop 86
	0.271839	0.302061	0.246552	0.306391	1.54949	0.259432	0.222863	0.213057
loop 87
	0.265944	0.300673	0.245266	0.300335	1.54923	0.257795	0.221085	0.207137
loop 88
	0.262913	0.297936	0.242692	0.297491	1.5439	0.254995	0.21824	0.204616
loop 89
	0.271737	0.301934	0.246803	0.30586	1.55303	0.259149	0.222821	0.209563
loop 90
	0.263693	0.29403	0.238857	0.29815	1.54415	0.255683	0.21463	0.205146
loop 91
	0.274178	0.30622	0.250735	0.305967	1.56019	0.263554	0.222778	0.212877
loop 92
	0.26549	0.299901	0.244568	0.299631	1.54975	0.257054	0.220606	0.210622
loop 93
	0.273568	0.308187	0.252792	0.307927	1.55406	0.265712	0.22507	0.21531
loop 94
	0.269381	0.303537	0.247861	0.303387	1.55026	0.260858	0.22018	0.210114
loop 95
	0.264726	0.303045	0.247666	0.302864	1.55303	0.260279	0.219753	0.209839
loop 96
	0.268171	0.302517	0.247416	0.302568	1.55432	0.25993	0.219452	0.209806
loop 97
	0.272088	0.306664	0.250862	0.307099	1.55767	0.264088	0.223341	0.213214
loop 98
	0.269654	0.304722	0.244759	0.300781	1.55845	0.257636	0.220835	0.211228
loop 99
	0.275756	0.308206	0.252763	0.312249	1.55993	0.265614	0.228846	0.215321

work load:mesa
