loop 0
	0.615153	0.561124	0.460073	0.5684	1.95067	0.489881	0.414936	0.392828
loop 1
	0.600858	0.552684	0.451789	0.55916	1.928	0.480964	0.406187	0.38431
loop 2
	0.61505	0.569816	0.463409	0.576549	1.94646	0.492907	0.418107	0.395872
loop 3
	0.623903	0.57009	0.469146	0.581695	1.95577	0.498541	0.423953	0.396566
loop 4
	0.579328	0.534932	0.437724	0.54151	1.92604	0.462079	0.391377	0.373715
loop 5
	0.661543	0.597947	0.4943	0.605454	2.00017	0.522253	0.442938	0.41788
loop 6
	0.718733	0.643623	0.529982	0.656183	2.05134	0.562432	0.478284	0.450671
loop 7
	0.692613	0.621892	0.513167	0.633802	2.03016	0.539919	0.460814	0.433984
loop 8
	0.83621	0.730824	0.605541	0.745002	2.14344	0.635113	0.541692	0.507832
loop 9
	0.832274	0.734413	0.604794	0.748602	2.14417	0.638926	0.540209	0.51226
loop 10
	0.828982	0.731838	0.602002	0.740325	2.13438	0.636004	0.537225	0.509062
loop 11
	0.846803	0.741976	0.61124	0.755976	2.15653	0.646211	0.547544	0.518756
loop 12
	0.853663	0.742183	0.610751	0.751034	2.15884	0.646749	0.547964	0.51845
loop 13
	0.84613	0.735162	0.6041	0.744666	2.16069	0.640249	0.541239	0.51166
loop 14
	0.847896	0.741838	0.611511	0.755839	2.1498	0.646103	0.547544	0.514322
loop 15
	0.861594	0.748599	0.618133	0.763241	2.17046	0.653403	0.554852	0.520424
loop 16
	0.848927	0.740454	0.611294	0.755221	2.1581	0.645565	0.546997	0.518362
loop 17
	0.852384	0.739209	0.608471	0.753505	2.14843	0.644058	0.545611	0.516615
loop 18
	0.891423	0.76997	0.632786	0.779506	2.20089	0.663918	0.565538	0.530953
loop 19
	0.866595	0.753976	0.618133	0.763102	2.17795	0.653294	0.554766	0.525526
loop 20
	0.842643	0.738609	0.608157	0.747453	2.16446	0.63771	0.544504	0.510974
loop 21
	0.863636	0.750933	0.62101	0.765663	2.17235	0.650501	0.552324	0.52379
loop 22
	0.862545	0.742183	0.610643	0.757143	2.1851	0.647126	0.548342	0.513847
loop 23
	0.877062	0.764136	0.626902	0.773151	2.19336	0.663117	0.564402	0.52962
loop 24
	0.859005	0.747141	0.610154	0.756388	2.18172	0.646534	0.547838	0.518668
loop 25
	0.863669	0.747768	0.610914	0.756663	2.18359	0.646642	0.553323	0.519149
loop 26
	0.885338	0.767316	0.629655	0.781732	2.21256	0.665996	0.567435	0.532768
loop 27
	0.916383	0.793068	0.659685	0.807297	2.2277	0.691927	0.588192	0.551791
loop 28
	0.899089	0.775978	0.63815	0.790455	2.23076	0.674428	0.575912	0.540786
loop 29
	0.810219	0.706321	0.58239	0.7155	2.14548	0.611269	0.523177	0.49483
loop 30
	0.911388	0.785214	0.648704	0.800085	2.22414	0.685027	0.581603	0.546146
loop 31
	0.891242	0.777498	0.63982	0.791547	2.2186	0.676109	0.572362	0.538013
loop 32
	0.928038	0.80472	0.660666	0.81921	2.23787	0.698052	0.594525	0.558155
loop 33
	0.941678	0.806588	0.662009	0.821606	2.25955	0.699928	0.596189	0.559864
loop 34
	0.753693	0.666305	0.545834	0.675056	2.12912	0.580182	0.495947	0.464184
loop 35
	0.912202	0.789601	0.652098	0.804214	2.23826	0.688511	0.584792	0.54914
loop 36
	0.931017	0.795734	0.657334	0.811003	2.25994	0.694785	0.590758	0.554573
loop 37
	0.933804	0.802969	0.657274	0.81813	2.28133	0.695738	0.591645	0.555292
loop 38
	0.934808	0.807211	0.662985	0.821838	2.25721	0.700352	0.596616	0.560499
loop 39
	0.909112	0.791164	0.653972	0.805482	2.23055	0.684791	0.581418	0.546336
loop 40
	0.947698	0.81314	0.665166	0.822468	2.27229	0.706927	0.59793	0.56233
loop 41
	0.960273	0.816694	0.672277	0.826516	2.28878	0.71031	0.600903	0.5644
loop 42
	0.606892	0.579896	0.475781	0.585976	1.88819	0.503267	0.429049	0.402276
loop 43
	0.608108	0.589511	0.483526	0.600499	1.89603	0.512226	0.432825	0.410375
loop 44
	0.62195	0.595107	0.489498	0.601184	1.90328	0.518424	0.439148	0.412136
loop 45
	0.965431	0.802355	0.669963	0.812818	2.30907	0.696095	0.591831	0.561965
loop 46
	0.532207	0.530854	0.436558	0.540951	1.82458	0.462576	0.392384	0.372691
loop 47
	0.543011	0.540497	0.445739	0.550904	1.83769	0.472646	0.397619	0.377647
loop 48
	0.575085	0.564573	0.464409	0.575279	1.86206	0.492095	0.417418	0.391543
loop 49
	0.596287	0.572273	0.468051	0.58376	1.88176	0.495653	0.421469	0.395865
loop 50
	0.94834	0.78756	0.652846	0.797307	2.29255	0.680026	0.580676	0.550423
loop 51
	0.572774	0.556811	0.457709	0.567865	1.85991	0.484448	0.4148	0.388729
loop 52
	0.660384	0.620464	0.513458	0.632386	1.93897	0.538898	0.459981	0.431076
loop 53
	0.955449	0.806355	0.662802	0.816166	2.30476	0.70017	0.596426	0.559474
loop 54
	0.961993	0.818222	0.673063	0.827904	2.295	0.712081	0.60287	0.565817
loop 55
	0.92591	0.793455	0.653252	0.803289	2.25117	0.688177	0.58488	0.549441
loop 56
	0.575642	0.560715	0.457255	0.56693	1.86509	0.483825	0.414256	0.388503
loop 57
	0.992558	0.829708	0.682668	0.840489	2.33111	0.718	0.614128	0.579713
loop 58
	0.975667	0.831321	0.684446	0.846461	2.32903	0.723881	0.614374	0.576568
loop 59
	0.999738	0.846692	0.694727	0.862568	2.34129	0.734192	0.624966	0.586899
loop 60
	0.888218	0.77987	0.642067	0.793225	2.23881	0.682618	0.57825	0.543375
loop 61
	0.805145	0.727478	0.597868	0.740607	2.08456	0.630251	0.536525	0.504511
loop 62
	0.822213	0.722779	0.598035	0.736415	2.07777	0.627509	0.534934	0.504861
loop 63
	0.689701	0.643758	0.531628	0.655594	1.99663	0.561151	0.476917	0.448503
loop 64
	0.696164	0.651448	0.534	0.663172	1.99663	0.568814	0.484626	0.451135
loop 65
	0.693428	0.652852	0.535223	0.659221	1.99829	0.564812	0.48062	0.451904
loop 66
	0.699495	0.655598	0.537976	0.667512	2.00423	0.567635	0.483599	0.454418
loop 67
	0.699743	0.650212	0.537844	0.662058	2.01245	0.567809	0.483702	0.45463
loop 68
	0.704187	0.654975	0.537535	0.667063	2.01312	0.572594	0.483154	0.454453
loop 69
	0.704	0.655088	0.542088	0.66667	2.00851	0.572374	0.488219	0.454029
loop 70
	0.675126	0.638439	0.526122	0.650248	1.98707	0.555402	0.470939	0.44287
loop 71
	0.824466	0.730486	0.602372	0.744666	2.09862	0.634641	0.541363	0.509444
loop 72
	0.661716	0.596242	0.489627	0.604614	1.9286	0.517427	0.439457	0.413128
loop 73
	0.721141	0.62736	0.517822	0.637237	1.96585	0.540902	0.459676	0.44044
loop 74
	0.618028	0.544709	0.444946	0.544901	1.86477	0.468803	0.396834	0.381104
loop 75
	0.83481	0.744632	0.611186	0.7583	2.09755	0.648699	0.550268	0.518275
loop 76
	0.813292	0.715773	0.589749	0.724639	2.08485	0.620624	0.52752	0.49661
loop 77
	0.846725	0.740381	0.614089	0.754426	2.09533	0.645225	0.54717	0.515567
loop 78
	0.704414	0.651916	0.536124	0.664592	1.99891	0.570522	0.481306	0.452509
loop 79
	0.679603	0.639386	0.523575	0.651631	1.9897	0.557185	0.472944	0.444514
loop 80
	0.697263	0.645238	0.533563	0.657454	2.00283	0.563211	0.479164	0.450296
loop 81
	0.78325	0.68832	0.56647	0.696937	2.03499	0.599441	0.506899	0.479251
loop 82
	0.755634	0.659855	0.540694	0.668494	2.00131	0.571017	0.483812	0.462546
loop 83
	0.735792	0.644293	0.531373	0.648121	1.98699	0.556156	0.474005	0.449265
loop 84
	0.773948	0.67725	0.557471	0.687061	2.03037	0.589609	0.497435	0.474956
loop 85
	0.584545	0.513863	0.418587	0.509796	1.80884	0.439391	0.37271	0.359788
loop 86
	0.585609	0.510589	0.418673	0.510827	1.81895	0.43983	0.372642	0.358841
loop 87
	0.574703	0.507889	0.416891	0.508437	1.80713	0.437627	0.370746	0.357539
loop 88
	0.584976	0.520372	0.426803	0.520606	1.83303	0.444436	0.381842	0.362908
loop 89
	0.876233	0.726435	0.601897	0.732644	2.06137	0.625752	0.535565	0.512901
loop 90
	1.94025	1.48311	1.23505	1.51787	2.86513	1.29234	1.09622	1.03874
loop 91
	1.27511	1.04173	0.867398	1.06322	2.37018	0.909672	0.770789	0.732395
loop 92
	0.728564	0.619654	0.516446	0.633751	1.98895	0.54384	0.463231	0.43578
loop 93
	1.27625	1.04887	0.868954	1.06528	2.39718	0.91368	0.771	0.732791
loop 94
	1.81494	1.38317	1.15393	1.41179	2.77479	1.20557	1.02096	0.963003
loop 95
	1.11782	0.912146	0.758719	0.927822	2.33104	0.793077	0.678369	0.636415
loop 96
	1.1366	0.930176	0.766	0.945984	2.32664	0.805882	0.685902	0.648974
loop 97
	1.08957	0.896406	0.743809	0.9117	2.29052	0.783894	0.663451	0.626112
loop 98
	0.92997	0.743695	0.618587	0.752125	2.25162	0.646705	0.547851	0.530776
loop 99
	0.411953	0.402341	0.326193	0.404167	1.90402	0.346562	0.29961	0.306969

work load:gcc
