loop 0
	0.0699344	0.0856557	0.0778835	0.102481	0.997507	0.0811741	0.258668	0.0679981
loop 1
	0.0699696	0.0854516	0.0778896	0.102494	0.997823	0.0811802	0.258891	0.0679998
loop 2
	0.0699536	0.085418	0.0778714	0.102472	0.997823	0.081162	0.258668	0.0679679
loop 3
	0.0699328	0.0853892	0.0778471	0.102434	0.997507	0.0811357	0.258668	0.0679561
loop 4
	0.0706944	0.0859294	0.0748961	0.103005	0.998138	0.0780615	0.255139	0.0683696
loop 5
	0.0699712	0.085442	0.0778896	0.102497	0.997665	0.0811802	0.258616	0.067988
loop 6
	0.06992	0.085394	0.0778329	0.102431	0.997507	0.0811215	0.258582	0.0679544
loop 7
	0.0700416	0.0855212	0.0779706	0.102597	0.997823	0.0812653	0.258908	0.0680603
loop 8
	0.0729537	0.0886875	0.0776466	0.10223	0.997665	0.0809291	0.258702	0.0677863
loop 9
	0.0697936	0.0854204	0.0778673	0.102456	0.997665	0.0811559	0.258651	0.067983
loop 10
	0.0698576	0.0854348	0.0778876	0.102491	0.997665	0.0811782	0.258685	0.0679897
loop 11
	0.0699424	0.0854444	0.0778957	0.102497	0.997665	0.0811863	0.258891	0.0679914
loop 12
	0.06992	0.0853916	0.0778329	0.102431	0.997665	0.0811195	0.258599	0.0679527
loop 13
	0.069944	0.0854084	0.0778592	0.102463	0.997665	0.0811498	0.258685	0.0679561
loop 14
	0.0703168	0.0856725	0.0746657	0.102726	0.998295	0.0778214	0.255139	0.0681814
loop 15
	0.0699664	0.085442	0.0778855	0.102478	0.997665	0.0811762	0.258633	0.0679981
loop 16
	0.0699472	0.0854108	0.0778633	0.102463	0.997507	0.0811539	0.258651	0.0679662
loop 17
	0.0702992	0.0856485	0.0746464	0.102707	0.997665	0.0778001	0.258857	0.0681612
loop 18
	0.0728377	0.088555	0.077521	0.102074	0.997507	0.0807955	0.258651	0.0676939
loop 19
	0.0732563	0.0853339	0.0777964	0.1024	0.997665	0.081083	0.258685	0.0679124
loop 20
	0.0701152	0.0856221	0.0746251	0.102698	0.997823	0.0777769	0.258874	0.0681511
loop 21
	0.0698864	0.085478	0.077922	0.102522	0.99798	0.0812167	0.258942	0.0680149
loop 22
	0.0698864	0.0854228	0.0778714	0.102472	0.997665	0.081162	0.258651	0.0679696
loop 23
	0.06988	0.0853676	0.0778187	0.102415	0.997507	0.0811053	0.258633	0.0679359
loop 24
	0.0706944	0.0859438	0.0748961	0.103011	0.998453	0.0780615	0.255359	0.0683831
loop 25
	0.0703248	0.0856773	0.0746735	0.102745	0.99798	0.0778291	0.258822	0.0681696
loop 26
	0.0699376	0.0854036	0.0778531	0.102437	0.997507	0.0811417	0.258651	0.0679696
loop 27
	0.0703056	0.0856509	0.0746522	0.102717	0.997665	0.0778078	0.258874	0.0681561
loop 28
	0.073147	0.08872	0.0776749	0.102249	0.997507	0.0809595	0.258633	0.0678048
loop 29
	0.06992	0.0853916	0.0778329	0.102431	0.997665	0.0811195	0.258616	0.0679527
loop 30
	0.0700496	0.0855332	0.0779787	0.102607	0.997823	0.0812734	0.258891	0.0680687
loop 31
	0.0698032	0.0854324	0.0778815	0.102503	0.99798	0.0811741	0.255055	0.0679847
loop 32
	0.0697936	0.0854084	0.0778572	0.102444	0.997665	0.0811458	0.258633	0.0679746
loop 33
	0.0698336	0.085406	0.0778552	0.102456	0.997507	0.0811458	0.258668	0.0679544
loop 34
	0.070616	0.085879	0.0748458	0.102949	0.998453	0.0780092	0.255308	0.0683394
loop 35
	0.070296	0.0856557	0.0746425	0.102701	0.997823	0.0777962	0.258788	0.0681578
loop 36
	0.0699424	0.0854036	0.0778572	0.102456	0.997665	0.0811458	0.258668	0.0679578
loop 37
	0.0703024	0.0856533	0.0746502	0.102704	0.997823	0.0778059	0.258857	0.0681696
loop 38
	0.0731437	0.0887225	0.0776729	0.102234	0.997507	0.0809534	0.258633	0.0678166
loop 39
	0.0699552	0.0854228	0.0778734	0.102475	0.997507	0.081164	0.258651	0.0679729
loop 40
	0.0703056	0.0856581	0.0746541	0.102713	0.997665	0.0778078	0.258719	0.0681679
loop 41
	0.0732227	0.0853099	0.077758	0.10235	0.997823	0.0810445	0.258959	0.0678939
loop 42
	0.0732513	0.0853291	0.0777924	0.102394	0.997823	0.0810769	0.258651	0.0679158
loop 43
	0.0732782	0.0853652	0.0778187	0.102425	0.997507	0.0811073	0.258651	0.0679527
loop 44
	0.0702496	0.0857277	0.074718	0.102782	0.998295	0.0778737	0.25519	0.0682066
loop 45
	0.0702704	0.0856821	0.0746754	0.102748	0.997823	0.0778291	0.258822	0.0681713
loop 46
	0.0698928	0.0853772	0.0778207	0.102419	0.997507	0.0811073	0.258616	0.0679443
loop 47
	0.0706672	0.0858982	0.0748671	0.102974	0.99798	0.0780305	0.255122	0.0683444
loop 48
	0.0731554	0.0887275	0.0776851	0.102256	0.997665	0.0809676	0.258651	0.0678099
loop 49
	0.069952	0.0854228	0.0778693	0.102459	0.997665	0.08116	0.258685	0.067983
loop 50
	0.0703072	0.0856581	0.074656	0.10272	0.997665	0.0778098	0.258857	0.0681595
loop 51
	0.069968	0.0854348	0.0778855	0.102488	0.997823	0.0811782	0.258942	0.0679864
loop 52
	0.0699136	0.0853844	0.0778248	0.102422	0.997665	0.0811134	0.258582	0.0678216
loop 53
	0.0732075	0.0852715	0.0777418	0.102334	0.997665	0.0810263	0.258685	0.067867
loop 54
	0.0705184	0.0859174	0.0748845	0.103014	0.998453	0.0780479	0.255376	0.0683562
loop 55
	0.0701824	0.0856773	0.0746676	0.102726	0.997823	0.0778214	0.258822	0.0681797
loop 56
	0.0698352	0.085394	0.077845	0.102444	0.997507	0.0811337	0.258651	0.0679494
loop 57
	0.070624	0.0858886	0.0748554	0.102958	0.99798	0.0780189	0.255089	0.0683478
loop 58
	0.0731218	0.0887	0.0776486	0.102218	0.997507	0.0809291	0.258616	0.0677964
loop 59
	0.0699696	0.0854372	0.0778896	0.102494	0.997665	0.0811802	0.258702	0.0679847
loop 60
	0.070304	0.0856557	0.0746522	0.102707	0.997823	0.0778059	0.258874	0.0681696
loop 61
	0.0700016	0.0854804	0.077924	0.102525	0.997665	0.0812187	0.258891	0.0680183
loop 62
	0.0731201	0.0886925	0.0776486	0.102215	0.997507	0.0809271	0.258445	0.0677813
loop 63
	0.0699056	0.08537	0.0778167	0.102412	0.997507	0.0811053	0.258513	0.0679443
loop 64
	0.0700576	0.085562	0.0779909	0.102616	0.998295	0.0812855	0.255156	0.0680855
loop 65
	0.0732782	0.0853628	0.0778187	0.102425	0.997823	0.0811053	0.258651	0.0679326
loop 66
	0.0732815	0.08537	0.0778228	0.102422	0.997507	0.0811093	0.258651	0.0679544
loop 67
	0.0698832	0.085466	0.0779179	0.102516	0.99798	0.0812086	0.258908	0.0680149
loop 68
	0.0731033	0.0887275	0.0776831	0.102256	0.997507	0.0809656	0.258616	0.0678115
loop 69
	0.069928	0.0854012	0.077841	0.102444	0.997665	0.0811296	0.258633	0.0679611
loop 70
	0.0703152	0.0856629	0.0746657	0.102732	0.997823	0.0778195	0.258891	0.0681662
loop 71
	0.0700064	0.0854828	0.0779281	0.102541	0.997823	0.0812227	0.258908	0.0680166
loop 72
	0.0699712	0.085442	0.0778916	0.102484	0.997665	0.0811822	0.258685	0.0680015
loop 73
	0.0731201	0.0886825	0.0776486	0.102215	0.99735	0.0809291	0.258479	0.0677863
loop 74
	0.0699712	0.0854372	0.0778916	0.102488	0.99798	0.0811822	0.258891	0.0679864
loop 75
	0.0731655	0.0852403	0.0776972	0.102278	0.997665	0.0809777	0.258599	0.0678435
loop 76
	0.0732059	0.0852787	0.0777418	0.102334	0.997665	0.0810243	0.258685	0.0678687
loop 77
	0.0701216	0.0856317	0.0746309	0.102704	0.998295	0.0777846	0.255122	0.0681578
loop 78
	0.0730041	0.088715	0.0776689	0.102227	0.997507	0.0809494	0.258599	0.0678149
loop 79
	0.070224	0.0856605	0.074658	0.102726	0.997665	0.0778117	0.258839	0.0681561
loop 80
	0.0702736	0.0856557	0.0746541	0.102717	0.997665	0.0778078	0.258857	0.0681696
loop 81
	0.0699664	0.0854468	0.0778835	0.102488	0.997665	0.0811741	0.258857	0.0679965
loop 82
	0.0699792	0.0854492	0.0778997	0.102506	0.997665	0.0811903	0.258702	0.0679948
loop 83
	0.0699632	0.08543	0.0778815	0.102472	0.997507	0.0811721	0.258874	0.0679965
loop 84
	0.07	0.085478	0.077924	0.102522	0.997823	0.0812167	0.258925	0.0680166
loop 85
	0.0699536	0.0854204	0.0778714	0.102472	0.997665	0.08116	0.258616	0.0679696
loop 86
	0.0698944	0.0853628	0.0778045	0.1024	0.997507	0.0810911	0.258548	0.0679292
loop 87
	0.0700656	0.0855716	0.0779989	0.102622	0.998295	0.0812936	0.255156	0.068099
loop 88
	0.072942	0.08867	0.0776344	0.102202	0.997665	0.0809149	0.258462	0.0677678
loop 89
	0.070136	0.0856509	0.0746464	0.102704	0.997665	0.0778001	0.258839	0.0681646
loop 90
	0.0702	0.0856581	0.0746599	0.102729	0.997665	0.0778156	0.258874	0.0681646
loop 91
	0.0699408	0.0854636	0.0779098	0.102519	0.997665	0.0812025	0.258874	0.0680032
loop 92
	0.0699392	0.0854156	0.0778552	0.102459	0.997665	0.0811438	0.258651	0.0679696
loop 93
	0.069976	0.085442	0.0778957	0.1025	0.997665	0.0811863	0.258702	0.0679948
loop 94
	0.0703488	0.0857085	0.0747006	0.102776	0.99798	0.0778562	0.255156	0.0681898
loop 95
	0.0699424	0.0854156	0.0778592	0.10245	0.997665	0.0811478	0.258616	0.0679746
loop 96
	0.0699344	0.0853868	0.0778491	0.102441	0.997507	0.0811377	0.258651	0.067946
loop 97
	0.0702896	0.0856365	0.0746367	0.102698	0.998138	0.0777904	0.255089	0.0681528
loop 98
	0.0728243	0.08854	0.0775069	0.102058	0.997507	0.0807813	0.25841	0.0676821
loop 99
	0.0732445	0.0853219	0.0777418	0.102384	0.997665	0.0810688	0.258685	0.0679023

work load:wupwise
