loop 0
	0.243522	0.278717	0.227542	0.273436	1.58623	0.239071	0.203506	0.196875
loop 1
	0.258186	0.286393	0.23536	0.286013	1.5955	0.242532	0.207464	0.200632
loop 2
	0.241132	0.276066	0.224914	0.270779	1.58673	0.23628	0.200616	0.194205
loop 3
	0.2411	0.276011	0.224893	0.275554	1.58086	0.23625	0.200585	0.194533
loop 4
	0.245383	0.275738	0.224685	0.275281	1.58086	0.23601	0.200376	0.194516
loop 5
	0.245491	0.275874	0.224747	0.275424	1.5811	0.23612	0.200477	0.194559
loop 6
	0.245231	0.275546	0.224331	0.275073	1.58086	0.23583	0.200229	0.193902
loop 7
	0.24522	0.275546	0.224435	0.275073	1.58086	0.23582	0.200213	0.19385
loop 8
	0.244344	0.274957	0.223925	0.274476	1.58698	0.23529	0.199756	0.193478
loop 9
	0.244885	0.275395	0.224289	0.274904	1.58698	0.23565	0.200074	0.193764
loop 10
	0.244831	0.275532	0.224352	0.275073	1.58648	0.2358	0.200198	0.193729
loop 11
	0.244647	0.27508	0.22405	0.274566	1.58673	0.23537	0.199826	0.193738
loop 12
	0.258317	0.286583	0.235507	0.286166	1.59625	0.242649	0.207563	0.201093
loop 13
	0.240856	0.27208	0.224445	0.275632	1.58086	0.23643	0.20074	0.1943
loop 14
	0.245134	0.276504	0.224289	0.275359	1.58086	0.23618	0.200523	0.193867
loop 15
	0.245026	0.276354	0.224196	0.27519	1.5811	0.23605	0.200407	0.193651
loop 16
	0.245491	0.272026	0.224466	0.275567	1.58135	0.23635	0.20067	0.193945
loop 17
	0.245091	0.276531	0.2243	0.275333	1.58135	0.23612	0.200477	0.193772
loop 18
	0.245123	0.271865	0.224331	0.275372	1.58086	0.23617	0.200515	0.19372
loop 19
	0.240973	0.272255	0.224685	0.270996	1.58135	0.23657	0.200856	0.194352
loop 20
	0.245166	0.271865	0.224258	0.275411	1.58135	0.23622	0.200554	0.194153
loop 21
	0.245134	0.271865	0.224373	0.275398	1.5816	0.2362	0.200539	0.194248
loop 22
	0.24469	0.276025	0.223904	0.274839	1.58135	0.2357	0.200113	0.193513
loop 23
	0.258578	0.282557	0.235158	0.286166	1.59012	0.242745	0.207646	0.200291
loop 24
	0.240824	0.272	0.224352	0.270805	1.5816	0.2364	0.200709	0.19385
loop 25
	0.245329	0.272	0.224445	0.270805	1.5811	0.23639	0.200701	0.193902
loop 26
	0.240729	0.272121	0.22455	0.27092	1.58086	0.2365	0.200794	0.193911
loop 27
	0.24162	0.272713	0.22508	0.271546	1.58185	0.232352	0.201282	0.194706
loop 28
	0.240803	0.272201	0.224664	0.271022	1.5816	0.231882	0.200872	0.194507
loop 29
	0.240835	0.272228	0.224695	0.271048	1.5816	0.231911	0.200895	0.194516
loop 30
	0.240782	0.272161	0.224602	0.270984	1.5816	0.231852	0.200848	0.194135
loop 31
	0.241641	0.272726	0.22507	0.271558	1.58209	0.232372	0.201298	0.194378
loop 32
	0.241312	0.272349	0.22481	0.271162	1.58185	0.232019	0.200996	0.194222
loop 33
	0.240909	0.272121	0.224612	0.27092	1.58135	0.23649	0.200794	0.194023
loop 34
	0.258887	0.282902	0.235495	0.286542	1.597	0.243042	0.207911	0.200466
loop 35
	0.241599	0.272713	0.225007	0.271533	1.58209	0.232343	0.201274	0.194698
loop 36
	0.241662	0.272793	0.225195	0.271622	1.58259	0.232411	0.201336	0.19088
loop 37
	0.242066	0.273036	0.225392	0.271878	1.57647	0.232637	0.201538	0.190982
loop 38
	0.238585	0.273762	0.221607	0.272605	1.57672	0.233303	0.197558	0.191176
loop 39
	0.238585	0.273749	0.221443	0.272605	1.57696	0.233293	0.197558	0.190922
loop 40
	0.238897	0.273897	0.221678	0.272759	1.57672	0.233421	0.197664	0.191143
loop 41
	0.238501	0.273708	0.221515	0.272529	1.58259	0.233205	0.197475	0.190973
loop 42
	0.242904	0.273574	0.221454	0.272414	1.58259	0.233107	0.197392	0.190965
loop 43
	0.242872	0.273534	0.22129	0.272376	1.58259	0.233078	0.197369	0.19121
loop 44
	0.242479	0.273291	0.221219	0.272133	1.58259	0.232862	0.19718	0.19132
loop 45
	0.255908	0.283838	0.2319	0.282609	1.59087	0.24389	0.208648	0.201665
loop 46
	0.241769	0.272699	0.225049	0.271469	1.58135	0.232284	0.201236	0.194369
loop 47
	0.24128	0.272336	0.224747	0.271099	1.58086	0.23197	0.200949	0.194118
loop 48
	0.241132	0.272175	0.224633	0.270933	1.5811	0.23652	0.200817	0.194066
loop 49
	0.245447	0.271973	0.224466	0.275515	1.58061	0.23632	0.200639	0.193824
loop 50
	0.241662	0.272578	0.224986	0.271341	1.5811	0.232186	0.201143	0.194438
loop 51
	0.241291	0.27239	0.22482	0.271137	1.5811	0.23199	0.200972	0.194637
loop 52
	0.241715	0.272632	0.224914	0.271392	1.5811	0.232235	0.201189	0.194715
loop 53
	0.241779	0.272726	0.225101	0.271482	1.58135	0.232303	0.201251	0.194706
loop 54
	0.241259	0.272323	0.224726	0.271086	1.58135	0.23195	0.200941	0.194101
loop 55
	0.241238	0.272282	0.224726	0.271048	1.5811	0.231931	0.200918	0.194101
loop 56
	0.258649	0.287154	0.234967	0.285971	1.59575	0.247308	0.207505	0.204251
loop 57
	0.244528	0.27608	0.223925	0.274904	1.58036	0.23576	0.200151	0.193366
loop 58
	0.244539	0.276066	0.223936	0.274904	1.58061	0.23577	0.200159	0.193539
loop 59
	0.245026	0.27169	0.224237	0.275255	1.58086	0.23608	0.200438	0.194144
loop 60
	0.244993	0.276326	0.224227	0.275216	1.58086	0.23604	0.200399	0.194127
loop 61
	0.244982	0.276285	0.224196	0.275203	1.58086	0.23603	0.200391	0.193937
loop 62
	0.245361	0.271811	0.224331	0.275424	1.58086	0.23623	0.200562	0.193764
loop 63
	0.244928	0.276217	0.224071	0.275151	1.58086	0.23597	0.200345	0.193539
loop 64
	0.244982	0.276299	0.224081	0.275216	1.58061	0.23603	0.200391	0.193599
loop 65
	0.240877	0.272107	0.224498	0.270907	1.58061	0.23647	0.200771	0.193859
loop 66
	0.241334	0.272417	0.22482	0.271226	1.58061	0.232058	0.201026	0.1943
loop 67
	0.258697	0.282859	0.235473	0.286556	1.5965	0.243095	0.207952	0.201065
loop 68
	0.242161	0.272968	0.225278	0.271724	1.5816	0.232519	0.201437	0.190855
loop 69
	0.242596	0.273251	0.221107	0.272018	1.58185	0.232774	0.197104	0.19088
loop 70
	0.242808	0.273238	0.221127	0.272005	1.5816	0.232784	0.197112	0.190609
loop 71
	0.241981	0.272767	0.225091	0.271482	1.58135	0.232313	0.201259	0.194404
loop 72
	0.241917	0.272686	0.224997	0.271418	1.5811	0.232244	0.201197	0.194378
loop 73
	0.24197	0.272753	0.225091	0.271482	1.58086	0.232294	0.201243	0.19436
loop 74
	0.241981	0.272767	0.225091	0.271494	1.58135	0.232313	0.201251	0.194525
loop 75
	0.242129	0.272955	0.225299	0.271673	1.58185	0.23248	0.201406	0.190872
loop 76
	0.242638	0.273318	0.221198	0.272044	1.58185	0.232803	0.197127	0.191126
loop 77
	0.242225	0.273036	0.22533	0.271801	1.5816	0.232578	0.201491	0.190736
loop 78
	0.241334	0.272	0.224445	0.275476	1.5811	0.23628	0.200608	0.19372
loop 79
	0.25578	0.284371	0.232175	0.283198	1.597	0.244442	0.20912	0.201701
loop 80
	0.240803	0.27571	0.224529	0.275177	1.58061	0.23591	0.200291	0.19398
loop 81
	0.24128	0.276025	0.224841	0.270716	1.58036	0.23622	0.200562	0.194144
loop 82
	0.24128	0.276025	0.224851	0.270716	1.58036	0.23623	0.20057	0.194317
loop 83
	0.24092	0.275847	0.224695	0.275307	1.58036	0.23604	0.200407	0.194525
loop 84
	0.240941	0.275861	0.224706	0.275359	1.58036	0.23607	0.20043	0.194533
loop 85
	0.24144	0.27623	0.225018	0.270907	1.58061	0.2364	0.200717	0.194637
loop 86
	0.241514	0.276299	0.225018	0.271009	1.58061	0.2365	0.200794	0.194343
loop 87
	0.245329	0.27571	0.224518	0.275203	1.58036	0.23595	0.20033	0.193919
loop 88
	0.24508	0.275423	0.224321	0.274891	1.58673	0.23567	0.200082	0.193798
loop 89
	0.244517	0.27482	0.22379	0.27419	1.58623	0.23503	0.19954	0.193158
loop 90
	0.255173	0.28283	0.231922	0.282322	1.5955	0.243551	0.20835	0.201508
loop 91
	0.244474	0.275108	0.224092	0.274657	1.58061	0.23546	0.199904	0.194014
loop 92
	0.244885	0.275382	0.224352	0.27493	1.58061	0.23569	0.200105	0.194239
loop 93
	0.244766	0.275245	0.224227	0.274774	1.58061	0.23555	0.199981	0.193962
loop 94
	0.244658	0.27508	0.224113	0.274618	1.58061	0.23544	0.199888	0.193573
loop 95
	0.244712	0.275176	0.224123	0.274696	1.58061	0.2355	0.199935	0.193582
loop 96
	0.244604	0.275067	0.224019	0.274553	1.58012	0.23537	0.199826	0.193539
loop 97
	0.245112	0.275436	0.224383	0.274943	1.58036	0.23571	0.20012	0.193755
loop 98
	0.241068	0.275998	0.22482	0.270716	1.58036	0.23623	0.200562	0.194291
loop 99
	0.244907	0.275436	0.224373	0.274943	1.58061	0.23572	0.200128	0.194248

work load:mcf
