loop 0
	0.154074	0.171219	0.144163	0.172807	0.843262	0.150494	0.43962	0.139353
loop 1
	0.158563	0.174622	0.146133	0.176386	0.775988	0.155201	0.466136	0.134595
loop 2
	0.158788	0.175596	0.147403	0.177846	0.795214	0.156395	0.455257	0.138879
loop 3
	0.171744	0.179991	0.152085	0.186182	0.798067	0.161381	0.463418	0.141007
loop 4
	0.173987	0.187366	0.154665	0.192337	0.859126	0.166326	0.467134	0.14994
loop 5
	0.160688	0.174726	0.149128	0.176734	0.815971	0.155101	0.453933	0.138838
loop 6
	0.16268	0.179804	0.151597	0.181673	0.784176	0.160798	0.467861	0.139956
loop 7
	0.155469	0.171005	0.142586	0.17325	0.800746	0.15143	0.439573	0.133809
loop 8
	0.194286	0.194976	0.165219	0.20069	0.831794	0.176058	0.48452	0.156206
loop 9
	0.159872	0.173486	0.146339	0.178978	0.844318	0.157111	0.44833	0.141601
loop 10
	0.166753	0.180137	0.151262	0.182193	0.800698	0.161156	0.467881	0.142902
loop 11
	0.156364	0.17239	0.144203	0.17438	0.784368	0.15298	0.458696	0.135961
loop 12
	0.159935	0.173641	0.145541	0.179886	0.802443	0.154555	0.449335	0.137661
loop 13
	0.195528	0.196611	0.165171	0.206305	0.859045	0.176794	0.481621	0.15791
loop 14
	0.162733	0.176779	0.146617	0.178731	0.836075	0.156955	0.452799	0.143169
loop 15
	0.158979	0.170813	0.146445	0.176648	0.772276	0.155469	0.466214	0.134892
loop 16
	0.154188	0.173665	0.145386	0.176021	0.803226	0.154307	0.447459	0.13649
loop 17
	0.186832	0.194494	0.162188	0.196574	0.813947	0.17222	0.47684	0.150981
loop 18
	0.161542	0.176484	0.147951	0.181405	0.854622	0.159356	0.460144	0.142783
loop 19
	0.164244	0.178602	0.149377	0.180718	0.810631	0.159396	0.463829	0.140238
loop 20
	0.164432	0.177497	0.149304	0.179392	0.788083	0.158372	0.465824	0.13749
loop 21
	0.163495	0.176789	0.148753	0.179081	0.80753	0.157899	0.449227	0.140515
loop 22
	0.190148	0.19474	0.164205	0.200102	0.837391	0.175264	0.485073	0.154181
loop 23
	0.16008	0.173519	0.146458	0.175053	0.848508	0.152929	0.443522	0.141834
loop 24
	0.160451	0.177208	0.148702	0.179088	0.78408	0.158012	0.4679	0.136987
loop 25
	0.159123	0.171667	0.147584	0.178032	0.791601	0.156575	0.453954	0.135255
loop 26
	0.155419	0.172087	0.143739	0.173869	0.79061	0.152665	0.45116	0.13581
loop 27
	0.191031	0.199576	0.167238	0.204825	0.866157	0.17506	0.478805	0.159258
loop 28
	0.160723	0.174953	0.149265	0.176949	0.821026	0.155292	0.451106	0.138947
loop 29
	0.162589	0.179715	0.151493	0.181564	0.780271	0.160694	0.471608	0.139694
loop 30
	0.155486	0.170991	0.142638	0.173263	0.801242	0.151445	0.443869	0.133775
loop 31
	0.196563	0.197431	0.167838	0.203373	0.829352	0.178778	0.4876	0.155145
loop 32
	0.160847	0.174254	0.146915	0.179634	0.845142	0.153403	0.448433	0.142073
loop 33
	0.167521	0.177063	0.152238	0.183414	0.804913	0.157984	0.46208	0.143537
loop 34
	0.156752	0.172445	0.144251	0.174387	0.779889	0.153017	0.461914	0.136092
loop 35
	0.16067	0.174086	0.145941	0.17611	0.802742	0.154971	0.450994	0.137926
loop 36
	0.194847	0.196044	0.168965	0.205758	0.85363	0.176307	0.48453	0.157804
loop 37
	0.163698	0.177481	0.147064	0.179376	0.842018	0.157547	0.449328	0.143403
loop 38
	0.15828	0.174544	0.146083	0.176248	0.772276	0.155097	0.46641	0.13458
loop 39
	0.162769	0.175193	0.147107	0.177571	0.803127	0.156099	0.4493	0.138475
loop 40
	0.186592	0.193572	0.161643	0.195755	0.811014	0.171485	0.47436	0.150828
loop 41
	0.161739	0.177022	0.148138	0.181818	0.852173	0.159714	0.461275	0.142902
loop 42
	0.159937	0.173479	0.148153	0.179789	0.806997	0.153928	0.457343	0.138651
loop 43
	0.166747	0.176066	0.148084	0.1822	0.787793	0.157073	0.465281	0.140222
loop 44
	0.159637	0.171763	0.147627	0.178232	0.808434	0.152532	0.443119	0.135164
loop 45
	0.190996	0.191102	0.164838	0.200872	0.832251	0.17154	0.48776	0.155026
loop 46
	0.156385	0.170234	0.1432	0.175987	0.844921	0.153806	0.443967	0.138496
loop 47
	0.169024	0.182511	0.153994	0.184575	0.792088	0.15947	0.468488	0.142173
loop 48
	0.162123	0.174827	0.146713	0.176972	0.791699	0.155644	0.456713	0.138434
loop 49
	0.157425	0.170551	0.146352	0.176565	0.794881	0.155436	0.451123	0.134721
loop 50
	0.19061	0.194967	0.167149	0.20459	0.865632	0.174854	0.477187	0.159308
loop 51
	0.162265	0.172134	0.146366	0.178374	0.826299	0.156587	0.45273	0.13974
loop 52
	0.163459	0.176189	0.148061	0.182215	0.780844	0.157067	0.471727	0.140307
loop 53
	0.151813	0.16726	0.14299	0.173696	0.802234	0.151813	0.43975	0.134089
loop 54
	0.18972	0.194082	0.16478	0.200052	0.827724	0.175395	0.48272	0.152228
loop 55
	0.1614	0.174962	0.147438	0.180283	0.847924	0.153967	0.449298	0.142467
loop 56
	0.167852	0.177684	0.152729	0.184071	0.809732	0.158535	0.463487	0.139966
loop 57
	0.155722	0.171901	0.14376	0.173782	0.780175	0.152495	0.460915	0.135709
loop 58
	0.164177	0.173408	0.149338	0.179709	0.802243	0.154363	0.451068	0.137366
loop 59
	0.195373	0.195801	0.164736	0.205518	0.848646	0.176115	0.482551	0.157972
loop 60
	0.160054	0.174031	0.147597	0.180149	0.841707	0.15396	0.446834	0.143675
loop 61
	0.157633	0.173959	0.145607	0.179935	0.771145	0.154582	0.466292	0.137967
loop 62
	0.162455	0.175123	0.147025	0.177447	0.803326	0.156006	0.45269	0.138428
loop 63
	0.176993	0.185898	0.157947	0.187955	0.803042	0.163368	0.466606	0.146843
loop 64
	0.169237	0.181367	0.152693	0.186223	0.860266	0.164488	0.464266	0.147726
loop 65
	0.160815	0.174526	0.145061	0.176566	0.811929	0.154893	0.455307	0.139237
loop 66
	0.166872	0.179671	0.151568	0.181608	0.788083	0.160758	0.46935	0.139844
loop 67
	0.1622	0.175003	0.146795	0.177288	0.808334	0.155863	0.442583	0.138278
loop 68
	0.189997	0.194246	0.163942	0.199746	0.825718	0.174886	0.48636	0.154436
loop 69
	0.160414	0.173932	0.146702	0.175245	0.846372	0.153221	0.444069	0.141948
loop 70
	0.165917	0.17942	0.150869	0.185743	0.791407	0.160498	0.465475	0.142737
loop 71
	0.162217	0.174523	0.14645	0.17662	0.787212	0.155349	0.459874	0.138231
loop 72
	0.160806	0.174354	0.146105	0.176276	0.798364	0.155157	0.452836	0.134449
loop 73
	0.193827	0.198401	0.166458	0.20361	0.860401	0.178432	0.480674	0.158777
loop 74
	0.162288	0.176338	0.146334	0.178347	0.826299	0.156561	0.453741	0.139548
loop 75
	0.166435	0.179545	0.151314	0.181398	0.780366	0.160538	0.470381	0.139726
loop 76
	0.15194	0.171059	0.14271	0.173355	0.802333	0.151502	0.43975	0.133853
loop 77
	0.192148	0.196306	0.163225	0.202459	0.824976	0.173624	0.48084	0.15507
loop 78
	0.15777	0.175874	0.147988	0.176672	0.845005	0.154708	0.453828	0.142964
loop 79
	0.1647	0.178616	0.149456	0.180718	0.810132	0.159396	0.460062	0.140478
loop 80
	0.158615	0.174932	0.14674	0.176834	0.779698	0.15565	0.465203	0.134912
loop 81
	0.163088	0.17663	0.148556	0.178806	0.807329	0.157719	0.451473	0.14052
loop 82
	0.194227	0.199241	0.168244	0.204615	0.848646	0.175328	0.485463	0.157585
loop 83
	0.161044	0.175133	0.14845	0.176858	0.847151	0.154924	0.449387	0.140284
loop 84
	0.158967	0.170765	0.146379	0.176662	0.771617	0.155458	0.466488	0.134842
loop 85
	0.162455	0.175109	0.147003	0.177385	0.799121	0.155973	0.456114	0.138511
loop 86
	0.174278	0.182797	0.154874	0.189047	0.798265	0.164329	0.466959	0.143842
loop 87
	0.173376	0.181532	0.152906	0.186396	0.860266	0.164625	0.46498	0.147819
loop 88
	0.16022	0.174423	0.144949	0.176471	0.81123	0.154829	0.456155	0.139009
loop 89
	0.163416	0.176254	0.148219	0.182366	0.78876	0.157207	0.469154	0.140366
loop 90
	0.154549	0.17009	0.141798	0.172279	0.804939	0.150595	0.443691	0.133138
loop 91
	0.195102	0.196177	0.166125	0.201833	0.82861	0.177108	0.48568	0.156836
loop 92
	0.159445	0.173184	0.146101	0.178827	0.847409	0.156883	0.448018	0.141445
loop 93
	0.166036	0.179272	0.15065	0.18558	0.796292	0.160371	0.470605	0.14248
loop 94
	0.156133	0.172308	0.144144	0.174333	0.788373	0.15291	0.459912	0.13583
loop 95
	0.160498	0.17393	0.145749	0.175856	0.797967	0.154785	0.453544	0.137941
loop 96
	0.193554	0.198191	0.166355	0.203334	0.860401	0.178202	0.479343	0.158771
loop 97
	0.162242	0.176414	0.146404	0.178462	0.831181	0.156678	0.45037	0.139351
loop 98
	0.157777	0.174128	0.145788	0.180041	0.771805	0.154719	0.46641	0.138081
loop 99
	0.157382	0.172935	0.144554	0.175254	0.807036	0.153624	0.443155	0.135815

work load:swim
