loop 0
	1.60257	2.33963	1.86022	1.15856	4.66315	1.009	0.871857	1.60815
loop 1
	1.60247	2.33963	1.86049	1.1584	4.66377	1.00887	0.871791	1.60779
loop 2
	1.61202	2.33889	1.85967	1.15793	4.66315	1.00845	0.880995	1.60767
loop 3
	1.61182	2.33889	1.85953	1.15772	4.66315	1.00828	0.880828	1.60767
loop 4
	1.61192	2.33889	1.85967	1.15793	4.66315	1.00841	0.880962	1.60767
loop 5
	1.60267	2.33963	1.86036	1.15856	4.66315	1.009	0.87189	1.60827
loop 6
	1.60257	2.33908	1.86063	1.15846	4.66377	1.00892	0.871791	1.60779
loop 7
	1.60257	2.33963	1.86022	1.15856	4.66315	1.009	0.871857	1.60815
loop 8
	1.60247	2.33944	1.86049	1.1584	4.66377	1.00887	0.871724	1.60815
loop 9
	1.61202	2.33889	1.85967	1.15793	4.66315	1.00845	0.880995	1.60767
loop 10
	1.61182	2.33889	1.85953	1.15772	4.66315	1.00828	0.880828	1.60767
loop 11
	1.61202	2.33853	1.85967	1.15793	4.66315	1.00845	0.880962	1.60743
loop 12
	1.60267	2.33963	1.86036	1.15856	4.66315	1.009	0.87189	1.60815
loop 13
	1.60247	2.33963	1.86063	1.15846	4.66377	1.00892	0.871791	1.60779
loop 14
	1.60257	2.33963	1.86022	1.15851	4.66315	1.00896	0.871857	1.60815
loop 15
	1.61182	2.33889	1.85967	1.15777	4.66315	1.00832	0.880861	1.60767
loop 16
	1.61192	2.33889	1.85967	1.15793	4.66315	1.00845	0.880962	1.60767
loop 17
	1.61182	2.33889	1.85953	1.15772	4.66254	1.00828	0.880828	1.60767
loop 18
	1.60257	2.33908	1.86022	1.15846	4.66377	1.00896	0.871824	1.60779
loop 19
	1.60257	2.33963	1.86022	1.15856	4.66315	1.009	0.871857	1.60815
loop 20
	1.60247	2.33963	1.86049	1.1584	4.66377	1.00887	0.871791	1.60779
loop 21
	1.61202	2.33889	1.85967	1.15793	4.66315	1.00845	0.880995	1.60767
loop 22
	1.61182	2.33889	1.85953	1.15772	4.66315	1.00828	0.880828	1.60767
loop 23
	1.61192	2.33889	1.85967	1.15793	4.66315	1.00841	0.880962	1.60767
loop 24
	1.60267	2.33963	1.86036	1.15856	4.66315	1.009	0.87189	1.60827
loop 25
	1.60257	2.33908	1.86063	1.15846	4.66377	1.00892	0.871791	1.60779
loop 26
	1.60257	2.33963	1.86022	1.15856	4.66315	1.009	0.871857	1.60815
loop 27
	1.60247	2.33944	1.86049	1.1584	4.66377	1.00887	0.871724	1.60815
loop 28
	1.61202	2.33889	1.85967	1.15793	4.66315	1.00845	0.880995	1.60767
loop 29
	1.61182	2.33889	1.85953	1.15772	4.66315	1.00828	0.880828	1.60767
loop 30
	1.61202	2.33853	1.85967	1.15793	4.66315	1.00845	0.880962	1.60743
loop 31
	1.60267	2.33963	1.86036	1.15856	4.66315	1.009	0.87189	1.60815
loop 32
	1.60247	2.33963	1.86063	1.15846	4.66377	1.00892	0.871791	1.60779
loop 33
	1.60257	2.33963	1.86022	1.15851	4.66315	1.00896	0.871857	1.60815
loop 34
	1.61182	2.33889	1.85967	1.15777	4.66315	1.00832	0.880861	1.60767
loop 35
	1.61192	2.33889	1.85967	1.15793	4.66315	1.00845	0.880962	1.60767
loop 36
	1.61182	2.33889	1.85953	1.15772	4.66254	1.00828	0.880828	1.60767
loop 37
	1.60257	2.33908	1.86022	1.15846	4.66377	1.00896	0.871824	1.60779
loop 38
	1.60257	2.33963	1.86022	1.15856	4.66315	1.009	0.871857	1.60815
loop 39
	1.60247	2.33963	1.86049	1.1584	4.66377	1.00887	0.871791	1.60779
loop 40
	1.61202	2.33889	1.85967	1.15793	4.66315	1.00845	0.880995	1.60767
loop 41
	1.61182	2.33889	1.85953	1.15772	4.66315	1.00828	0.880828	1.60767
loop 42
	1.61192	2.33889	1.85967	1.15793	4.66315	1.00841	0.880962	1.60767
loop 43
	1.60267	2.33963	1.86036	1.15856	4.66315	1.009	0.87189	1.60827
loop 44
	1.60257	2.33908	1.86063	1.15846	4.66377	1.00892	0.871791	1.60779
loop 45
	1.60257	2.33963	1.86022	1.15856	4.66315	1.009	0.871857	1.60815
loop 46
	1.60247	2.33944	1.86049	1.1584	4.66377	1.00887	0.871724	1.60815
loop 47
	1.61202	2.33889	1.85967	1.15793	4.66315	1.00845	0.880995	1.60767
loop 48
	1.61182	2.33889	1.85953	1.15772	4.66315	1.00828	0.880828	1.60767
loop 49
	1.61202	2.33853	1.85967	1.15793	4.66315	1.00845	0.880962	1.60743
loop 50
	1.60267	2.33963	1.86036	1.15856	4.66315	1.009	0.87189	1.60815
loop 51
	1.60247	2.33963	1.86063	1.15846	4.66377	1.00892	0.871791	1.60779
loop 52
	1.60257	2.33963	1.86022	1.15851	4.66315	1.00896	0.871857	1.60815
loop 53
	1.65649	2.36386	1.88525	1.19106	4.68491	1.03434	0.900106	1.62531
loop 54
	1.61182	2.33889	1.85953	1.15772	4.66315	1.00828	0.880828	1.60755
loop 55
	1.60257	2.33908	1.86022	1.15851	4.66377	1.00896	0.871824	1.60779
loop 56
	1.60267	2.33963	1.86022	1.15856	4.66315	1.009	0.871857	1.60815
loop 57
	1.60247	2.33963	1.86063	1.1584	4.66377	1.00892	0.871791	1.60779
loop 58
	1.60257	2.33944	1.86022	1.15856	4.66377	1.009	0.871857	1.60815
loop 59
	1.61182	2.33889	1.85953	1.15777	4.66315	1.00828	0.880861	1.60767
loop 60
	1.61192	2.33889	1.85967	1.15793	4.66315	1.00845	0.880962	1.60767
loop 61
	1.61202	2.33889	1.85981	1.15788	4.66254	1.00841	0.880928	1.60779
loop 62
	1.60257	2.33908	1.86063	1.15846	4.66377	1.00892	0.871791	1.60779
loop 63
	1.60267	2.33963	1.86022	1.15856	4.66315	1.009	0.871857	1.60815
loop 64
	1.60247	2.33944	1.86049	1.1584	4.66377	1.00887	0.871757	1.60767
loop 65
	1.61202	2.33889	1.85967	1.15793	4.66315	1.00845	0.880995	1.60767
loop 66
	1.61182	2.33889	1.85953	1.15772	4.66315	1.00828	0.880828	1.60767
loop 67
	1.61192	2.33889	1.85967	1.15793	4.66315	1.00841	0.880962	1.60731
loop 68
	1.60267	2.33963	1.86036	1.15856	4.66315	1.009	0.87189	1.60827
loop 69
	1.60247	2.33963	1.86063	1.15846	4.66377	1.00892	0.871791	1.60779
loop 70
	1.60257	2.33963	1.86022	1.15856	4.66315	1.009	0.871857	1.60815
loop 71
	1.61182	2.33889	1.85994	1.15777	4.66315	1.00832	0.880861	1.60767
loop 72
	1.61192	2.33889	1.85967	1.15793	4.66315	1.00845	0.880962	1.60767
loop 73
	1.61182	2.33889	1.85953	1.15772	4.66315	1.00828	0.880828	1.60755
loop 74
	1.60257	2.33908	1.86022	1.15851	4.66377	1.00896	0.871824	1.60779
loop 75
	1.60267	2.33963	1.86022	1.15856	4.66315	1.009	0.871857	1.60815
loop 76
	1.60247	2.33963	1.86063	1.1584	4.66377	1.00892	0.871791	1.60779
loop 77
	1.60257	2.33944	1.86022	1.15856	4.66377	1.009	0.871857	1.60815
loop 78
	1.61182	2.33889	1.85953	1.15777	4.66315	1.00828	0.880861	1.60767
loop 79
	1.61192	2.33889	1.85967	1.15793	4.66315	1.00845	0.880962	1.60767
loop 80
	1.61202	2.33889	1.85981	1.15788	4.66254	1.00841	0.880928	1.60779
loop 81
	1.60257	2.33908	1.86063	1.15846	4.66377	1.00892	0.871791	1.60779
loop 82
	1.60267	2.33963	1.86022	1.15856	4.66315	1.009	0.871857	1.60815
loop 83
	1.60247	2.33944	1.86049	1.1584	4.66377	1.00887	0.871757	1.60767
loop 84
	1.61202	2.33889	1.85967	1.15793	4.66315	1.00845	0.880995	1.60767
loop 85
	1.61182	2.33889	1.85953	1.15772	4.66315	1.00828	0.880828	1.60767
loop 86
	1.61192	2.33889	1.85967	1.15793	4.66315	1.00841	0.880962	1.60731
loop 87
	1.60267	2.33963	1.86036	1.15856	4.66315	1.009	0.87189	1.60827
loop 88
	1.60247	2.33963	1.86063	1.15846	4.66377	1.00892	0.871791	1.60779
loop 89
	1.60257	2.33963	1.86022	1.15856	4.66315	1.009	0.871857	1.60815
loop 90
	1.61182	2.33889	1.85994	1.15777	4.66315	1.00832	0.880861	1.60767
loop 91
	1.61192	2.33889	1.85967	1.15793	4.66315	1.00845	0.880962	1.60767
loop 92
	1.61182	2.33889	1.85953	1.15772	4.66315	1.00828	0.880828	1.60755
loop 93
	1.60257	2.33908	1.86022	1.15851	4.66377	1.00896	0.871824	1.60779
loop 94
	1.60267	2.33963	1.86022	1.15856	4.66315	1.009	0.871857	1.60815
loop 95
	1.60247	2.33963	1.86063	1.1584	4.66377	1.00892	0.871791	1.60779
loop 96
	1.60257	2.33944	1.86022	1.15856	4.66377	1.009	0.871857	1.60815
loop 97
	1.61182	2.33889	1.85953	1.15777	4.66315	1.00828	0.880861	1.60767
loop 98
	1.61192	2.33889	1.85967	1.15793	4.66315	1.00845	0.880962	1.60767
loop 99
	1.61202	2.33889	1.85981	1.15788	4.66254	1.00841	0.880928	1.60779

work load:gzip
