loop 0
	0.202389	0.235042	0.183238	0.219858	1.55402	0.191119	0.162719	0.156468
loop 1
	0.202683	0.235329	0.18373	0.220039	1.54822	0.191274	0.162856	0.156791
loop 2
	0.202286	0.235552	0.183722	0.220201	1.54895	0.191479	0.163026	0.156876
loop 3
	0.202389	0.23535	0.183783	0.220228	1.54798	0.191366	0.162933	0.156839
loop 4
	0.202073	0.234395	0.183049	0.223718	1.55353	0.190371	0.162084	0.156304
loop 5
	0.213302	0.243664	0.187466	0.228277	1.56442	0.199837	0.167256	0.160902
loop 6
	0.202508	0.235339	0.183435	0.219876	1.54847	0.191147	0.162752	0.156718
loop 7
	0.203087	0.235785	0.183881	0.220616	1.55451	0.191733	0.163245	0.15701
loop 8
	0.202801	0.235392	0.183594	0.220102	1.54798	0.191253	0.16284	0.1567
loop 9
	0.201811	0.234448	0.182958	0.223801	1.55353	0.190463	0.162155	0.156219
loop 10
	0.203102	0.231229	0.18404	0.220571	1.55427	0.191697	0.163223	0.157107
loop 11
	0.205335	0.238287	0.186352	0.222953	1.55305	0.194316	0.165954	0.15952
loop 12
	0.210745	0.240709	0.188987	0.225393	1.5586	0.196911	0.168677	0.158297
loop 13
	0.204517	0.237444	0.185538	0.221958	1.55256	0.193435	0.165201	0.158908
loop 14
	0.201368	0.234809	0.182799	0.223958	1.55378	0.190625	0.162292	0.156122
loop 15
	0.202667	0.235658	0.183669	0.220255	1.55427	0.191486	0.163042	0.156937
loop 16
	0.205254	0.233939	0.18653	0.223184	1.55329	0.19449	0.166106	0.155708
loop 17
	0.204322	0.238266	0.186158	0.222907	1.55353	0.194215	0.165864	0.159345
loop 18
	0.205716	0.234703	0.182996	0.219389	1.55329	0.19066	0.162325	0.15631
loop 19
	0.213379	0.239154	0.187633	0.228431	1.56368	0.195388	0.167354	0.161075
loop 20
	0.202081	0.235127	0.183359	0.219831	1.54774	0.19102	0.162632	0.156578
loop 21
	0.201455	0.234576	0.182875	0.223847	1.55353	0.190583	0.162254	0.156298
loop 22
	0.204825	0.233833	0.186297	0.223138	1.55305	0.194418	0.166044	0.15555
loop 23
	0.205724	0.234395	0.182875	0.223801	1.55378	0.190434	0.162128	0.156146
loop 24
	0.204525	0.237714	0.186197	0.222511	1.55353	0.193876	0.165577	0.159376
loop 25
	0.204622	0.233844	0.186623	0.222889	1.55353	0.194237	0.165892	0.155823
loop 26
	0.211632	0.242439	0.190828	0.231647	1.56319	0.198754	0.170743	0.16032
loop 27
	0.201399	0.234512	0.18295	0.22382	1.55329	0.190434	0.166545	0.156134
loop 28
	0.202302	0.235042	0.183594	0.219813	1.54774	0.191034	0.162654	0.15673
loop 29
	0.202184	0.235371	0.183745	0.220327	1.54798	0.191422	0.162977	0.156846
loop 30
	0.204031	0.23766	0.185794	0.222096	1.55231	0.1935	0.165251	0.159096
loop 31
	0.202247	0.231281	0.183881	0.220454	1.55451	0.191634	0.163163	0.157065
loop 32
	0.201772	0.234172	0.186375	0.223368	1.54798	0.190131	0.166281	0.159532
loop 33
	0.214671	0.241889	0.190253	0.231108	1.56294	0.19827	0.170316	0.163717
loop 34
	0.209323	0.239562	0.18787	0.228489	1.55762	0.19555	0.167487	0.161459
loop 35
	0.205335	0.234374	0.182693	0.223497	1.55353	0.190216	0.166348	0.156115
loop 36
	0.205084	0.238244	0.18622	0.222917	1.55329	0.194251	0.165898	0.159395
loop 37
	0.2005	0.232706	0.180884	0.217392	1.54944	0.188497	0.159993	0.154154
loop 38
	0.203804	0.237422	0.185407	0.222078	1.55256	0.193471	0.165223	0.158784
loop 39
	0.205627	0.23518	0.183177	0.219714	1.55378	0.190999	0.16261	0.156566
loop 40
	0.209848	0.240102	0.188092	0.229199	1.55836	0.196164	0.16803	0.161613
loop 41
	0.207563	0.237238	0.185438	0.221949	1.55811	0.193269	0.165049	0.15879
loop 42
	0.207456	0.237	0.185314	0.226371	1.55811	0.193146	0.164942	0.15874
loop 43
	0.204622	0.234098	0.186452	0.223377	1.55329	0.194656	0.166247	0.155635
loop 44
	0.20561	0.234565	0.183026	0.223811	1.54822	0.190533	0.16221	0.156377
loop 45
	0.202667	0.235191	0.183768	0.219831	1.54822	0.191098	0.162703	0.156998
loop 46
	0.207837	0.237108	0.185492	0.226315	1.5586	0.193103	0.164908	0.158858
loop 47
	0.211598	0.242304	0.190609	0.231558	1.56343	0.198588	0.170595	0.163973
loop 48
	0.202976	0.235499	0.183889	0.220174	1.54847	0.191408	0.162971	0.157131
loop 49
	0.204679	0.238395	0.186692	0.223046	1.55305	0.194331	0.165971	0.155915
loop 50
	0.207348	0.237206	0.185477	0.22623	1.55836	0.193139	0.164936	0.158977
loop 51
	0.208309	0.237887	0.185817	0.222502	1.55329	0.193876	0.165572	0.159039
loop 52
	0.205076	0.234438	0.182791	0.223709	1.55353	0.190385	0.166494	0.156067
loop 53
	0.201415	0.234321	0.182504	0.223516	1.55329	0.190244	0.166376	0.155848
loop 54
	0.211589	0.242327	0.190204	0.231568	1.56319	0.198641	0.170637	0.163723
loop 55
	0.208151	0.237682	0.185585	0.222069	1.5528	0.193507	0.165257	0.159002
loop 56
	0.199656	0.232436	0.180529	0.21703	1.54919	0.188173	0.164116	0.153869
loop 57
	0.209467	0.239529	0.18768	0.22846	1.55762	0.195528	0.167475	0.161318
loop 58
	0.206404	0.236914	0.185144	0.226108	1.55787	0.192857	0.164689	0.15859
loop 59
	0.20151	0.235127	0.183223	0.219849	1.55378	0.191027	0.162643	0.156517
loop 60
	0.204606	0.238125	0.186359	0.222898	1.5528	0.194165	0.165825	0.15957
loop 61
	0.209713	0.239882	0.188282	0.22464	1.55787	0.196194	0.168053	0.161632
loop 62
	0.205708	0.234416	0.182625	0.223626	1.55353	0.19035	0.166466	0.156085
loop 63
	0.2054	0.234438	0.182867	0.223894	1.55353	0.190512	0.162194	0.156158
loop 64
	0.202572	0.234979	0.183238	0.219623	1.55378	0.190865	0.162511	0.156468
loop 65
	0.207605	0.236827	0.185167	0.226079	1.55885	0.192893	0.164722	0.15854
loop 66
	0.20734	0.237271	0.185546	0.226493	1.5586	0.193233	0.165015	0.158908
loop 67
	0.205764	0.234767	0.183298	0.219587	1.55402	0.190766	0.162407	0.156462
loop 68
	0.212757	0.243338	0.191589	0.227749	1.56392	0.199458	0.171354	0.161011
loop 69
	0.202405	0.235499	0.18373	0.220219	1.55378	0.19138	0.162944	0.156852
loop 70
	0.20269	0.23552	0.18351	0.219984	1.54798	0.191295	0.162873	0.156791
loop 71
	0.204598	0.233971	0.186313	0.22311	1.55353	0.194381	0.166011	0.159545
loop 72
	0.205068	0.233791	0.186096	0.222852	1.55305	0.194222	0.165876	0.159408
loop 73
	0.199261	0.231583	0.184048	0.22067	1.54847	0.191874	0.163371	0.157284
loop 74
	0.201993	0.234798	0.182905	0.22394	1.55353	0.19066	0.162331	0.156286
loop 75
	0.212342	0.243125	0.191225	0.227913	1.56368	0.199451	0.171342	0.160544
loop 76
	0.206628	0.23713	0.18512	0.226324	1.5586	0.193088	0.164886	0.158627
loop 77
	0.204136	0.238147	0.186197	0.222806	1.5528	0.194085	0.165752	0.159557
loop 78
	0.207207	0.237335	0.185593	0.221967	1.55836	0.193298	0.165071	0.158989
loop 79
	0.199571	0.231926	0.180322	0.216756	1.54847	0.187911	0.16388	0.15362
loop 80
	0.199695	0.232415	0.180559	0.21718	1.54871	0.188276	0.159795	0.153757
loop 81
	0.203126	0.231427	0.184419	0.220905	1.54871	0.192008	0.163481	0.153437
loop 82
	0.214609	0.24581	0.189937	0.230353	1.56245	0.202134	0.169706	0.163605
loop 83
	0.207282	0.237173	0.185508	0.226362	1.5586	0.193146	0.164942	0.158865
loop 84
	0.210804	0.23687	0.185035	0.225919	1.5586	0.19277	0.164616	0.158596
loop 85
	0.204355	0.233812	0.186646	0.223221	1.55305	0.19441	0.166027	0.155756
loop 86
	0.207596	0.237195	0.185569	0.226183	1.55256	0.193059	0.164869	0.159133
loop 87
	0.201732	0.234809	0.182965	0.219425	1.55402	0.190667	0.162336	0.156243
loop 88
	0.202944	0.23125	0.183806	0.220309	1.54847	0.191549	0.163092	0.157101
loop 89
	0.209848	0.239606	0.187965	0.228863	1.5586	0.195876	0.167781	0.161389
loop 90
	0.207265	0.236589	0.18886	0.225816	1.5586	0.197288	0.164582	0.158122
loop 91
	0.206561	0.236741	0.189074	0.225722	1.5586	0.19717	0.168896	0.158415
loop 92
	0.210424	0.240731	0.188591	0.225346	1.55811	0.196785	0.168561	0.157916
loop 93
	0.210187	0.237108	0.184834	0.226032	1.55811	0.192886	0.164706	0.158509
loop 94
	0.207861	0.237692	0.185856	0.222115	1.5586	0.193587	0.165319	0.159401
loop 95
	0.204306	0.237671	0.185895	0.222336	1.55256	0.193673	0.165397	0.159252
loop 96
	0.20912	0.23954	0.187799	0.2287	1.56417	0.195757	0.167672	0.161408
loop 97
	0.203047	0.231281	0.183859	0.220291	1.54847	0.191521	0.163075	0.157156
loop 98
	0.204525	0.23819	0.186189	0.222732	1.5528	0.194129	0.165791	0.155604
loop 99
	0.20923	0.239628	0.187847	0.228681	1.55738	0.195639	0.167568	0.161466

work load:twolf
