9.2124e-05
0.000110717
0.000134469
9.3058e-05
9.1183e-05
9.6411e-05
0.000115041
9.3249e-05
9.231e-05
9.0945e-05
7.026e-05
0.000138521
7.1755e-05
0.000114321
9.2846e-05
0.000113012
9.0246e-05
9.0646e-05
0.000115672
9.0688e-05
0.00012976
8.8474e-05
9.5012e-05
5.7092e-05
8.2585e-05
7.8207e-05
9.3392e-05
8.0675e-05
7.048e-05
9.2453e-05
7.3851e-05
7.9978e-05
7.348e-05
9.5118e-05
7.8372e-05
8.2305e-05
0.000115854
9.614e-05
7.9987e-05
8.3441e-05
0.000111507
5.7448e-05
5.8022e-05
9.1917e-05
7.2329e-05
9.3846e-05
5.7747e-05
8.0595e-05
9.2008e-05
9.3301e-05
8.0517e-05
6.6088e-05
0.000118217
0.000104215
0.000103411
0.000115669
9.8736e-05
0.000117154
0.000111353
7.0587e-05
0.00011314
0.00011488
0.000112399
9.3004e-05
0.000111466
9.2571e-05
9.0184e-05
9.3547e-05
9.1488e-05
0.000112461
8.9087e-05
8.0708e-05
0.000111738
0.000109729
0.000118808
0.000118272
9.2272e-05
9.6369e-05
0.000121945
9.0546e-05
0.00013171
0.000112124
0.000128034
7.3328e-05
0.000120787
9.1939e-05
9.2722e-05
0.000109123
0.000132704
9.4275e-05
0.000130959
9.0694e-05
0.000114148
9.5063e-05
0.000110169
7.0878e-05
0.000111876
6.9866e-05
0.000117109
9.3248e-05
9.1824e-05
7.0988e-05
7.1476e-05
9.148e-05
9.2872e-05
0.000113243
7.057e-05
0.000140777
9.4104e-05
0.000113696
9.6589e-05
9.3715e-05
9.326e-05
9.0397e-05
9.2615e-05
8.9222e-05
0.000145087
0.000112815
0.000139763
0.000115336
9.2473e-05
9.4699e-05
9.6198e-05
0.000112807
0.000108192
0.000116669
0.000104494
