loop 0
	0.129595	0.105026	0.0664403	0.187458
	0.0660787	0.060235	0.0459926	0.0999353
	0.0335165	0.0357997	0.023006	0.0501708
	0.0446269	0.0390306	0.0390306	0.068591
loop 1
	0.120645	0.099386	0.0613678	0.175926
	0.0659423	0.0597217	0.0445254	0.103392
	0.0387936	0.0381137	0.0274271	0.057033
	0.0394217	0.0337275	0.0304085	0.0600507
loop 2
	0.120446	0.0991707	0.0611932	0.175646
	0.0644283	0.0644283	0.04361	0.106275
	0.0394995	0.0389644	0.0280519	0.059094
	0.0410231	0.0410231	0.0308529	0.06203
loop 3
	0.120645	0.099386	0.0613678	0.175926
	0.0586319	0.0539065	0.0417028	0.0875913
	0.0875913	0.0434786	0.0310834	0.0666289
	0.0325395	0.0288157	0.0253682	0.0253682
loop 4
	0.120467	0.0991808	0.0611985	0.175676
	0.0424608	0.0395392	0.0285044	0.0623315
	0.0489895	0.0456972	0.0336081	0.0732585
	0.0348406	0.0309587	0.0258653	0.0517599
loop 5
	0.120645	0.099386	0.0613678	0.175926
	0.0351875	0.0375324	0.0224688	0.0507997
	0.044002	0.0423458	0.0310867	0.0666455
	0.0322992	0.0283995	0.0243428	0.0482112
loop 6
	0.127572	0.10573	0.0676904	0.0676904
	0.0339669	0.0363588	0.0225808	0.0494959
	0.0305375	0.0325736	0.0217701	0.0441873
	0.0332929	0.0304524	0.025411	0.025411
loop 7
	0.115811	0.120604	0.0738163	0.170243
	0.0325496	0.0360519	0.0212701	0.0483027
	0.030635	0.0326426	0.0208505	0.0443267
	0.0355738	0.0295056	0.0265996	0.0540574
loop 8
	0.115817	0.12062	0.0738163	0.170253
	0.0357325	0.0367819	0.0239304	0.0511701
	0.03073	0.0315447	0.0208858	0.0444573
	0.0393163	0.0332364	0.0290908	0.0603095
loop 9
	0.115823	0.120627	0.0738163	0.170264
	0.0676361	0.0619675	0.0454617	0.10275
	0.030585	0.0325987	0.0218034	0.0442526
	0.0442526	0.0342394	0.0311214	0.0311214
loop 10
	0.115847	0.120642	0.0738317	0.170296
	0.0926911	0.0834592	0.0618868	0.181314
	0.0304475	0.0324576	0.0217054	0.0454691
	0.0454691	0.035728	0.0315903	0.065157
loop 11
	0.115847	0.120642	0.0738356	0.170306
	0.0848238	0.0773236	0.058347	0.173174
	0.0305625	0.0325768	0.0217942	0.0442308
	0.0442308	0.0276087	0.0245198	0.049824
loop 12
	0.115829	0.120604	0.0738317	0.170274
	0.0946417	0.0851576	0.0648319	0.184577
	0.0295827	0.0327085	0.0209404	0.0445575
	0.0420305	0.0374082	0.0300708	0.0626789
loop 13
	0.115823	0.120604	0.0738279	0.170274
	0.0933587	0.0839779	0.0626778	0.189324
	0.0305225	0.0325548	0.021772	0.0455185
	0.0410248	0.0420273	0.0285802	0.0618085
loop 14
	0.115805	0.120597	0.0738163	0.170264
	0.082495	0.082495	0.0548342	0.167557
	0.03042	0.032489	0.0216962	0.0454152
	0.0454152	0.0366308	0.024225	0.0505641
loop 15
	0.115799	0.120589	0.0738086	0.170264
	0.101239	0.0891044	0.0891044	0.190766
	0.190766	0.0325611	0.0218219	0.0442482
	0.0346694	0.0346523	0.0246521	0.0533004
loop 16
	0.115823	0.120627	0.0738202	0.170243
	0.103188	0.0920872	0.0703918	0.194659
	0.030495	0.0325109	0.0217609	0.0217609
	0.0579847	0.0513216	0.0395925	0.0898276
loop 17
	0.115841	0.120642	0.0738317	0.0738317
	0.0969252	0.0875505	0.0650141	0.185183
	0.0306875	0.032605	0.0208822	0.0444051
	0.0568391	0.0563817	0.0391333	0.0871382
loop 18
	0.115841	0.120642	0.0738317	0.170274
	0.124453	0.10964	0.0834518	0.214385
	0.214385	0.03242	0.0216999	0.0454242
	0.0578013	0.0555431	0.0402517	0.0879968
loop 19
	0.115841	0.120635	0.0738279	0.170285
	0.131608	0.114906	0.0885962	0.218238
	0.218238	0.0315659	0.0209263	0.0445314
	0.0608993	0.0584017	0.04176	0.0942546
loop 20
	0.115811	0.120597	0.0738202	0.170285
	0.130316	0.115422	0.0890802	0.214773
	0.0297844	0.0317443	0.0210498	0.0434964
	0.0504569	0.0526271	0.0351171	0.0757176
loop 21
	0.115811	0.120597	0.0738163	0.170243
	0.128829	0.113937	0.0866363	0.21758
	0.0306175	0.032652	0.0208452	0.0443005
	0.0577926	0.0554989	0.0402457	0.0879968
loop 22
	0.115799	0.120589	0.0738086	0.170253
	0.10904	0.0977982	0.07426	0.2023
	0.0305575	0.0325548	0.0217923	0.0442134
	0.0621088	0.058364	0.0427449	0.0941548
loop 23
	0.115835	0.12062	0.0738356	0.0738356
	0.112926	0.100094	0.0756812	0.19947
	0.0314903	0.0323729	0.0216019	0.0451953
	0.0513368	0.0524608	0.0349029	0.0766293
loop 24
	0.115835	0.120627	0.0738279	0.170306
	0.170306	0.113969	0.0881364	0.219633
	0.0296259	0.0316475	0.0209369	0.0432725
	0.0432725	0.0555078	0.0402517	0.0879968
loop 25
	0.115841	0.120642	0.0738317	0.170296
	0.131447	0.114672	0.088896	0.214729
	0.0296548	0.0296548	0.020944	0.0433147
	0.0611482	0.0585334	0.0418944	0.093143
loop 26
	0.115817	0.12062	0.0738163	0.170243
	0.129082	0.112598	0.0867788	0.212721
	0.0305	0.032558	0.0217221	0.0441393
	0.0512886	0.0524925	0.0348791	0.0765446
loop 27
	0.115817	0.12062	0.0738163	0.170253
	0.11039	0.0978386	0.0752732	0.204512
	0.0303575	0.0324262	0.021613	0.0453344
	0.0577407	0.0554547	0.0402092	0.08792
loop 28
	0.115823	0.120627	0.0738163	0.0738163
	0.128018	0.113187	0.0861967	0.215919
	0.0296596	0.0316234	0.0210004	0.0446708
	0.0612219	0.0612219	0.0419264	0.0932413
loop 29
	0.115835	0.120612	0.120612	0.170296
	0.133304	0.116709	0.0888837	0.217099
	0.0306175	0.0325736	0.0218478	0.0443092
	0.0443092	0.0524212	0.0348505	0.0764478
loop 30
	0.115835	0.120612	0.0738356	0.170306
	0.123887	0.10901	0.0826745	0.211236
	0.0295635	0.0315598	0.0209352	0.044527
	0.0587682	0.0553664	0.040051	0.0890313
loop 31
	0.115829	0.120604	0.0738317	0.170274
	0.12358	0.109189	0.0840242	0.205757
	0.03036	0.0324419	0.0216407	0.0453254
	0.0601155	0.0586181	0.0420288	0.0920321
loop 32
	0.115823	0.120604	0.0738279	0.170274
	0.111433	0.0986429	0.0762925	0.203137
	0.03065	0.0315266	0.0208275	0.0443484
	0.0510337	0.0535248	0.0357651	0.0775977
loop 33
	0.115817	0.120627	0.0738163	0.170264
	0.134136	0.11903	0.0908687	0.218334
	0.0296067	0.0315901	0.0209845	0.0445967
	0.0586269	0.0564875	0.0399597	0.0902551
loop 34
	0.115805	0.120612	0.0738086	0.170264
	0.108261	0.0972331	0.07374	0.20457
	0.0304675	0.0325391	0.0217701	0.0454377
	0.0603682	0.0575355	0.0411344	0.0909377
loop 35
	0.115823	0.120627	0.0738202	0.170243
	0.116965	0.102285	0.0776367	0.207857
	0.0314305	0.0322945	0.0215593	0.0451145
	0.0510544	0.0535005	0.0357994	0.0776223
loop 36
	0.0776223	0.120642	0.0738317	0.170274
	0.135909	0.118784	0.0923837	0.228125
	0.0305425	0.0325736	0.0217646	0.044196
	0.0596913	0.0563792	0.0408536	0.0408536
loop 37
	0.115835	0.120612	0.0738317	0.170274
	0.134967	0.11957	0.0913956	0.23104
	0.23104	0.0315296	0.0208505	0.0443876
	0.0603412	0.0575355	0.042144	0.0923385
loop 38
	0.115829	0.120612	0.0738279	0.170285
	0.145719	0.126794	0.098465	0.232895
	0.0306	0.0325485	0.0218367	0.0442787
	0.0511439	0.0523499	0.0348553	0.076351
loop 39
	0.115811	0.120597	0.0738202	0.170285
	0.10498	0.0939546	0.0703457	0.19127
	0.0306625	0.0326332	0.0208628	0.0443571
	0.0585562	0.0564153	0.0409347	0.0901598
loop 40
	0.115811	0.120597	0.0738163	0.170243
	0.126405	0.111814	0.0864343	0.216765
	0.03054	0.0325297	0.0217849	0.0442395
	0.0593868	0.0576737	0.0413029	0.0913505
loop 41
	0.115811	0.120612	0.0738086	0.170253
	0.130544	0.130544	0.0881001	0.227034
	0.030625	0.0326207	0.0208505	0.0443136
	0.0505787	0.0540756	0.0357884	0.0762359
loop 42
	0.115847	0.120642	0.0738356	0.170285
	0.136555	0.11962	0.0928051	0.235164
	0.0307275	0.0326614	0.0208981	0.0444573
	0.0509921	0.0546021	0.0361027	0.0768074
loop 43
	0.115841	0.120635	0.0738317	0.170296
	0.139641	0.122718	0.0942281	0.235876
	0.235876	0.0325015	0.0217516	0.0454466
	0.0528706	0.0547954	0.0369102	0.07983
loop 44
	0.115841	0.120642	0.0738317	0.170296
	0.112962	0.0998091	0.07653	0.195265
	0.030575	0.0325454	0.0217831	0.0442787
	0.0525691	0.0540335	0.0368997	0.0804712
loop 45
	0.115811	0.120612	0.0738163	0.170243
	0.139626	0.120914	0.0937272	0.227794
	0.0307025	0.0326301	0.0208928	0.0444181
	0.053902	0.0552699	0.038065	0.0820082
loop 46
	0.115811	0.120597	0.0738163	0.170253
	0.146667	0.129463	0.0994174	0.236256
	0.0297268	0.0316869	0.0210357	0.0434161
	0.0542773	0.0559504	0.0384799	0.0822162
loop 47
	0.115811	0.120597	0.0738163	0.170264
	0.156174	0.136907	0.107023	0.247305
	0.0295539	0.0315689	0.0209281	0.0445227
	0.0558747	0.0566829	0.0389081	0.0852067
loop 48
	0.115835	0.120612	0.0738317	0.170296
	0.134419	0.11729	0.0895244	0.232682
	0.030335	0.0323823	0.0216573	0.0452985
	0.0563104	0.0572043	0.0391837	0.0858157
loop 49
	0.115835	0.120612	0.0738356	0.170306
	0.122848	0.108036	0.0817063	0.216549
	0.030575	0.0325768	0.0218182	0.0442526
	0.0442526	0.0567094	0.0388519	0.0851359
loop 50
	0.115841	0.120635	0.0738317	0.170274
	0.137544	0.12083	0.0936752	0.227727
	0.03071	0.0315508	0.0315508	0.0444312
	0.0558114	0.0547875	0.0387844	0.0387844
loop 51
	0.115835	0.120635	0.0738279	0.170274
	0.142868	0.125749	0.0980406	0.234202
	0.0295203	0.0315901	0.0208611	0.044466
	0.0560332	0.0550414	0.0388969	0.0840035
loop 52
	0.115817	0.120627	0.0738163	0.170264
	0.103651	0.094259	0.0713336	0.189178
	0.030575	0.0325705	0.0218053	0.0442526
	0.0555709	0.0556508	0.0394481	0.0851035
loop 53
	0.115805	0.120612	0.0738086	0.170264
	0.110972	0.0995344	0.0757083	0.198524
	0.0303425	0.0323604	0.021661	0.0453075
	0.055748	0.055748	0.0397562	0.0850226
loop 54
	0.115811	0.120597	0.0738202	0.170243
	0.170243	0.101806	0.07743	0.203143
	0.203143	0.0326458	0.0208858	0.0208858
	0.0550134	0.0542902	0.0390712	0.0829143
loop 55
	0.115835	0.120612	0.0738317	0.170274
	0.170274	0.10365	0.0783005	0.191855
	0.03062	0.0326238	0.0208434	0.0443049
	0.0560807	0.0542074	0.0389475	0.0840592
loop 56
	0.115835	0.120612	0.0738317	0.170274
	0.101664	0.0922856	0.0695899	0.190301
	0.0305575	0.0325485	0.0218182	0.0455678
	0.0549127	0.0542571	0.0389981	0.0841845
loop 57
	0.115829	0.120612	0.0738279	0.170285
	0.104517	0.0934441	0.0704494	0.191049
	0.0303425	0.0324043	0.0216536	0.045312
	0.0556561	0.0535653	0.0384032	0.0838041
loop 58
	0.115823	0.120627	0.0738202	0.170285
	0.10941	0.0963009	0.0743029	0.199719
	0.0306475	0.032652	0.0208452	0.0443528
	0.0545498	0.0527063	0.0527063	0.0825795
loop 59
	0.115823	0.120627	0.0738163	0.170243
	0.111935	0.100867	0.07682	0.194352
	0.0305875	0.0325987	0.0218108	0.0442613
	0.054459	0.0536139	0.0383813	0.0824718
loop 60
	0.115811	0.120612	0.0738086	0.170253
	0.10746	0.0949079	0.0723928	0.178767
	0.030545	0.0325893	0.0217812	0.0442047
	0.0543908	0.0524845	0.0383046	0.0823642
loop 61
	0.115847	0.120642	0.0738356	0.170285
	0.105434	0.0945131	0.0713426	0.188773
	0.0314227	0.0323102	0.0215612	0.0451055
	0.0517088	0.0524733	0.0369203	0.0785341
loop 62
	0.115835	0.120627	0.0738317	0.170306
	0.111757	0.098781	0.0750264	0.196318
	0.0307075	0.032674	0.0208805	0.0444312
	0.0522991	0.0519545	0.0364666	0.0776223
loop 63
	0.120294	0.122696	0.0755507	0.177459
	0.125583	0.110759	0.0856021	0.210933
	0.03071	0.0315538	0.0208893	0.0444399
	0.0528777	0.0524811	0.0368548	0.0784108
loop 64
	0.115811	0.120612	0.0738125	0.170253
	0.128592	0.11375	0.0865887	0.223005
	0.030355	0.0324137	0.0216703	0.0452805
	0.0485564	0.0528838	0.0338897	0.0716107
loop 65
	0.115847	0.120642	0.0738356	0.170285
	0.127437	0.111183	0.0854038	0.210539
	0.0306775	0.0326583	0.0208628	0.044392
	0.0471668	0.052052	0.0325837	0.0703563
loop 66
	0.115841	0.120635	0.0738317	0.170296
	0.105012	0.0942348	0.0709997	0.186231
	0.0304075	0.0324545	0.0216851	0.0454017
	0.0459717	0.0516781	0.0322201	0.0689725
loop 67
	0.115841	0.120635	0.0738317	0.170296
	0.126784	0.112172	0.0855788	0.215831
	0.03065	0.0326175	0.0208328	0.0443484
	0.0509765	0.0526521	0.0526521	0.077652
loop 68
	0.115817	0.120627	0.0738163	0.170243
	0.149068	0.129786	0.101322	0.240027
	0.030605	0.0326113	0.0208328	0.0442787
	0.0461065	0.0483392	0.0316285	0.0316285
loop 69
	0.115805	0.120612	0.0738086	0.170243
	0.154089	0.13282	0.103629	0.245697
	0.03063	0.0326583	0.0208187	0.0443179
	0.0512545	0.0517942	0.0353412	0.0772273
loop 70
	0.115823	0.120627	0.0738202	0.170264
	0.135643	0.120245	0.0915974	0.210646
	0.0304	0.0324231	0.0216758	0.0453838
	0.0453838	0.049893	0.0346596	0.0761816
loop 71
	0.115847	0.120642	0.0738356	0.170306
	0.135707	0.118596	0.0920183	0.204851
	0.03067	0.0326426	0.0208611	0.0443702
	0.0541875	0.0540925	0.0380713	0.0828235
loop 72
	0.115841	0.120635	0.0738356	0.170296
	0.130316	0.114118	0.0887035	0.197984
	0.03056	0.0326019	0.0217923	0.0442308
	0.0507776	0.0504504	0.0360256	0.0770403
loop 73
	0.115841	0.120635	0.120635	0.170264
	0.126514	0.111237	0.0855404	0.192947
	0.0305875	0.0326301	0.0217868	0.0442657
	0.0545011	0.0536093	0.0384381	0.0814849
loop 74
	0.115817	0.12062	0.0738163	0.170264
	0.128037	0.114619	0.0867551	0.194967
	0.0304275	0.0324858	0.0216703	0.0454242
	0.0520353	0.0517021	0.0360302	0.078522
loop 75
	0.115817	0.120627	0.0738125	0.0738125
	0.127065	0.111798	0.085848	0.191942
	0.030715	0.0315477	0.0208822	0.0444443
	0.0537757	0.0527212	0.0377136	0.0808022
loop 76
	0.115805	0.115805	0.0738086	0.170264
	0.127885	0.114633	0.0866686	0.194841
	0.0304175	0.0324482	0.0217091	0.0453658
	0.0453658	0.0499315	0.0346302	0.0757528
loop 77
	0.115853	0.12065	0.0738394	0.170317
	0.170317	0.113091	0.0870364	0.193296
	0.030555	0.0325485	0.0217794	0.0442134
	0.0502573	0.050221	0.0356075	0.0758277
loop 78
	0.115841	0.120635	0.0738317	0.170274
	0.126291	0.112896	0.0853918	0.192947
	0.0295731	0.0315628	0.020914	0.0445401
	0.0484722	0.0487679	0.0336568	0.0723659
loop 79
	0.115841	0.120642	0.0738317	0.170274
	0.129543	0.114279	0.0880567	0.196864
	0.030375	0.0324325	0.0216499	0.0453524
	0.0461813	0.0480396	0.0328827	0.06947
loop 80
	0.115835	0.120635	0.0738279	0.170274
	0.125708	0.112222	0.0846782	0.190478
	0.0307975	0.0326834	0.0209704	0.0445488
	0.0428585	0.0455406	0.0305144	0.0640979
loop 81
	0.115823	0.120627	0.0738163	0.170285
	0.132727	0.117446	0.0898361	0.200648
	0.0306825	0.0326395	0.0208769	0.044392
	0.0463318	0.0487547	0.0487547	0.0700069
loop 82
	0.115823	0.120627	0.0738163	0.170243
	0.108405	0.0961284	0.0737101	0.16244
	0.0295515	0.0315628	0.0208981	0.0445183
	0.0444969	0.0464939	0.0309744	0.0657929
loop 83
	0.115811	0.115811	0.0738125	0.170253
	0.108821	0.0958151	0.0741511	0.164706
	0.0303925	0.0324419	0.0216721	0.0453748
	0.0453942	0.0471327	0.0314712	0.0670034
loop 84
	0.115847	0.120642	0.0738356	0.170285
	0.0945021	0.0836578	0.0641064	0.14144
	0.0296283	0.0316143	0.0209722	0.0446229
	0.0459327	0.0461834	0.0316861	0.0680155
loop 85
	0.115841	0.120635	0.0738317	0.170296
	0.137237	0.120406	0.0919479	0.207838
	0.0296524	0.0316143	0.0209863	0.0446751
	0.0488707	0.0489779	0.0336691	0.0728351
loop 86
	0.115841	0.120635	0.0738317	0.170296
	0.128258	0.113595	0.0867834	0.196673
	0.03048	0.0325109	0.0217701	0.0454601
	0.0454601	0.0512691	0.0355742	0.0782749
loop 87
	0.115817	0.120627	0.0738163	0.170243
	0.132226	0.115966	0.0902418	0.200419
	0.03042	0.0324482	0.0217036	0.0454197
	0.0479639	0.0485186	0.0333865	0.0731193
loop 88
	0.115805	0.120612	0.0738086	0.170243
	0.125813	0.11103	0.0853923	0.1912
	0.0306175	0.0326395	0.0208346	0.0443049
	0.0543088	0.0536965	0.0382889	0.0826695
loop 89
	0.115823	0.120627	0.0738202	0.170264
	0.123731	0.109034	0.0834297	0.189181
	0.0296668	0.0316385	0.021011	0.0446838
	0.0497732	0.0500899	0.0341	0.075063
loop 90
	0.115847	0.120642	0.0738356	0.0738356
	0.123614	0.110333	0.0833881	0.189304
	0.0295467	0.031578	0.020914	0.044514
	0.0573718	0.0547398	0.0398644	0.085925
loop 91
	0.115841	0.120635	0.0738356	0.170296
	0.124467	0.108651	0.0845051	0.187492
	0.0306575	0.0326301	0.0208452	0.0443484
	0.0517532	0.0512325	0.0349379	0.0781605
loop 92
	0.115841	0.120635	0.0738317	0.170264
	0.116236	0.102731	0.0781565	0.174768
	0.0304625	0.0324858	0.0216906	0.0454825
	0.0602298	0.056548	0.0424967	0.0918482
loop 93
	0.115817	0.12062	0.0738163	0.170264
	0.113558	0.101378	0.0769767	0.17077
	0.0295635	0.031578	0.0209369	0.044527
	0.0518122	0.0513336	0.0359377	0.0782421
loop 94
	0.115817	0.120627	0.0738125	0.170264
	0.117356	0.103567	0.0788143	0.179098
	0.0305375	0.0325454	0.0217757	0.0441916
	0.0508928	0.050775	0.0350815	0.0771205
loop 95
	0.115805	0.120612	0.0738086	0.170264
	0.0839995	0.0753562	0.0572901	0.126109
	0.0306975	0.032652	0.0208664	0.0444138
	0.0521373	0.0519957	0.035741	0.0781342
loop 96
	0.115853	0.12065	0.0738394	0.170317
	0.0831967	0.0746917	0.0564799	0.0564799
	0.030435	0.0324137	0.0217128	0.0454332
	0.0537517	0.0527853	0.0372929	0.0806126
loop 97
	0.115841	0.120635	0.0738317	0.170274
	0.0838341	0.0752729	0.0571662	0.125865
	0.030685	0.0315387	0.0208681	0.0444007
	0.0337457	0.0337961	0.0243793	0.0501195
loop 98
	0.115841	0.120642	0.0738317	0.170274
	0.0890045	0.0799302	0.0608877	0.133276
	0.0307225	0.0326677	0.0209034	0.044453
	0.0309791	0.0319321	0.0229252	0.0469928
loop 99
	0.115835	0.120635	0.0738279	0.170274
	0.113148	0.0989136	0.0773374	0.17611
	0.030675	0.0326552	0.0208328	0.0443876
	0.0313693	0.0321397	0.02231	0.046347
loop 100
	0.115823	0.120627	0.0738163	0.170285
	0.19159	0.158455	0.125204	0.308742
	0.0314695	0.0323416	0.0215926	0.0451773
	0.032346	0.0332349	0.0233193	0.0483008
loop 101
	0.115823	0.120627	0.0738163	0.170243
	0.140839	0.119501	0.0931794	0.236143
	0.0307225	0.0326803	0.0209052	0.0444573
	0.148396	0.113475	0.0942752	0.219177
loop 102
	0.115811	0.120612	0.0738125	0.170253
	0.0965975	0.0826847	0.0650771	0.151171
	0.03067	0.0326552	0.0208558	0.0443833
	0.175696	0.13341	0.10916	0.259259
loop 103
	0.115847	0.120642	0.0738356	0.170285
	0.147819	0.125017	0.097125	0.236828
	0.0306575	0.0326238	0.0208681	0.0443528
	0.0968728	0.0728728	0.0607773	0.0607773
loop 104
	0.115841	0.120635	0.0738317	0.170296
	0.179417	0.152679	0.120679	0.297976
	0.177162	0.153703	0.123578	0.242913
	0.0571928	0.042588	0.0361326	0.0827241
loop 105
	0.115841	0.120635	0.0738317	0.170296
	0.144197	0.127093	0.0979832	0.223707
	0.232827	0.204601	0.162816	0.319882
	0.0854843	0.0695687	0.0571943	0.135604
loop 106
	0.115817	0.120627	0.0738163	0.170243
	0.146532	0.12763	0.0984331	0.230551
	0.0408926	0.040392	0.0276538	0.060978
	0.0822701	0.0722844	0.0555073	0.120557
loop 107
	0.115805	0.120612	0.0738086	0.170243
	0.126339	0.111148	0.0857285	0.216497
	0.0394277	0.038142	0.0262475	0.0582026
	0.0507243	0.0531098	0.0347834	0.0679169
loop 108
	0.115823	0.120627	0.0738202	0.170264
	0.0953129	0.084062	0.0639145	0.150443
	0.0411228	0.039657	0.0277512	0.059893
	0.048891	0.0510245	0.0348806	0.0683563
loop 109
	0.115847	0.120642	0.0738356	0.170306
	0.0756931	0.0697591	0.0501992	0.116813
	0.0384948	0.0381133	0.0265025	0.0572864
	0.048878	0.0510245	0.0348644	0.0683774
loop 110
	0.115841	0.120635	0.0738356	0.170296
	0.0876641	0.0755643	0.0571443	0.14114
	0.0393198	0.0379986	0.0262075	0.0580845
	0.0712643	0.0669971	0.0490565	0.108804
loop 111
	0.115841	0.120635	0.0738317	0.170264
	0.105271	0.0891194	0.0686822	0.176259
	0.0400007	0.0388066	0.0268033	0.0586333
	0.0482514	0.0474369	0.0342705	0.112821
loop 112
	0.115817	0.12062	0.0738163	0.170264
	0.131571	0.111562	0.0870958	0.246346
	0.0411784	0.0395438	0.0278269	0.0600859
	0.0719185	0.0664977	0.0500512	0.133057
loop 113
	0.115817	0.120627	0.0738125	0.170264
	0.124813	0.108311	0.0828206	0.231868
	0.0417546	0.0393739	0.0274348	0.0617954
	0.0922102	0.0821475	0.0617046	0.147318
loop 114
	0.115805	0.120612	0.0738086	0.170264
	0.126056	0.107745	0.0823936	0.233284
	0.038376	0.0388954	0.0265175	0.05712
	0.0920477	0.0841052	0.0620991	0.183677
loop 115
	0.115853	0.12065	0.0738394	0.170317
	0.117174	0.100737	0.07803	0.22826
	0.0420618	0.0414264	0.02757	0.0608509
	0.10211	0.0917298	0.0696545	0.196797
loop 116
	0.115841	0.120635	0.0738317	0.170274
	0.116395	0.0998743	0.076536	0.225586
	0.039993	0.0386038	0.0268059	0.0586198
	0.0739044	0.0692374	0.0506786	0.150741
loop 117
	0.115841	0.120642	0.0738317	0.170274
	0.143004	0.120783	0.0952618	0.27371
	0.0427105	0.0410519	0.0281939	0.0627477
	0.109829	0.0995414	0.0754884	0.193643
loop 118
	0.115835	0.120635	0.0738279	0.170274
	0.126638	0.108222	0.0827644	0.232949
	0.0414556	0.0410981	0.0282529	0.0613403
	0.0924528	0.0861018	0.0644687	0.184557
loop 119
	0.115823	0.120627	0.0738163	0.170285
	0.119226	0.102467	0.0796948	0.222624
	0.222624	0.0435694	0.0300209	0.0676806
	0.100041	0.090868	0.0688731	0.0688731
loop 120
	0.115823	0.120627	0.0738163	0.170243
	0.106832	0.0937751	0.0707379	0.20897
	0.0446493	0.0424683	0.0300931	0.0657801
	0.100567	0.0917419	0.0694979	0.194834
loop 121
	0.115811	0.120612	0.0738125	0.170253
	0.126494	0.106357	0.0821351	0.219016
	0.0413901	0.0400868	0.0281574	0.0612752
	0.105418	0.0963311	0.0720399	0.196033
loop 122
	0.115847	0.120642	0.0738356	0.170285
	0.0919891	0.0782111	0.0597597	0.143245
	0.0416317	0.04019	0.0272212	0.0616726
	0.102252	0.0915974	0.0687163	0.192947
loop 123
	0.115841	0.120635	0.0738317	0.170296
	0.128049	0.109469	0.0848897	0.227014
	0.0401275	0.0386925	0.0268735	0.0588283
	0.107585	0.0982319	0.073202	0.207583
loop 124
	0.115841	0.120635	0.0738317	0.170296
	0.122674	0.106042	0.0808496	0.224228
	0.0401275	0.0386334	0.0268527	0.0588417
	0.114316	0.10493	0.07822	0.21508
loop 125
	0.115817	0.120627	0.0738163	0.170243
	0.11672	0.10201	0.0773542	0.214771
	0.0404005	0.0401451	0.027278	0.0602441
	0.106466	0.0969616	0.0733176	0.201906
loop 126
	0.115805	0.120612	0.0738086	0.170243
	0.0952813	0.0840339	0.0636092	0.177046
	0.0438351	0.04263	0.0292578	0.0651819
	0.0945021	0.08616	0.0650478	0.193437
loop 127
	0.115823	0.120627	0.0738202	0.170264
	0.126157	0.109278	0.0836295	0.233789
	0.0422247	0.0400194	0.0278484	0.062045
	0.103987	0.0944084	0.0707056	0.208154
loop 128
	0.115847	0.120642	0.0738356	0.170306
	0.115946	0.101299	0.0783421	0.209484
	0.0422542	0.0400868	0.0278456	0.0278456
	0.0784542	0.0744852	0.0536456	0.152268
loop 129
	0.115841	0.120635	0.0738356	0.170296
	0.104093	0.0910916	0.0683617	0.194626
	0.0405473	0.0393521	0.0273753	0.0604417
	0.103395	0.0935803	0.070498	0.191383
loop 130
	0.115841	0.120635	0.0738317	0.170264
	0.0695334	0.0632298	0.0470178	0.110347
	0.0447002	0.0431862	0.0301276	0.0673659
	0.0925537	0.0858618	0.0638127	0.201856
loop 131
	0.115817	0.12062	0.0738163	0.170264
	0.0541406	0.0511969	0.0362143	0.0855937
	0.0437678	0.0424977	0.0293244	0.0649284
	0.124785	0.111868	0.0842363	0.22882
loop 132
	0.115817	0.120627	0.0738125	0.170264
	0.0925218	0.0813697	0.0604993	0.160576
	0.0422247	0.0407976	0.0278709	0.0620524
	0.0649219	0.064011	0.0456261	0.155238
loop 133
	0.115805	0.120612	0.0738086	0.170264
	0.109026	0.0959606	0.0732037	0.198727
	0.0488229	0.0460477	0.0333756	0.0757948
	0.08932	0.08234	0.0614848	0.194468
loop 134
	0.115853	0.12065	0.0738394	0.170317
	0.109872	0.0954052	0.0725862	0.199555
	0.0423092	0.0399341	0.0279187	0.062193
	0.08991	0.0848825	0.061911	0.205475
loop 135
	0.115841	0.120635	0.0738317	0.170274
	0.103393	0.0907442	0.0699218	0.194573
	0.0434356	0.0414017	0.0290763	0.0659016
	0.09042	0.0851069	0.0622867	0.197639
loop 136
	0.115841	0.120642	0.0738317	0.170274
	0.106213	0.091797	0.0708498	0.203398
	0.0435209	0.0414588	0.0291277	0.0645482
	0.09344	0.08653	0.063934	0.193748
loop 137
	0.115835	0.120635	0.0738279	0.170274
	0.10713	0.0937755	0.0700692	0.197482
	0.0438934	0.0416968	0.0293849	0.0636944
	0.0745205	0.0718211	0.0517387	0.149802
loop 138
	0.115823	0.120627	0.0738163	0.170285
	0.0924336	0.0827714	0.0616873	0.17103
	0.0434894	0.0413017	0.0290642	0.0645086
	0.0864781	0.0807888	0.0589964	0.180205
loop 139
	0.115823	0.120627	0.0738163	0.170243
	0.10454	0.0917785	0.0704672	0.186242
	0.0427236	0.0405756	0.0283668	0.0638338
	0.120038	0.106147	0.0800415	0.209144
loop 140
	0.115811	0.120612	0.0738125	0.170253
	0.0968896	0.0833481	0.0654944	0.159359
	0.043871	0.0415778	0.0293365	0.0652611
	0.0870709	0.0801365	0.059346	0.158252
loop 141
	0.115847	0.120642	0.0738356	0.170285
	0.0925305	0.0806657	0.0611105	0.148082
	0.0397162	0.0385574	0.0266811	0.0596587
	0.0733815	0.0695305	0.0507461	0.134436
loop 142
	0.115841	0.120635	0.0738317	0.170296
	0.0945567	0.0839868	0.0636826	0.155366
	0.0422669	0.0399701	0.0278962	0.0621338
	0.095245	0.087231	0.0654591	0.178452
loop 143
	0.115841	0.120635	0.0738317	0.170296
	0.0558445	0.0545884	0.0383633	0.0853599
	0.0420092	0.040853	0.0288013	0.0632011
	0.0706605	0.0666223	0.0485067	0.132926
loop 144
	0.115817	0.120627	0.0738163	0.170243
	0.0585391	0.0571045	0.0384662	0.0882164
	0.0415826	0.0403696	0.0272049	0.0615931
	0.0615931	0.0740137	0.0549877	0.165535
loop 145
	0.115805	0.120612	0.0738086	0.170243
	0.0566528	0.0550227	0.0379756	0.0861079
	0.0421528	0.039979	0.0278653	0.0619637
	0.0690147	0.0649295	0.0473199	0.125957
loop 146
	0.115823	0.120627	0.0738202	0.170264
	0.0838561	0.0754724	0.0562528	0.135781
	0.0437678	0.0416492	0.0293244	0.0649047
	0.0759699	0.0723418	0.0532424	0.142852
loop 147
	0.115847	0.120642	0.0738356	0.170306
	0.0792785	0.0733586	0.052673	0.126757
	0.0420641	0.0409733	0.0277951	0.0618232
	0.0832528	0.0782648	0.0575424	0.162302
loop 148
	0.115841	0.120635	0.0738356	0.170296
	0.0747456	0.0664524	0.0500086	0.116888
	0.0457865	0.0436601	0.0309305	0.0672666
	0.0747774	0.0701581	0.0514341	0.153776
loop 149
	0.115841	0.120635	0.0738317	0.170264
	0.0660611	0.0597301	0.0440079	0.129106
	0.0446124	0.0415683	0.030046	0.0656991
	0.0892588	0.08118	0.0607117	0.174365
loop 150
	0.115817	0.12062	0.0738163	0.170264
	0.0788008	0.0711697	0.0524158	0.143492
	0.0421866	0.0401586	0.0279046	0.0620081
	0.114654	0.102161	0.0767319	0.201805
loop 151
	0.115817	0.120627	0.0738125	0.170264
	0.0841824	0.0764902	0.0570749	0.149067
	0.0443488	0.0425271	0.0299112	0.0668856
	0.0761967	0.0739576	0.0531061	0.183855
loop 152
	0.115805	0.120612	0.0738086	0.170264
	0.0931487	0.0823016	0.0616808	0.149638
	0.0418655	0.0398489	0.0287022	0.0629968
	0.0991465	0.0925734	0.0694942	0.207326
loop 153
	0.115853	0.12065	0.0738394	0.170317
	0.0775342	0.0710461	0.0526336	0.127683
	0.0396316	0.0384348	0.026616	0.0595416
	0.0948149	0.0880816	0.0659932	0.190192
loop 154
	0.115841	0.120635	0.0738317	0.170274
	0.0935572	0.0822611	0.0614304	0.147129
	0.0430155	0.0398264	0.0285972	0.0627621
	0.0954508	0.0887283	0.0655877	0.197415
loop 155
	0.115841	0.120642	0.0738317	0.170274
	0.103365	0.0888059	0.0678327	0.171205
	0.0414638	0.0403516	0.0282052	0.0615281
	0.0929955	0.086484	0.0645836	0.193826
loop 156
	0.115835	0.120635	0.0738279	0.170274
	0.0915327	0.0809598	0.0603851	0.152112
	0.0428587	0.0407791	0.0285535	0.0639964
	0.10994	0.0998123	0.0747084	0.209024
loop 157
	0.115823	0.120627	0.0738163	0.170285
	0.096807	0.0843126	0.0634336	0.150834
	0.042863	0.0408068	0.0285185	0.0639964
	0.0668577	0.0654567	0.0453789	0.163333
loop 158
	0.115823	0.120627	0.0738163	0.170243
	0.0954166	0.084867	0.0635839	0.16304
	0.0422035	0.0400598	0.0278793	0.0620081
	0.0713644	0.07006	0.0483986	0.160111
loop 159
	0.115811	0.120612	0.0738125	0.170253
	0.0729766	0.0677374	0.0497562	0.139823
	0.0427324	0.0416159	0.028466	0.0638648
	0.0837089	0.0801454	0.0580685	0.18724
