3 0 2 1 
0.420682
0 1 3 2 
0.348126
0 1 3 2 
0.355368
0 1 3 2 
0.359349
0 1 3 2 
0.360725
0 1 3 2 
0.347163
0 1 3 2 
0.350935
0 1 3 2 
0.352861
0 1 3 2 
0.355093
0 1 3 2 
0.35138
0 1 3 2 
0.348652
0 1 3 2 
0.35595
0 1 3 2 
0.372705
1 0 3 2 
0.372268
1 0 3 2 
0.37007
1 0 3 2 
0.351739
1 0 3 2 
0.373861
1 0 3 2 
0.391559
1 0 3 2 
0.398965
1 0 3 2 
0.380958
1 0 3 2 
0.38133
1 0 3 2 
0.374113
1 0 3 2 
0.372135
1 0 3 2 
0.372169
0 1 2 3 
0.370529
0 1 2 3 
0.370095
0 1 2 3 
0.369897
0 1 2 3 
0.372193
0 1 2 3 
0.374386
0 1 2 3 
0.370662
1 0 3 2 
0.376223
1 0 3 2 
0.354326
1 0 3 2 
0.353082
1 0 3 2 
0.340459
1 0 3 2 
0.381874
1 0 3 2 
0.374104
1 0 3 2 
0.377763
1 0 3 2 
0.371465
1 0 3 2 
0.368377
1 0 3 2 
0.371722
1 0 3 2 
0.367777
1 0 3 2 
0.362677
1 0 3 2 
0.359368
1 0 3 2 
0.362727
1 0 3 2 
0.328247
1 0 3 2 
0.328562
1 0 3 2 
0.329325
1 0 3 2 
0.335632
1 0 3 2 
0.357661
1 0 3 2 
0.433687
1 0 3 2 
0.387897
1 0 3 2 
0.341816
1 0 3 2 
0.388657
1 0 3 2 
0.419684
0 1 2 3 
0.388465
0 1 2 3 
0.390849
0 1 2 3 
0.36755
0 1 2 3 
0.338883
0 1 2 3 
0.318997
0 1 2 3 
0.331133
0 1 2 3 
0.348694
0 1 2 3 
0.376155
0 1 2 3 
0.370858
0 1 2 3 
0.368158
0 1 2 3 
0.359627
0 1 2 3 
0.357026
0 1 2 3 
0.386423
0 1 2 3 
0.369058
0 1 2 3 
0.362589
0 1 2 3 
0.349979
0 1 2 3 
0.369742
0 1 2 3 
0.334279
0 1 2 3 
0.371294
0 1 2 3 
0.365801
0 1 2 3 
0.361373
0 1 2 3 
0.339819
0 1 2 3 
0.369651
0 1 2 3 
0.359514
0 1 2 3 
0.346556
0 1 2 3 
0.313259
0 1 2 3 
0.29876
0 1 2 3 
0.33453
0 1 2 3 
0.352091
0 1 2 3 
0.350168
0 1 2 3 
0.346051
0 1 2 3 
0.348665
0 1 2 3 
0.351883
0 1 2 3 
0.334574
0 1 2 3 
0.346739
0 1 2 3 
0.338888
0 1 2 3 
0.334218
0 1 2 3 
0.338938
0 1 2 3 
0.29805
0 1 2 3 
0.301828
0 1 2 3 
0.300129
0 1 3 2 
0.326884
0 1 3 2 
0.321968
0 1 3 2 
0.319955
0 1 3 2 
0.310138
0 1 3 2 
0.323013
0 1 3 2 
0.328599
0 1 2 3 
0.335371
0 1 2 3 
0.321174
0 1 2 3 
0.335911
0 1 2 3 
0.343707
0 1 2 3 
0.333887
0 1 2 3 
0.341599
0 1 2 3 
0.338669
0 1 2 3 
0.317553
0 1 2 3 
0.341786
0 1 2 3 
0.387726
0 1 2 3 
0.378388
0 1 2 3 
0.343101
0 1 2 3 
0.332772
0 1 2 3 
0.360044
0 1 2 3 
0.366414
0 1 2 3 
0.363914
0 1 2 3 
0.364929
0 1 2 3 
0.371775
0 1 2 3 
0.359859
0 1 2 3 
0.365712
0 1 2 3 
0.349241
0 1 2 3 
0.314531
0 1 2 3 
0.336614
0 1 2 3 
0.344392
0 1 2 3 
0.360005
0 1 2 3 
0.335975
45.0859
