0.420682
0.348126
0.355368
0.359349
0.360725
0.347163
0.350935
0.352861
0.355093
0.35138
0.348652
0.35595
0.372705
0.372268
0.37007
0.351739
0.373861
0.391559
0.398965
0.380958
0.38133
0.374113
0.372135
0.372169
0.370529
0.370095
0.369897
0.372193
0.374386
0.370662
0.376223
0.354326
0.353082
0.340459
0.381874
0.374104
0.377763
0.371465
0.368377
0.371722
0.367777
0.362677
0.359368
0.362727
0.328247
0.328562
0.329325
0.335632
0.357661
0.433687
0.387897
0.341816
0.388657
0.419684
0.388465
0.390849
0.36755
0.338883
0.318997
0.331133
0.348694
0.376155
0.370858
0.368158
0.359627
0.357026
0.386423
0.369058
0.362589
0.349979
0.369742
0.334279
0.371294
0.365801
0.361373
0.339819
0.369651
0.359514
0.346556
0.313259
0.29876
0.33453
0.352091
0.350168
0.346051
0.348665
0.351883
0.334574
0.346739
0.338888
0.334218
0.338938
0.29805
0.301828
0.300129
0.326884
0.321968
0.319955
0.310138
0.323013
0.328599
0.335371
0.321174
0.335911
0.343707
0.333887
0.341599
0.338669
0.317553
0.341786
0.387726
0.378388
0.343101
0.332772
0.360044
0.366414
0.363914
0.364929
0.371775
0.359859
0.365712
0.349241
0.314531
0.336614
0.344392
0.360005
0.335975
