loop 0
	0.0533433	0.0358026	0.0393689	0.0449208	0.0402578	0.0375097	0.0485612	0.0410616
	0.045557	0.0292735	0.0323259	0.03706	0.0331008	0.030758	0.0414155	0.0349388
	0.0512335	0.034609	0.0379847	0.0432386	0.038826	0.0362231	0.0466864	0.0395877
	0.0571338	0.0372492	0.0404521	0.0467553	0.042532	0.0387783	0.0513948	0.043247
	0.0551456	0.0368989	0.0403133	0.0456397	0.0411616	0.0385277	0.0491346	0.0419365
	0.149394	0.0968143	0.106179	0.122067	0.110774	0.102831	0.134592	0.111994
	0.0453141	0.0298271	0.0335375	0.0379577	0.0344711	0.0316201	0.041765	0.0353169
	0.045557	0.0292735	0.0323259	0.03706	0.0331008	0.030758	0.0414155	0.0349388
loop 1
	0.0536311	0.034694	0.0382375	0.0437662	0.0391267	0.0363968	0.0473994	0.0399306
	0.0455777	0.0292897	0.0323447	0.0370792	0.0331203	0.0307755	0.0414335	0.0349562
	0.0511951	0.0345848	0.0379533	0.0418898	0.0387936	0.0361971	0.0466626	0.0395542
	0.0553984	0.036735	0.0399718	0.0450105	0.0407798	0.0382816	0.0496509	0.0414979
	0.05415	0.0359229	0.0393336	0.044649	0.0401831	0.0375523	0.0481474	0.040954
	0.149386	0.0968098	0.106163	0.122061	0.110763	0.102827	0.134592	0.111988
	0.0453101	0.0298208	0.0335325	0.0379577	0.0344659	0.0316132	0.041765	0.0353142
	0.0455777	0.0292897	0.0323447	0.0370792	0.0331203	0.0307755	0.0414335	0.0349562
loop 2
	0.0523636	0.0348232	0.0383869	0.0439289	0.0392781	0.0365329	0.0475789	0.0400837
	0.045557	0.0304074	0.0323259	0.0370562	0.0330976	0.0319077	0.041411	0.0349353
	0.05256	0.0345727	0.0379394	0.0431879	0.0387792	0.0361841	0.0466388	0.0395431
	0.0543778	0.0357526	0.0389858	0.04532	0.0397892	0.0372996	0.0486431	0.0417853
	0.0541384	0.0359103	0.0393192	0.0446403	0.0401682	0.0375389	0.0495177	0.0409424
	0.149386	0.0968098	0.106168	0.122067	0.110763	0.102827	0.134592	0.111988
	0.0453061	0.029825	0.0335325	0.0379547	0.0344659	0.0316178	0.0417616	0.0353142
	0.045557	0.0304074	0.0323259	0.0370562	0.0330976	0.0319077	0.041411	0.0349353
loop 3
	0.0523688	0.0348372	0.0383967	0.0439408	0.0392848	0.036545	0.0475834	0.0400872
	0.0455363	0.0303962	0.0323102	0.0370408	0.0330846	0.0318926	0.0413976	0.0349214
	0.0512389	0.0345969	0.0379707	0.0432344	0.0388116	0.0362101	0.0466911	0.0395766
	0.0551616	0.0365575	0.0397813	0.0461139	0.0405873	0.0380993	0.0507712	0.0425843
	0.0540229	0.0358319	0.0392364	0.0445445	0.0400826	0.0374581	0.0494169	0.040854
	0.14942	0.0968322	0.106189	0.122086	0.110785	0.102851	0.134615	0.112011
	0.0452903	0.0298102	0.0335175	0.0379365	0.0344502	0.0316017	0.0417442	0.0352953
	0.0455363	0.0303962	0.0323102	0.0370408	0.0330846	0.0318926	0.0413976	0.0349214
loop 4
	0.0523947	0.0348541	0.0384162	0.0439606	0.0393083	0.0365662	0.0476058	0.0401116
	0.0455985	0.0293005	0.0323572	0.0370908	0.0331301	0.0307871	0.0414514	0.0349701
	0.0514306	0.0335048	0.0368593	0.0420864	0.0376957	0.0351138	0.046872	0.0384552
	0.0581914	0.0382035	0.0414219	0.0477654	0.0422227	0.0397337	0.0524242	0.0442332
	0.0540345	0.0358476	0.0392472	0.0445575	0.0400975	0.0374716	0.049427	0.0421944
	0.14942	0.0968322	0.106189	0.122086	0.110785	0.102851	0.134615	0.112011
	0.0452863	0.0311093	0.0335075	0.0379305	0.0344424	0.0315901	0.0417372	0.0352872
	0.0455985	0.0293005	0.0323572	0.0370908	0.0331301	0.0307871	0.0414514	0.0349701
loop 5
	0.0523688	0.0348428	0.0383999	0.0439448	0.0392915	0.0365541	0.0475879	0.0400942
	0.0455725	0.0292816	0.0323353	0.0370715	0.0331106	0.0307696	0.041429	0.0349458
	0.0502685	0.0336536	0.0370208	0.0422707	0.0378628	0.0352675	0.0457267	0.0386244
	0.056254	0.036359	0.040833	0.0458689	0.0416374	0.0391473	0.0505069	0.0423577
	0.0552168	0.0356751	0.0390636	0.045707	0.0412307	0.0385938	0.0492002	0.042
	0.14942	0.0968322	0.106194	0.122093	0.110796	0.102851	0.134622	0.112016
	0.0473834	0.0318505	0.0342266	0.0386292	0.0351547	0.0323175	0.0424152	0.0360001
	0.0455725	0.0292816	0.0323353	0.0370715	0.0331106	0.0307696	0.041429	0.0349458
loop 6
	0.0535724	0.0346574	0.0382017	0.0437185	0.0390863	0.0363605	0.048774	0.0412524
	0.0455207	0.0303821	0.0323008	0.0370293	0.0330716	0.0318865	0.0413841	0.0349075
	0.051562	0.0348299	0.0382249	0.0435133	0.0390708	0.0364505	0.0469863	0.039837
	0.0561622	0.0375156	0.0407429	0.0457807	0.0415486	0.039055	0.0504169	0.0422706
	0.0553413	0.0370354	0.0404622	0.0458058	0.0413153	0.0386704	0.049306	0.0420873
	0.149403	0.0968277	0.106194	0.122086	0.11079	0.102851	0.134607	0.112011
	0.0452307	0.0310674	0.0334675	0.0378791	0.0344008	0.0315464	0.041685	0.0352466
	0.0455207	0.0303821	0.0323008	0.0370293	0.0330716	0.0318805	0.0413841	0.0349075
loop 7
	0.0547052	0.0357297	0.0392882	0.0448266	0.0401777	0.0374376	0.0484688	0.0409788
	0.0455674	0.0292816	0.0323353	0.0370677	0.0331106	0.0307667	0.0414245	0.0349458
	0.0525319	0.0345425	0.0379081	0.0431542	0.0387504	0.0361549	0.0466054	0.0395096
	0.0581225	0.0381923	0.041405	0.0477239	0.0422009	0.0397257	0.0523709	0.0442054
	0.055199	0.0369509	0.0403654	0.0456935	0.0412154	0.0385799	0.0505803	0.0419881
	0.149386	0.0968098	0.106174	0.122067	0.110774	0.102831	0.134592	0.111994
	0.0452387	0.0310696	0.03347	0.0378851	0.0344008	0.031551	0.0416919	0.0352493
	0.0455674	0.0292816	0.0323353	0.0370677	0.0331106	0.0307667	0.0414245	0.0349458
loop 8
	0.0538016	0.034826	0.0383804	0.043917	0.0392713	0.0365359	0.047561	0.0400698
	0.0455829	0.0292897	0.0323447	0.0370792	0.0331171	0.0307755	0.0414335	0.0349562
	0.0516715	0.0336419	0.0370175	0.0422707	0.0378559	0.0352549	0.0457406	0.0386208
	0.0560506	0.0374148	0.0406405	0.0469872	0.041443	0.0389513	0.0516605	0.0434535
	0.055027	0.0367949	0.0402054	0.0455319	0.0410539	0.0384198	0.0504144	0.0418293
	0.149377	0.0968053	0.106168	0.122061	0.110763	0.102822	0.134585	0.111988
	0.0452585	0.0310895	0.0334875	0.0379093	0.0344216	0.0315717	0.0417163	0.0352683
	0.0455829	0.0292897	0.0323447	0.0370792	0.0331171	0.0307755	0.0414335	0.0349562
loop 9
	0.0538069	0.0348176	0.0383739	0.043917	0.0392646	0.0365269	0.047561	0.0400663
	0.0455414	0.030399	0.0323165	0.0370446	0.0330878	0.0318956	0.041402	0.0349249
	0.0514963	0.0335486	0.0369064	0.0421356	0.0377445	0.0351577	0.0455834	0.0385056
	0.0563721	0.0364565	0.0396702	0.0459767	0.0417472	0.0379951	0.050625	0.0424666
	0.0543175	0.0360358	0.039456	0.0447927	0.0403059	0.0376667	0.0482944	0.0410847
	0.149377	0.0968188	0.106174	0.122067	0.110774	0.102836	0.134592	0.111994
	0.0452426	0.031074	0.0334675	0.0378912	0.0344008	0.0315556	0.0416954	0.035252
	0.0455414	0.030399	0.0323165	0.0370446	0.0330878	0.0318956	0.041402	0.0349249
loop 10
	0.053727	0.0347614	0.0383122	0.0438495	0.0392007	0.0364694	0.0474891	0.0400071
	0.045557	0.0292708	0.0323259	0.0370562	0.0330976	0.030758	0.041411	0.0349353
	0.0515127	0.0335573	0.0369165	0.0421478	0.0377549	0.0351671	0.0455973	0.0385128
	0.0561425	0.0375192	0.040747	0.0457758	0.0415529	0.0390627	0.0504056	0.0422706
	0.0552049	0.0356689	0.0390564	0.0443441	0.0399003	0.0372866	0.0491901	0.041992
	0.14942	0.0968322	0.106189	0.122086	0.11079	0.102851	0.134615	0.112011
	0.0452466	0.031085	0.03348	0.0379002	0.0344112	0.0315648	0.0417059	0.0352602
	0.045557	0.0292708	0.0323259	0.0370562	0.0330976	0.030758	0.041411	0.0349353
loop 11
	0.0537749	0.0347979	0.0383512	0.0438932	0.0392411	0.0365057	0.047534	0.0400454
	0.0455725	0.029287	0.0323416	0.0370754	0.0331138	0.0307725	0.041429	0.0349527
	0.051343	0.0346514	0.0380369	0.0433147	0.0388764	0.0362686	0.0467863	0.0396473
	0.056523	0.0365505	0.0397694	0.0460992	0.0418529	0.0380919	0.0507544	0.0425755
	0.0543984	0.0360985	0.0395208	0.0448624	0.0403728	0.037734	0.0483728	0.04115
	0.149411	0.0968322	0.106189	0.122086	0.110785	0.102851	0.134615	0.112011
	0.0452426	0.0310806	0.0334775	0.0378942	0.0344086	0.0315602	0.0416989	0.0352575
	0.0455725	0.029287	0.0323416	0.0370754	0.0331138	0.0307725	0.041429	0.0349527
loop 12
	0.0523843	0.0348456	0.0384032	0.0439487	0.0392949	0.0365541	0.0475969	0.0401011
	0.0455363	0.0303934	0.0323102	0.0370408	0.0330813	0.0318926	0.0413931	0.0349179
	0.0516825	0.0336769	0.0370444	0.0422953	0.0378872	0.0352925	0.0457545	0.0386496
	0.0552576	0.0366375	0.0398646	0.046207	0.0406733	0.0381812	0.0495249	0.0426757
	0.0553235	0.0357535	0.0391464	0.0444443	0.0399933	0.037374	0.049301	0.0420873
	0.149411	0.0968277	0.106184	0.12208	0.110779	0.102846	0.134615	0.112005
	0.0452585	0.0310895	0.0334925	0.0379093	0.0344242	0.0315694	0.0417128	0.035271
	0.0455363	0.0303934	0.0323102	0.0370408	0.0330813	0.0318926	0.0413931	0.0349179
loop 13
	0.0537749	0.0348007	0.0383609	0.0438932	0.0392478	0.0365087	0.0475295	0.0400489
	0.0455466	0.0304046	0.0323196	0.0370523	0.0330943	0.0319016	0.0414065	0.0349284
	0.0516003	0.0336186	0.0369805	0.0422257	0.0378211	0.0352298	0.0456759	0.0385812
	0.0555136	0.0368116	0.0400551	0.0451105	0.0408617	0.0383635	0.0497604	0.0415867
	0.0540691	0.035857	0.0392652	0.0445837	0.0401161	0.0374851	0.0494573	0.0408886
	0.151828	0.0997287	0.108989	0.124764	0.11355	0.105676	0.137177	0.114774
	0.0452704	0.0297912	0.0334975	0.0379184	0.034432	0.0315809	0.0417233	0.0352791
	0.0455466	0.0304046	0.0323196	0.0370523	0.0330943	0.0319016	0.0414065	0.0349284
loop 14
	0.0546505	0.0356918	0.0392444	0.0447816	0.0401324	0.0373968	0.0484133	0.040932
	0.0456036	0.029306	0.0323635	0.0370984	0.0331366	0.030793	0.0414559	0.0349736
	0.0513156	0.0346695	0.0367652	0.0419881	0.0376018	0.0362848	0.0467673	0.039651
	0.0574297	0.0374292	0.0406569	0.0469972	0.0414599	0.0389666	0.0516605	0.043467
	0.0543002	0.0360264	0.0394452	0.0447753	0.0402984	0.03766	0.0482797	0.0410693
	0.149377	0.0968008	0.106163	0.122054	0.110763	0.102817	0.134585	0.111982
	0.0452664	0.0310917	0.033495	0.0379123	0.0344294	0.031574	0.0417163	0.0352764
	0.0456036	0.029306	0.0323635	0.0370984	0.0331366	0.030793	0.0414559	0.0349736
loop 15
	0.0535778	0.0346715	0.0382115	0.0437344	0.0390998	0.0363726	0.0487878	0.0412632
	0.0455725	0.0292816	0.0323353	0.0370677	0.0331106	0.0307667	0.0414245	0.0349458
	0.0504123	0.0337527	0.0371285	0.0423936	0.0379707	0.0353709	0.0458562	0.038736
	0.0572212	0.0372852	0.0404972	0.0468208	0.0425799	0.0388167	0.0514642	0.0433009
	0.0543175	0.0360483	0.0394668	0.0447971	0.040317	0.0376802	0.0482993	0.0410885
	0.149429	0.0968412	0.10621	0.122099	0.110807	0.102861	0.134629	0.112028
	0.0452625	0.031085	0.0334825	0.0379063	0.0344164	0.0315648	0.0417128	0.0352656
	0.0455725	0.0292816	0.0323353	0.0370677	0.0331106	0.0307667	0.0414245	0.0349458
loop 16
	0.0525243	0.034958	0.0385234	0.0440797	0.039416	0.0366721	0.0477315	0.0402195
	0.0455311	0.0303878	0.0323071	0.0370369	0.0330781	0.0318865	0.0413886	0.0349144
	0.0505509	0.0338548	0.0359664	0.0411982	0.0368022	0.0354744	0.0459857	0.0388476
	0.0564246	0.0364461	0.0409354	0.0459963	0.041743	0.0392396	0.0506531	0.042471
	0.054306	0.0360201	0.0394416	0.0447753	0.0402947	0.0376533	0.049674	0.0410693
	0.14942	0.0968367	0.106199	0.122093	0.110796	0.102856	0.134622	0.112022
	0.0473749	0.0318413	0.0342162	0.0386198	0.0351412	0.0323079	0.0424044	0.0359917
	0.0455311	0.0303878	0.0323071	0.0370369	0.0330781	0.0318865	0.0413886	0.0349144
loop 17
	0.0533113	0.035791	0.0393588	0.0448963	0.0402473	0.0375003	0.0485381	0.0410508
	0.0455622	0.0292762	0.032329	0.0370638	0.0331041	0.0307609	0.04142	0.0349388
	0.0514634	0.0335311	0.0368829	0.0421192	0.0377236	0.0351389	0.0455603	0.038484
	0.057033	0.0371304	0.0416078	0.0466494	0.04241	0.0399162	0.0512909	0.0431348
	0.0554065	0.0357974	0.0391968	0.0458596	0.0413653	0.0387226	0.0493716	0.0421428
	0.149403	0.0968367	0.106199	0.122093	0.110796	0.102856	0.134615	0.112016
	0.0452545	0.031085	0.03348	0.0379032	0.0344138	0.0315648	0.0417093	0.0352629
	0.0455622	0.0292762	0.032329	0.0370638	0.0331041	0.0307609	0.04142	0.0349388
loop 18
	0.0536524	0.0347108	0.038257	0.043786	0.0391435	0.036415	0.0474218	0.039948
	0.0455622	0.0292762	0.032329	0.0370638	0.0331041	0.0307609	0.04142	0.0349388
	0.0533933	0.0341855	0.0375182	0.0440348	0.0383508	0.0370477	0.0474712	0.0403966
	0.0560178	0.0373968	0.04062	0.046967	0.0414219	0.038932	0.0516374	0.0434311
	0.0544735	0.0361487	0.0395784	0.0449278	0.0404324	0.0377878	0.0484365	0.0412077
	0.149411	0.0968277	0.106189	0.122086	0.11079	0.102846	0.134607	0.112011
	0.0452585	0.0310828	0.0334825	0.0379063	0.0344138	0.0315648	0.0417128	0.0352656
	0.0455622	0.0292762	0.032329	0.0370638	0.0331041	0.0319107	0.04142	0.0349388
loop 19
	0.0524206	0.0348737	0.0384389	0.0439845	0.0393285	0.0365874	0.0476328	0.0401324
	0.0455518	0.0304074	0.0323228	0.0370523	0.0330976	0.0319047	0.041411	0.0349318
	0.0522056	0.0342975	0.037647	0.0428711	0.038484	0.0358982	0.0476574	0.0392417
	0.0553152	0.0366375	0.0398765	0.0449248	0.0406815	0.0381812	0.0495633	0.041405
	0.055199	0.0369216	0.0403394	0.0456756	0.0411923	0.0385521	0.04918	0.0419682
	0.149386	0.0968143	0.106179	0.122067	0.110774	0.102831	0.134592	0.111994
	0.0452664	0.0310917	0.0334925	0.0379123	0.0344242	0.031574	0.0417198	0.035271
	0.0455518	0.0304074	0.0323228	0.0370523	0.0330976	0.0319047	0.041411	0.0349318
loop 20
	0.053759	0.0347867	0.0383414	0.0438773	0.039231	0.0364936	0.0475161	0.0400315
	0.0455622	0.0292735	0.032329	0.03706	0.0331008	0.0307609	0.0414155	0.0349388
	0.0524644	0.0345122	0.0378698	0.0431119	0.0387072	0.0361191	0.0465578	0.0394686
	0.0553984	0.0367246	0.0399639	0.0450057	0.0407716	0.0382742	0.0496454	0.0414937
	0.0539767	0.0358068	0.039204	0.0445096	0.0400528	0.0374312	0.0493716	0.0408233
	0.149394	0.0968143	0.106179	0.122074	0.110779	0.102831	0.134592	0.111999
	0.0452545	0.031085	0.033485	0.0379032	0.0344164	0.0315671	0.0417093	0.0352656
	0.0455622	0.0292735	0.032329	0.03706	0.0331008	0.0307609	0.0414155	0.0349388
loop 21
	0.053679	0.0347164	0.03827	0.0438019	0.039157	0.036421	0.0474442	0.0399619
	0.0455881	0.0292924	0.0323478	0.0370831	0.0331236	0.0307813	0.0414424	0.0349597
	0.0511732	0.0345788	0.0379429	0.0431922	0.0387864	0.0361906	0.0466388	0.0395431
	0.0573624	0.0373392	0.0405668	0.0469166	0.041367	0.0388744	0.0515855	0.0433772
	0.0541327	0.0358821	0.039294	0.0446272	0.0401459	0.0375086	0.0495077	0.0409232
	0.149386	0.0968053	0.106168	0.122061	0.110769	0.102827	0.134585	0.111988
	0.0452545	0.0310784	0.0334775	0.0379002	0.0344112	0.0315602	0.0417059	0.0352602
	0.0455881	0.0292924	0.0323478	0.0370831	0.0331236	0.0307813	0.0414424	0.0349597
loop 22
	0.0536204	0.0347024	0.0382472	0.0437662	0.0391334	0.0364059	0.0473949	0.0399306
	0.0455414	0.0303934	0.0323165	0.0370408	0.0330846	0.0318926	0.0413976	0.0349214
	0.0514854	0.0335282	0.0368896	0.0421274	0.0377271	0.0351357	0.0469197	0.0384876
	0.055584	0.0368359	0.0400829	0.0451533	0.0408945	0.0383858	0.0498152	0.0416247
	0.0541211	0.0359103	0.0393156	0.0446316	0.0401645	0.0375389	0.0495077	0.0409348
	0.14942	0.0968367	0.106205	0.122099	0.110801	0.102856	0.134622	0.112022
	0.0452545	0.0310873	0.03349	0.0379032	0.0344216	0.0315671	0.0417093	0.0352683
	0.0455414	0.0303934	0.0323102	0.0370408	0.0330846	0.0318926	0.0413976	0.0349214
loop 23
	0.0524102	0.0348681	0.0384292	0.0439805	0.0393218	0.0365783	0.0476238	0.0401255
	0.0455311	0.0303906	0.0323071	0.0370331	0.0330781	0.0318865	0.0413886	0.0349144
	0.0525881	0.0345878	0.0379568	0.0432049	0.0387972	0.0362004	0.0466626	0.039558
	0.0562212	0.0375588	0.040788	0.0458346	0.0415951	0.0391012	0.0504731	0.0423185
	0.0540403	0.0358508	0.0392544	0.0445619	0.0401012	0.0374783	0.049432	0.0408694
	0.14942	0.0968322	0.106194	0.122093	0.110796	0.102851	0.134622	0.112016
	0.0452426	0.0310784	0.0334775	0.0378942	0.0344086	0.0315579	0.0416989	0.0352575
	0.0455311	0.0303906	0.0323071	0.0370331	0.0330781	0.0318865	0.0413886	0.0349144
loop 24
	0.0537536	0.0347951	0.0383447	0.0438773	0.0392343	0.0365027	0.0475161	0.040035
	0.0455881	0.0292924	0.0323478	0.0370831	0.0331236	0.0307813	0.0414424	0.0349597
	0.0513101	0.0346635	0.0380438	0.0433063	0.0388872	0.0362783	0.0467578	0.0396473
	0.058847	0.0389282	0.0421356	0.0484566	0.0429283	0.0404521	0.0531012	0.0449438
	0.0542597	0.0359981	0.0394164	0.0447448	0.0402649	0.0376331	0.0482405	0.0410385
	0.149411	0.0968322	0.106194	0.122086	0.110796	0.102851	0.134615	0.112016
	0.0452426	0.031074	0.0334725	0.0378912	0.0344034	0.0315533	0.0416989	0.035252
	0.0455881	0.0292924	0.0323478	0.0370831	0.0331236	0.0307813	0.0414424	0.0349597
loop 25
	0.0533966	0.0358551	0.0394227	0.0435757	0.0403135	0.0375661	0.0486167	0.0411156
	0.0455674	0.0292789	0.0323322	0.0370638	0.0331041	0.0307638	0.04142	0.0349423
	0.0514634	0.0335253	0.0368795	0.042111	0.0377201	0.0351357	0.0469054	0.0384804
	0.057154	0.0372204	0.0417092	0.0467502	0.0425146	0.0400115	0.0513948	0.043238
	0.0532238	0.0349841	0.0383954	0.0437203	0.0392436	0.0379089	0.0485982	0.0413422
	0.149386	0.0968143	0.106179	0.122067	0.110774	0.102831	0.134592	0.111994
	0.0452506	0.0310917	0.0334875	0.0379063	0.034419	0.0315717	0.0417093	0.0352656
	0.0455674	0.0292789	0.0323322	0.0370638	0.0331041	0.0307638	0.04142	0.0349423
loop 26
	0.053759	0.034781	0.038335	0.0438733	0.0392209	0.0364876	0.0475161	0.040028
	0.0455311	0.0303878	0.0323039	0.0370331	0.0330781	0.0318865	0.0413886	0.0349144
	0.0513649	0.0334611	0.0368089	0.0420291	0.0376435	0.0350636	0.0468149	0.0396956
	0.0552704	0.0366166	0.0398488	0.0462021	0.0406569	0.0381589	0.0495304	0.042667
	0.0530831	0.0348934	0.0382945	0.043602	0.0391428	0.0378114	0.0484659	0.0412346
	0.149377	0.0968053	0.106168	0.122061	0.110763	0.102822	0.134585	0.111988
	0.045318	0.0298208	0.03353	0.0379577	0.0344659	0.0316132	0.0417685	0.0353142
	0.0455311	0.0303878	0.0323039	0.0370331	0.0330781	0.0318865	0.0413886	0.0349144
loop 27
	0.052602	0.0350001	0.0385754	0.0427491	0.0394698	0.0367174	0.0478034	0.0402752
	0.0455829	0.029287	0.0323416	0.0370754	0.0331171	0.0307755	0.0414335	0.0349527
	0.0524587	0.0344729	0.037835	0.0430823	0.0386748	0.0360801	0.046534	0.0394389
	0.0562934	0.0375444	0.040788	0.0458591	0.0415951	0.0390858	0.0505181	0.0423316
	0.0554539	0.0358413	0.0392436	0.0445488	0.0400901	0.0374649	0.0494169	0.0421865
	0.149394	0.0968188	0.106179	0.122074	0.110779	0.102836	0.134592	0.111999
	0.0473792	0.0318367	0.034211	0.0386198	0.0351385	0.0323031	0.0424044	0.0359889
	0.0455829	0.029287	0.0323416	0.0370754	0.0331171	0.0307755	0.0414335	0.0349527
loop 28
	0.0535511	0.0359455	0.0381725	0.0436947	0.039056	0.0376602	0.0487508	0.0412236
	0.0455725	0.0292816	0.0323384	0.0370715	0.0331106	0.0307696	0.041429	0.0349492
	0.0504017	0.0337498	0.0371251	0.0423895	0.0379673	0.0353678	0.0458516	0.0387324
	0.0574297	0.0374076	0.0406323	0.0469872	0.0414346	0.0389436	0.0516548	0.043449
	0.0553887	0.0357912	0.0391896	0.0458506	0.040038	0.0387157	0.0493564	0.0421349
	0.14942	0.0968367	0.106199	0.122099	0.110801	0.102856	0.134622	0.112022
	0.0453141	0.0298208	0.0335325	0.0379547	0.0344659	0.0316132	0.041765	0.0353115
	0.0455725	0.0292816	0.0323384	0.0370715	0.0331106	0.0307696	0.041429	0.0349492
loop 29
	0.052431	0.0348822	0.0384487	0.0439924	0.0393386	0.0365934	0.0476418	0.0401429
	0.0455311	0.0303906	0.0323071	0.0370369	0.0330813	0.0318896	0.0413886	0.0349144
	0.0514854	0.0335398	0.0368964	0.0421315	0.037734	0.0351483	0.0469197	0.0384948
	0.0572212	0.0372348	0.0417303	0.0467956	0.042532	0.0400274	0.0514526	0.043265
	0.0554777	0.0371036	0.0405403	0.045909	0.041396	0.0387435	0.049427	0.0421786
	0.14942	0.0968367	0.106199	0.122093	0.110801	0.102856	0.134622	0.112022
	0.045322	0.0298271	0.0335375	0.0379607	0.0344711	0.0316178	0.041772	0.0353196
	0.0455311	0.0303906	0.0323071	0.0370369	0.0330813	0.0318896	0.0413886	0.0349144
loop 30
	0.0537003	0.0347529	0.0383025	0.0438297	0.0391906	0.0364603	0.0474667	0.0399897
	0.0455725	0.0292816	0.0323353	0.0370677	0.0331106	0.0307696	0.0414245	0.0349458
	0.0512335	0.034609	0.0379812	0.0419185	0.0388224	0.0362199	0.0466911	0.039584
	0.0563787	0.0364321	0.0409149	0.0459669	0.0417261	0.0392242	0.0506137	0.0424449
	0.0542944	0.0360232	0.0394416	0.044771	0.040291	0.0376566	0.0482748	0.0410655
	0.14942	0.0968322	0.106199	0.122093	0.110796	0.102851	0.134622	0.112016
	0.0453022	0.0298102	0.033525	0.0379426	0.034458	0.0316017	0.0417546	0.0353061
	0.0455725	0.0292816	0.0323353	0.0370677	0.0331106	0.0307696	0.0414245	0.0349458
loop 31
	0.0536257	0.034694	0.0382407	0.0437622	0.0391267	0.0363968	0.0473949	0.0399271
	0.0455933	0.0293005	0.0323572	0.0370908	0.0331301	0.0307871	0.0414469	0.0349666
	0.0524756	0.0345122	0.0378733	0.0431119	0.0387108	0.0361224	0.0465578	0.0394686
	0.0569523	0.0383003	0.0415317	0.0478898	0.0423316	0.0398369	0.0525665	0.0443534
	0.0541096	0.0358884	0.0392976	0.0446142	0.0401459	0.0375153	0.0494976	0.0409194
	0.149394	0.0968143	0.106179	0.122067	0.110774	0.102831	0.134592	0.111994
	0.0453061	0.0298123	0.033525	0.0379456	0.034458	0.031604	0.0417546	0.0353061
	0.0455933	0.0293005	0.0323572	0.0370908	0.0331301	0.0307871	0.0414469	0.0349666

work load: twolf.mips wupwise.mips mesa.mips vpr.mips equake.mips gzip.mips mcf.mips wupwise.mips
