loop 0
	0.0571338	0.0372492	0.0404521	0.0467553	0.042532	0.0387783	0.0513948	0.043247
	0.0533433	0.0358026	0.0393689	0.0449208	0.0402578	0.0375097	0.0485612	0.0410616
	0.045557	0.0292735	0.0323259	0.03706	0.0331008	0.030758	0.0414155	0.0349388
	0.07285	0.0466339	0.0505239	0.0584439	0.0524318	0.0491288	0.0650884	0.054194
	0.149394	0.0968098	0.106168	0.122061	0.110763	0.102827	0.134592	0.111988
	0.0742128	0.0492372	0.0533012	0.0611473	0.054325	0.0512098	0.06699	0.056732
	0.0378942	0.0249412	0.0283393	0.0311522	0.0279969	0.0265943	0.0346272	0.0287585
	0.0512335	0.034609	0.0379847	0.0432386	0.038826	0.0362231	0.0466864	0.0395877
loop 1
	0.0553984	0.036735	0.0399718	0.0450105	0.0407798	0.0382816	0.0496509	0.0414979
	0.0536311	0.034694	0.0382375	0.0437662	0.0391267	0.0363968	0.0473994	0.0399306
	0.0455777	0.0292897	0.0323447	0.0370792	0.0331203	0.0307755	0.0414335	0.0349562
	0.0717756	0.0456355	0.0507306	0.0586809	0.0514171	0.0481216	0.0640395	0.0531698
	0.149394	0.0968098	0.106168	0.122067	0.110763	0.102827	0.134592	0.111988
	0.0741926	0.0492228	0.0532849	0.0611322	0.0543124	0.0511944	0.0669727	0.056714
	0.0381169	0.0251002	0.0273133	0.0313421	0.0281692	0.0267624	0.0335807	0.0289382
	0.0511951	0.0345848	0.0379533	0.0418898	0.0387936	0.0361971	0.0466626	0.0395542
loop 2
	0.0543778	0.0357526	0.0389858	0.04532	0.0397892	0.0372996	0.0486431	0.0417853
	0.0523636	0.0348232	0.0383869	0.0439289	0.0392781	0.0365329	0.0475789	0.0400837
	0.045557	0.0304074	0.0323259	0.0370562	0.0330976	0.0319077	0.041411	0.0349353
	0.0727531	0.0463055	0.0514677	0.0582154	0.052165	0.0488256	0.064923	0.053939
	0.149377	0.0968008	0.106158	0.122054	0.110758	0.102817	0.134585	0.111977
	0.0742128	0.0492372	0.0533012	0.0611473	0.054325	0.0512059	0.06699	0.056732
	0.03915	0.024919	0.0283105	0.0323588	0.0279704	0.02657	0.0345909	0.0299429
	0.05256	0.0345727	0.0379394	0.0431879	0.0387792	0.0361841	0.0466388	0.0395431
loop 3
	0.0551616	0.0365575	0.0397813	0.0461139	0.0405873	0.0380993	0.0507712	0.0425843
	0.0523688	0.0348372	0.0383967	0.0439408	0.0392848	0.036545	0.0475834	0.0400872
	0.0455363	0.0303962	0.0323102	0.0370408	0.0330846	0.0318926	0.0413976	0.0349214
	0.0727813	0.0465791	0.0516923	0.0583847	0.052374	0.0490697	0.0650198	0.0541335
	0.14942	0.0968367	0.106205	0.122099	0.110801	0.102856	0.134622	0.112022
	0.0742128	0.0492372	0.0532972	0.0611473	0.054325	0.0512059	0.06699	0.0567275
	0.038772	0.0257953	0.0279991	0.0320181	0.028853	0.0274509	0.0355027	0.0296211
	0.0512389	0.0345969	0.0379707	0.0432344	0.0388116	0.0362101	0.0466911	0.0395766
loop 4
	0.0581914	0.0382035	0.0414219	0.0477654	0.0422227	0.0397337	0.0524242	0.0442332
	0.0523947	0.0348541	0.0384162	0.0439606	0.0393083	0.0365662	0.0476058	0.0401116
	0.0455985	0.0293005	0.0323572	0.0370908	0.0331301	0.0307871	0.0414514	0.0349701
	0.0707143	0.0458312	0.0497307	0.0576523	0.0516358	0.0483264	0.0642988	0.0533991
	0.14942	0.0968322	0.106194	0.122093	0.110796	0.102851	0.134622	0.112016
	0.0741993	0.0492264	0.053289	0.0611372	0.0543166	0.0511982	0.0669785	0.0567185
	0.0379464	0.0249763	0.0283768	0.0311938	0.0280344	0.0266308	0.0346756	0.0288
	0.0514306	0.0335048	0.0368593	0.0420864	0.0376957	0.0351138	0.046872	0.0384552
loop 5
	0.056254	0.036359	0.040833	0.0458689	0.0416374	0.0391473	0.0505069	0.0423577
	0.0523688	0.0348428	0.0383999	0.0439448	0.0392915	0.0365541	0.0475879	0.0400942
	0.0455725	0.0292816	0.0323353	0.0370715	0.0331106	0.0307696	0.041429	0.0349458
	0.0718317	0.0456711	0.0507719	0.0587317	0.0514594	0.04816	0.0640875	0.0532142
	0.149411	0.0968322	0.106194	0.122086	0.110796	0.102851	0.134615	0.112016
	0.0742128	0.0492372	0.0532972	0.0611473	0.054325	0.0512059	0.06699	0.0567275
	0.0379116	0.024956	0.0283547	0.0311678	0.0280123	0.0266085	0.0346453	0.0287747
	0.0502685	0.0336536	0.0370208	0.0422707	0.0378628	0.0352675	0.0457267	0.0386244
loop 6
	0.0561622	0.0375156	0.0407429	0.0457807	0.0415486	0.039055	0.0504169	0.0422706
	0.0535724	0.0346574	0.0382017	0.0437185	0.0390863	0.0363605	0.048774	0.0412524
	0.0455207	0.0303821	0.0323008	0.0370293	0.0330716	0.0318805	0.0413841	0.0349075
	0.0719329	0.0457482	0.0508546	0.0575447	0.051537	0.0482368	0.0641835	0.0532956
	0.149386	0.0968143	0.106174	0.122067	0.110774	0.102831	0.134592	0.111994
	0.0742061	0.0492336	0.0532972	0.0611423	0.0543208	0.0512021	0.0669843	0.0568307
	0.0391068	0.0260605	0.0282796	0.0323182	0.029141	0.0265397	0.0345546	0.0299093
	0.051562	0.0348299	0.0382249	0.0435133	0.0390708	0.0364505	0.0469863	0.039837
loop 7
	0.0581225	0.0381923	0.041405	0.0477239	0.0422009	0.0397257	0.0523709	0.0442054
	0.0547052	0.0357297	0.0392882	0.0448266	0.0401777	0.0374376	0.0484688	0.0409788
	0.0455674	0.0292816	0.0323353	0.0370677	0.0331106	0.0307667	0.0414245	0.0349458
	0.0714971	0.0451856	0.0503157	0.0583148	0.0510062	0.0476875	0.0636989	0.0527714
	0.149377	0.0968008	0.106153	0.122054	0.110752	0.102817	0.134578	0.111977
	0.0742061	0.0492336	0.0532972	0.0611473	0.054325	0.0512059	0.06699	0.0567275
	0.0388692	0.0258688	0.0280742	0.0320992	0.028929	0.027527	0.0355936	0.0297004
	0.0525319	0.0345425	0.0379081	0.0431542	0.0387504	0.0361549	0.0466054	0.0395096
loop 8
	0.0560506	0.0374148	0.0406405	0.0469872	0.041443	0.0389513	0.0516605	0.0434535
	0.0538016	0.034826	0.0383804	0.043917	0.0392713	0.0365359	0.047561	0.0400698
	0.0455829	0.0292897	0.0323447	0.0370792	0.0331171	0.0307755	0.0414335	0.0349562
	0.0703256	0.0453185	0.0492403	0.0572022	0.0511508	0.0478248	0.0625674	0.0529231
	0.149386	0.0968143	0.106168	0.122067	0.110769	0.102831	0.134592	0.111988
	0.0742128	0.0492372	0.0533012	0.0611524	0.0543293	0.0512098	0.0669958	0.056732
	0.0390996	0.0260469	0.0282664	0.0323047	0.0291249	0.0265255	0.0345455	0.0298949
	0.0516715	0.0336419	0.0370175	0.0422707	0.0378559	0.0352549	0.0457406	0.0386208
loop 9
	0.0563721	0.0364565	0.0396702	0.0459767	0.0417472	0.0379951	0.050625	0.0424666
	0.0538069	0.0348176	0.0383739	0.043917	0.0392646	0.0365269	0.047561	0.0400663
	0.0455414	0.030399	0.0323165	0.0370446	0.0330878	0.0318956	0.041402	0.0349249
	0.0702175	0.0452376	0.049155	0.0571131	0.0510682	0.0465426	0.062466	0.0516005
	0.14942	0.0968322	0.106189	0.122093	0.11079	0.102851	0.134622	0.112011
	0.0742061	0.04923	0.0532931	0.0611372	0.0543166	0.0511982	0.0669843	0.056723
	0.0391644	0.0249245	0.0283194	0.0311314	0.0279792	0.0265761	0.034603	0.0287447
	0.0514963	0.0335486	0.0369064	0.0421356	0.0377445	0.0351577	0.0455834	0.0385056
loop 10
	0.0561425	0.0375192	0.040747	0.0457758	0.0415529	0.0390627	0.0504056	0.0422706
	0.053727	0.0347614	0.0383122	0.0438495	0.0392007	0.0364694	0.0474891	0.0400071
	0.045557	0.0292708	0.0323259	0.0370562	0.0330976	0.030758	0.041411	0.0349353
	0.0701309	0.0451799	0.0490894	0.0570321	0.0509993	0.0476812	0.0623923	0.0527642
	0.14942	0.0968322	0.106189	0.122086	0.110785	0.102851	0.134615	0.112011
	0.0742061	0.0492372	0.0532972	0.0611473	0.054325	0.0512059	0.06699	0.0567275
	0.0390888	0.0248764	0.0282642	0.032302	0.027924	0.0265255	0.0345394	0.0298949
	0.0515127	0.0335573	0.0369165	0.0421478	0.0377549	0.0351671	0.0455973	0.0385128
loop 11
	0.056523	0.0365505	0.0397694	0.0460992	0.0418529	0.0380919	0.0507544	0.0425755
	0.0537749	0.0347979	0.0383512	0.0438932	0.0392411	0.0365057	0.047534	0.0400454
	0.0455725	0.029287	0.0323416	0.0370754	0.0331138	0.0307725	0.041429	0.0349527
	0.0676	0.0435912	0.0475769	0.054368	0.0482804	0.0449269	0.0597812	0.0500604
	0.14942	0.0968322	0.106199	0.122093	0.110796	0.102851	0.134622	0.112016
	0.0742128	0.0492408	0.0533012	0.0611524	0.0543293	0.0512098	0.0669958	0.056732
	0.0387036	0.0257546	0.0279527	0.0319613	0.0288046	0.0274085	0.0354431	0.0295707
	0.051343	0.0346514	0.0380369	0.0433147	0.0388764	0.0362686	0.0467863	0.0396473
loop 12
	0.0552576	0.0366375	0.0398646	0.046207	0.0406733	0.0381812	0.0495249	0.0426757
	0.0523843	0.0348456	0.0384032	0.0439487	0.0392949	0.0365541	0.0475969	0.0401011
	0.0455363	0.0303934	0.0323102	0.0370408	0.0330813	0.0318926	0.0413931	0.0349179
	0.06679	0.043037	0.0469746	0.0537024	0.047675	0.0455495	0.0590618	0.0494306
	0.149394	0.0968143	0.106179	0.122067	0.110774	0.102831	0.134592	0.111994
	0.0741993	0.04923	0.0533012	0.0611473	0.054325	0.0512098	0.0669958	0.056732
	0.0379533	0.0249818	0.0271906	0.0312068	0.028041	0.0266368	0.0346816	0.0288092
	0.0516825	0.0336769	0.0370444	0.0422953	0.0378872	0.0352925	0.0457545	0.0386496
loop 13
	0.0555136	0.0368116	0.0400551	0.0451105	0.0408617	0.0383635	0.0497604	0.0415867
	0.0537749	0.0348007	0.0383609	0.0438932	0.0392478	0.0365087	0.0475295	0.0400489
	0.0455466	0.0304046	0.0323196	0.0370523	0.0331073	0.0319016	0.0414065	0.0349284
	0.06749	0.0435219	0.0475039	0.0542792	0.0482055	0.0460636	0.0596881	0.0499817
	0.151828	0.099743	0.109005	0.124771	0.113568	0.105686	0.137177	0.114785
	0.0742128	0.0492408	0.0533012	0.0611524	0.0543293	0.0512098	0.0669958	0.0567365
	0.038009	0.0250207	0.0272287	0.0312458	0.028083	0.0266773	0.0347331	0.0288507
	0.0516003	0.0336186	0.0369805	0.0422257	0.0378211	0.0352298	0.0456759	0.0385812
loop 14
	0.0574297	0.0374292	0.0406569	0.0469972	0.0414599	0.0389666	0.0516605	0.043467
	0.0546505	0.0356918	0.0392444	0.0447816	0.0401324	0.0373968	0.0484133	0.040932
	0.0456036	0.029306	0.0323635	0.0370984	0.0331366	0.030793	0.0414559	0.0349736
	0.0620133	0.0402982	0.0443479	0.0500032	0.045073	0.0416745	0.05547	0.046878
	0.149394	0.0968188	0.106179	0.122074	0.110779	0.102836	0.134592	0.111999
	0.0741993	0.0492264	0.053289	0.0611372	0.0543166	0.0511982	0.0669785	0.0567185
	0.0389304	0.0259366	0.0281449	0.0321695	0.0290028	0.0264141	0.0356595	0.0297676
	0.0513156	0.0346695	0.0367652	0.0419881	0.0376018	0.0362848	0.0467673	0.039651
loop 15
	0.0572212	0.0372852	0.0404972	0.0468208	0.0425799	0.0388167	0.0514642	0.0433009
	0.0535778	0.0346715	0.0382115	0.0437344	0.0390998	0.0363726	0.0487878	0.0412632
	0.0455725	0.0292816	0.0323353	0.0370677	0.0331106	0.0307667	0.0414245	0.0349458
	0.0593811	0.0388686	0.0429342	0.0486294	0.04367	0.0402612	0.0541195	0.0442573
	0.14942	0.0968367	0.106199	0.122099	0.110801	0.102856	0.134622	0.112022
	0.0742128	0.0492372	0.0533012	0.0611473	0.054325	0.0512098	0.0669958	0.056732
	0.0379151	0.0249597	0.0283569	0.0311678	0.0280145	0.0266146	0.0346484	0.0287793
	0.0504123	0.0337527	0.0371285	0.0423936	0.0379707	0.0353709	0.0458562	0.038736
loop 16
	0.0564246	0.0364461	0.0409354	0.0459963	0.041743	0.0392396	0.0506531	0.042471
	0.0525243	0.034958	0.0385234	0.0440797	0.039416	0.0366721	0.0477315	0.0402195
	0.0455311	0.0303878	0.0323071	0.0370369	0.0330781	0.0318865	0.0413886	0.0349144
	0.0600979	0.0385271	0.042809	0.0487912	0.0435822	0.0412383	0.0532224	0.0442078
	0.149411	0.0968367	0.106199	0.122093	0.110796	0.102856	0.134615	0.112016
	0.0742061	0.0492336	0.0532931	0.0611423	0.0543208	0.0512021	0.0669843	0.0568263
	0.038952	0.0259269	0.0281405	0.0321749	0.0289981	0.026404	0.035672	0.02977
	0.0505509	0.0338548	0.0359664	0.0411982	0.0368022	0.0354744	0.0459857	0.0388476
loop 17
	0.057033	0.0371304	0.0416078	0.0466494	0.04241	0.0399162	0.0512909	0.0431348
	0.0533113	0.035791	0.0393588	0.0448963	0.0402473	0.0375003	0.0485381	0.0410508
	0.0455622	0.0292762	0.032329	0.0370638	0.0331041	0.0307609	0.04142	0.0349388
	0.0662074	0.0424729	0.0466446	0.0537651	0.0473906	0.0451319	0.0594275	0.0492522
	0.14942	0.0968322	0.106194	0.122086	0.110796	0.102851	0.134615	0.112016
	0.0742061	0.0492336	0.0532972	0.0611473	0.054325	0.0512059	0.06699	0.0567275
	0.0378976	0.0249467	0.0283459	0.0311574	0.0280035	0.0266004	0.0346302	0.0287677
	0.0514634	0.0335311	0.0368829	0.0421192	0.0377236	0.0351389	0.0455603	0.038484
loop 18
	0.0560178	0.0373968	0.04062	0.046967	0.0414219	0.038932	0.0516374	0.0434311
	0.0536524	0.0347108	0.038257	0.043786	0.0391435	0.036415	0.0474218	0.039948
	0.0455622	0.0292762	0.032329	0.0370638	0.0331041	0.0307609	0.04142	0.0349388
	0.0586749	0.0387604	0.0417455	0.0488881	0.0437423	0.0402102	0.0532425	0.0443658
	0.149394	0.0968143	0.106179	0.122067	0.110779	0.102831	0.1346	0.111999
	0.0742128	0.0492372	0.0533012	0.0611473	0.054325	0.0512098	0.06699	0.056732
	0.0391644	0.0249264	0.0283194	0.0323642	0.0279792	0.0265781	0.034603	0.0287424
	0.0533933	0.0341855	0.0375182	0.0440348	0.0383508	0.0370477	0.0474712	0.0403966
loop 19
	0.0553152	0.0366375	0.0398765	0.0449248	0.0406815	0.0381812	0.0495633	0.041405
	0.0524206	0.0348737	0.0384389	0.0439845	0.0393285	0.0365874	0.0476328	0.0401324
	0.0455518	0.0304074	0.0323228	0.0370523	0.0330976	0.0319047	0.041411	0.0349318
	0.066117	0.0429644	0.0470282	0.0539855	0.0477522	0.0443373	0.0595026	0.0495785
	0.149394	0.0968143	0.106179	0.122074	0.110779	0.102831	0.134592	0.111999
	0.0741993	0.04923	0.0532931	0.0611372	0.0543166	0.0511982	0.0669843	0.056723
	0.0378802	0.0249301	0.0283282	0.0311392	0.0279858	0.0265822	0.0346121	0.0287516
	0.0522056	0.0342975	0.037647	0.0428711	0.038484	0.0358982	0.0476574	0.0392417
loop 20
	0.0553984	0.0367246	0.0399639	0.0450057	0.0407716	0.0382742	0.0496454	0.0414937
	0.053759	0.0347867	0.0383414	0.0438773	0.039231	0.0364936	0.0475161	0.0400315
	0.0455622	0.0292735	0.032329	0.03706	0.0331008	0.0307609	0.0414155	0.0349388
	0.065065	0.0419832	0.0460462	0.0529626	0.0467683	0.0445718	0.0584728	0.0485747
	0.149377	0.0968053	0.106168	0.122061	0.110769	0.102822	0.134585	0.111988
	0.0742061	0.0492372	0.0532972	0.0611473	0.054325	0.0512059	0.06699	0.0567275
	0.0389376	0.0259153	0.0281272	0.0321587	0.028982	0.0275778	0.0356563	0.0297532
	0.0524644	0.0345122	0.0378698	0.0431119	0.0387072	0.0361191	0.0465578	0.0394686
loop 21
	0.0573624	0.0373392	0.0405668	0.0469166	0.041367	0.0388744	0.0515855	0.0433772
	0.053679	0.0347164	0.03827	0.0438019	0.039157	0.036421	0.0474442	0.0399619
	0.0455881	0.0292924	0.0323478	0.0370831	0.0331236	0.0307813	0.0414424	0.0349597
	0.0702998	0.0447553	0.0500032	0.0568952	0.0507165	0.0473193	0.0637165	0.0525217
	0.14942	0.0968412	0.106205	0.122099	0.110807	0.102856	0.134622	0.112022
	0.0742128	0.0492408	0.0533012	0.0611524	0.0543293	0.0512098	0.0669958	0.056732
	0.0379568	0.0249892	0.0271948	0.0312068	0.0280477	0.0266449	0.0346877	0.0288115
	0.0511732	0.0345788	0.0379429	0.0431922	0.0387864	0.0361906	0.0466388	0.0395431
loop 22
	0.055584	0.0368359	0.0400829	0.0451533	0.0408945	0.0383858	0.0498152	0.0416247
	0.0536204	0.0347024	0.0382472	0.0437662	0.0391334	0.0364059	0.0473949	0.0399306
	0.0455414	0.0303934	0.0323102	0.0370408	0.0330846	0.0318926	0.0413976	0.0349214
	0.0657285	0.042434	0.0465356	0.0535138	0.048517	0.0450407	0.0590748	0.0490857
	0.14942	0.0968367	0.106199	0.122093	0.110796	0.102856	0.134622	0.112016
	0.0741993	0.04923	0.053289	0.0611372	0.0543166	0.0511982	0.0669785	0.056723
	0.0391392	0.0249079	0.0282973	0.0323425	0.0279571	0.0265579	0.0345818	0.0299309
	0.0514854	0.0335282	0.0368896	0.0421274	0.0377271	0.0351357	0.0469197	0.0384876
loop 23
	0.0562212	0.0375588	0.040788	0.0458346	0.0415951	0.0391012	0.0504731	0.0423185
	0.0524102	0.0348681	0.0384292	0.0439805	0.0393218	0.0365783	0.0476238	0.0401255
	0.0455311	0.0303906	0.0323071	0.0370331	0.0330781	0.0318865	0.0413886	0.0349144
	0.0705074	0.0451519	0.0491136	0.0571975	0.0510553	0.0476925	0.0626425	0.0528565
	0.14942	0.0968367	0.106194	0.122086	0.110796	0.102856	0.134615	0.112016
	0.0742061	0.0492336	0.0532972	0.0611423	0.0543208	0.0512021	0.0669843	0.0567275
	0.0378733	0.0249245	0.0283216	0.0311366	0.0279814	0.0265761	0.034609	0.028747
	0.0525881	0.0345878	0.0379568	0.0432049	0.0387972	0.0362004	0.0466626	0.039558
loop 24
	0.058847	0.0389282	0.0421356	0.0484566	0.0429283	0.0404521	0.0531012	0.0449438
	0.0537536	0.0347951	0.0383447	0.0438773	0.0392343	0.0365027	0.0475161	0.040035
	0.0455881	0.0292924	0.0323478	0.0370831	0.0331236	0.0307813	0.0414424	0.0349597
	0.067105	0.043645	0.0477733	0.054811	0.0485051	0.0450354	0.0604017	0.0503337
	0.149394	0.0968143	0.106179	0.122067	0.110774	0.102831	0.134592	0.111994
	0.0742128	0.0492372	0.0532972	0.0611473	0.054325	0.0512059	0.06699	0.056732
	0.0389412	0.0259153	0.0281294	0.0321641	0.0289866	0.0263918	0.0343973	0.029758
	0.0513101	0.0346635	0.0380438	0.0433063	0.0388872	0.0362783	0.0467578	0.0396473
loop 25
	0.057154	0.0372204	0.0417092	0.0467502	0.0425146	0.0400115	0.0513948	0.043238
	0.0533966	0.0358551	0.0394227	0.0435757	0.0403135	0.0375661	0.0486167	0.0411156
	0.0455674	0.0292789	0.0323322	0.0370638	0.0331041	0.0307638	0.04142	0.0349423
	0.0684385	0.0444049	0.0483802	0.056477	0.0503163	0.0469518	0.0619227	0.0508738
	0.149386	0.0968143	0.106179	0.122067	0.110774	0.102831	0.134592	0.111994
	0.0741926	0.0492228	0.0532849	0.0611322	0.0543124	0.0511944	0.0669727	0.0567185
	0.0379568	0.0249818	0.0271906	0.0312042	0.0280433	0.0266368	0.0346846	0.0288092
	0.0514634	0.0335253	0.0368795	0.042111	0.0377201	0.0351357	0.0469054	0.0384804
loop 26
	0.0552704	0.0366166	0.0398488	0.0462021	0.0406569	0.0381589	0.0495304	0.042667
	0.053759	0.034781	0.038335	0.0438733	0.0392209	0.0364876	0.0475161	0.040028
	0.0455311	0.0303878	0.0323039	0.0370408	0.0330781	0.0318865	0.0413886	0.0349144
	0.0643614	0.0421682	0.046316	0.0520812	0.0470531	0.0435744	0.0576682	0.0488965
	0.149394	0.0968143	0.106179	0.122067	0.110774	0.102831	0.134592	0.111999
	0.0742195	0.0492444	0.0533094	0.0611574	0.0543335	0.0512175	0.0670016	0.0568442
	0.038988	0.0259792	0.0281913	0.0322182	0.0290511	0.0264566	0.0344487	0.0298156
	0.0513649	0.0334611	0.0368089	0.0420291	0.0376435	0.0350636	0.0468149	0.0396956
loop 27
	0.0562934	0.0375444	0.040788	0.0458591	0.0415951	0.0390858	0.0505181	0.0423316
	0.052602	0.0350001	0.0385754	0.0427491	0.0394698	0.0367174	0.0478034	0.0402752
	0.0455829	0.029287	0.0323416	0.0370754	0.0331171	0.0307755	0.0414335	0.0349527
	0.0648939	0.0421125	0.046104	0.0529553	0.0468154	0.043458	0.0583929	0.0486049
	0.14942	0.0968367	0.106199	0.122093	0.110801	0.102856	0.134622	0.112022
	0.0742128	0.0492372	0.0533012	0.0611473	0.054325	0.0512098	0.06699	0.056732
	0.0390672	0.0260334	0.0282487	0.0322831	0.0291087	0.0265133	0.0345183	0.0298756
	0.0524587	0.0344729	0.037835	0.0430823	0.0386748	0.0360801	0.046534	0.0394389
loop 28
	0.0574297	0.0374076	0.0406323	0.0469872	0.0414346	0.0389436	0.0516548	0.043449
	0.0535511	0.0359455	0.0381725	0.0436947	0.039056	0.0376602	0.0487508	0.0412236
	0.0455725	0.0292816	0.0323384	0.0370715	0.0331106	0.0307696	0.041429	0.0349492
	0.0623394	0.0399532	0.044139	0.0512573	0.0448883	0.0426062	0.0555942	0.0467431
	0.14942	0.0968367	0.106199	0.122093	0.110801	0.102856	0.134622	0.112022
	0.0741993	0.0492264	0.053289	0.0611372	0.0543166	0.0511982	0.0669785	0.0567185
	0.0381274	0.025102	0.0273176	0.0313499	0.0281758	0.0267644	0.034845	0.0289428
	0.0504017	0.0337498	0.0371251	0.0423895	0.0379673	0.0353678	0.0458516	0.0387324
loop 29
	0.0572212	0.0372348	0.0417303	0.0467956	0.042532	0.0400274	0.0514526	0.043265
	0.052431	0.0348822	0.0384487	0.0439924	0.0393386	0.0365934	0.0476418	0.0401429
	0.0455311	0.0303906	0.0323071	0.0370369	0.0330813	0.0318896	0.0413886	0.0349144
	0.0597213	0.039082	0.0431762	0.0489093	0.0439137	0.0404785	0.0531417	0.0445025
	0.14942	0.0968322	0.106194	0.122093	0.110796	0.102851	0.134622	0.112016
	0.0742128	0.0492372	0.0533012	0.0611473	0.054325	0.0512098	0.0669958	0.056732
	0.0388044	0.0258262	0.0280322	0.0320505	0.0288852	0.0274826	0.035534	0.0296524
	0.0514854	0.0335398	0.0368964	0.0421315	0.037734	0.0351483	0.0469197	0.0384948
loop 30
	0.0563787	0.0364321	0.0409149	0.0459669	0.0417261	0.0392242	0.0506137	0.0424449
	0.0537003	0.0347529	0.0383025	0.0438297	0.0391906	0.0364603	0.0474667	0.0399897
	0.0455725	0.0292816	0.0323353	0.0370677	0.0331106	0.0307696	0.0414245	0.0349458
	0.0554909	0.0354924	0.0397192	0.044391	0.040489	0.038158	0.0487494	0.0411192
	0.149403	0.0968277	0.106194	0.122086	0.11079	0.102851	0.134607	0.112011
	0.0742128	0.0492408	0.0533012	0.0611524	0.0543293	0.0512098	0.0669958	0.0567365
	0.03811	0.0250946	0.0273091	0.0313342	0.0281647	0.0267563	0.0348268	0.0289313
	0.0512335	0.034609	0.0379812	0.0419185	0.0388224	0.0362199	0.0466911	0.039584
loop 31
	0.0569523	0.0383003	0.0415317	0.0478898	0.0423316	0.0398369	0.0525665	0.0443534
	0.0536257	0.034694	0.0382407	0.0437622	0.0391267	0.0363968	0.0473949	0.0399271
	0.0455933	0.0293005	0.0323572	0.0370908	0.0331301	0.0307871	0.0414469	0.0349666
	0.0594112	0.0387014	0.0430944	0.0492292	0.043891	0.0402145	0.0537662	0.0445249
	0.149386	0.0968098	0.106174	0.122067	0.110774	0.102831	0.134592	0.111994
	0.0741993	0.0492264	0.053289	0.0611372	0.0543166	0.0511982	0.0669785	0.0567185
	0.0379673	0.0249911	0.0271991	0.0312146	0.0280521	0.026647	0.0346937	0.0288184
	0.0524756	0.0345122	0.0378733	0.0431119	0.0387108	0.0361224	0.0465578	0.0394686

work load: vpr.mips twolf.mips wupwise.mips crafty.mips bzip2.mips gap.mips parser.mips mesa.mips
