loop 0
	4.69616	3.09802	3.39528	3.86413
	4.53495	2.96034	3.25611	3.71973
	4.53495	2.96034	3.25611	3.71973
	5.23062	3.44085	3.7667	4.30556
loop 1
	4.78657	3.16989	3.46735	3.95132
	4.53495	2.96034	3.25611	3.71973
	4.53495	2.96034	3.25611	3.71973
	5.30947	3.49569	3.83752	4.36538
loop 2
	4.6798	3.08749	3.38353	3.85063
	4.53547	2.96061	3.25642	3.71973
	4.53547	2.96061	3.25642	3.71973
	7.67023	5.09837	5.58769	6.32875
loop 3
	4.6764	3.08514	3.38112	3.84771
	4.53495	2.96034	3.25611	3.71973
	4.53495	2.96034	3.25611	3.71973
	7.45454	4.93552	5.41481	6.14834
loop 4
	4.64634	3.05909	3.3546	3.8197
	4.53495	2.96034	3.25611	3.71973
	4.53495	2.96034	3.25611	3.71973
	12.6797	8.10181	8.94639	10.2902
loop 5
	4.67911	3.09068	3.38624	3.85168
	4.53495	2.96034	3.25611	3.71973
	4.53495	2.96034	3.25611	3.71973
	7.97394	5.31608	5.81754	6.58762
loop 6
	4.67413	3.08984	3.38683	3.85574
	4.53495	2.96034	3.25611	3.71973
	4.53495	2.96034	3.25611	3.71973
	7.55903	4.96789	5.45733	6.20496
loop 7
	4.68951	3.08932	3.38653	3.85611
	4.53495	2.96034	3.25611	3.71973
	4.53495	2.96034	3.25611	3.71973
	12.8296	8.2282	9.0764	10.4214
loop 8
	4.74404	3.13477	3.43132	3.91203
	4.53495	2.96034	3.25611	3.71973
	4.53495	2.96034	3.25611	3.71973
	7.89965	5.26475	5.76486	6.53301
loop 9
	4.62198	3.05195	3.33657	3.80419
	4.53495	2.96034	3.25611	3.71973
	4.53495	2.96034	3.25611	3.71973
	11.1478	7.12026	7.86802	9.04631
loop 10
	4.67801	3.09167	3.38893	3.85829
	4.53495	2.96034	3.25611	3.71973
	4.53495	2.96034	3.25611	3.71973
	8.76766	5.77989	6.33937	7.20662
loop 11
	4.64833	3.06503	3.36203	3.83018
	4.53495	2.96034	3.25611	3.71934
	4.53495	2.96034	3.25611	3.71934
	7.60282	5.02318	5.50833	6.26506
loop 12
	4.68757	3.10038	3.39799	3.86742
	4.53495	2.96034	3.25611	3.71973
	4.53495	2.96034	3.25611	3.71973
	12.3881	7.88815	8.70388	10.0222
loop 13
	4.67461	3.07854	3.37538	3.84335
	4.53547	2.96061	3.25642	3.71973
	4.53547	2.96061	3.25642	3.71973
	7.90663	5.24423	5.755	6.51734
loop 14
	4.6378	3.0558	3.35236	3.82032
	4.53495	2.96061	3.25611	3.71973
	4.53495	2.96061	3.25611	3.71973
	7.13601	4.68595	5.13992	5.86424
loop 15
	4.75206	3.141	3.45027	3.9196
	4.53495	2.96034	3.25611	3.71973
	4.53495	2.96034	3.25611	3.71973
	12.8057	8.2091	9.05054	10.399
loop 16
	4.58954	3.02736	3.31083	3.77595
	4.53495	2.96034	3.25611	3.71973
	4.53495	2.96034	3.25611	3.71973
	7.04713	4.6413	5.08551	5.79904
loop 17
	4.57937	3.02498	3.30932	3.77638
	4.53495	2.96034	3.25611	3.71934
	4.53495	2.96034	3.25611	3.71934
	5.41616	3.56387	3.9045	4.44457
loop 18
	4.69226	3.09487	3.39167	3.86047
	4.53495	2.96034	3.25611	3.71973
	4.53495	2.96034	3.25611	3.71973
	5.40047	3.5636	3.90388	4.44419
loop 19
	4.60422	3.03575	3.32016	3.78731
	4.53495	2.96034	3.25611	3.71973
	4.53495	2.96034	3.25611	3.71973
	5.42972	3.56769	3.91799	4.46698
loop 20
	4.60337	3.03862	3.32222	3.78827
	4.53495	2.96034	3.25611	3.71934
	4.53495	2.96034	3.25611	3.71934
	5.53377	3.6458	3.99877	4.5508
loop 21
	4.61627	3.03837	3.33422	3.80062
	4.53495	2.96034	3.25611	3.71934
	4.53495	2.96034	3.25611	3.71934
	5.44492	3.57908	3.91906	4.4734
loop 22
	4.60954	3.03016	3.32632	3.79326
	4.53495	2.96034	3.25611	3.71934
	4.53495	2.96034	3.25611	3.71934
	7.06982	4.67746	5.12041	5.82331
loop 23
	4.63636	3.0658	3.35029	3.81852
	4.53495	2.96034	3.25611	3.71934
	4.53495	2.96034	3.25611	3.71934
	12.1838	7.75306	8.56206	9.86917
loop 24
	4.65646	3.07296	3.3699	3.83822
	4.53495	2.96034	3.25611	3.71934
	4.53495	2.96034	3.25611	3.71934
	7.78441	5.18172	5.66733	6.43389
loop 25
	4.69567	3.09671	3.39378	3.86303
	4.53495	2.96034	3.25611	3.71973
	4.53495	2.96034	3.25611	3.71973
	7.67963	5.06189	5.54847	6.31423
loop 26
	4.57307	3.0175	3.30198	3.76935
	4.53495	2.96034	3.25611	3.71973
	4.53495	2.96034	3.25611	3.71973
	12.4144	7.93938	8.75693	10.0714
loop 27
	4.62245	3.04888	3.34654	3.80312
	4.53495	2.96034	3.25611	3.71934
	4.53495	2.96034	3.25611	3.71934
	7.76651	5.15668	5.65227	6.41274
loop 28
	4.56487	3.00875	3.30574	3.76089
	4.53495	2.96034	3.25611	3.71934
	4.53495	2.96034	3.25611	3.71934
	10.9256	6.99843	7.72006	8.87237
loop 29
	4.55573	3.001	3.2975	3.75242
	4.53495	2.96034	3.25611	3.71934
	4.53495	2.96034	3.25611	3.71934
	8.94266	5.91577	6.49635	7.36254
loop 30
	5.3513	3.57946	3.90769	4.42853
	4.53495	2.96034	3.25611	3.71973
	4.53495	2.96034	3.25611	3.71973
	8.07014	5.39102	5.91195	6.68039
loop 31
	5.5168	3.7468	4.08564	4.58718
	4.53495	2.96034	3.25611	3.71934
	4.53495	2.96034	3.25611	3.71934
	11.2334	7.19337	7.9292	9.11347

work load: vpr.mips wupwise.mips wupwise.mips gzip.mips
