loop 0
	0.0523471	0.0355238	0.0388897	0.0442656	0.039694	0.0370584	0.0477654	0.0405709
	0.0742485	0.0488022	0.0532839	0.0609646	0.0540624	0.0502752	0.0670264	0.056096
	0.0378942	0.0249412	0.0283393	0.0311522	0.0279969	0.0265943	0.0346272	0.0287585
	0.0453141	0.0298271	0.0335375	0.0379577	0.0344711	0.0316201	0.041765	0.0353169
	0.149394	0.0968143	0.106179	0.122067	0.110774	0.102831	0.134592	0.111994
	0.149394	0.0968143	0.106179	0.122067	0.110774	0.102831	0.134592	0.111994
	0.0378942	0.0249412	0.0283393	0.0311522	0.0279969	0.0265943	0.0346272	0.0287585
	0.168848	0.117743	0.127386	0.142354	0.130046	0.124769	0.154797	0.133607
loop 1
	0.0541532	0.037332	0.040706	0.0447772	0.0415106	0.0388667	0.0495797	0.0423882
	0.0747602	0.0499311	0.0545832	0.0625444	0.0553887	0.0514675	0.0673206	0.0574921
	0.0381169	0.0251002	0.0273133	0.0313421	0.0281692	0.0267624	0.0335807	0.0289382
	0.0453101	0.0298208	0.0335325	0.0379577	0.0344659	0.0316132	0.041765	0.0353142
	0.149386	0.0968098	0.106163	0.122061	0.110763	0.102827	0.134592	0.111988
	0.149386	0.0968098	0.106163	0.122061	0.110763	0.102827	0.134592	0.111988
	0.0381169	0.0251002	0.0273133	0.0313421	0.0281692	0.0267624	0.0335807	0.0289382
	0.176815	0.122777	0.132552	0.147775	0.137274	0.129866	0.160402	0.138911
loop 2
	0.0510483	0.0345271	0.0378463	0.0431034	0.0386514	0.0360632	0.0465486	0.0394796
	0.0728156	0.0472556	0.0517556	0.059459	0.0525443	0.0501139	0.0655542	0.0545735
	0.03915	0.024919	0.0283105	0.0323588	0.0279704	0.02657	0.0345909	0.0299429
	0.0453061	0.029825	0.0335325	0.0379547	0.0344659	0.0316178	0.0417616	0.0353142
	0.149386	0.0968098	0.106168	0.122067	0.110763	0.102827	0.134592	0.111988
	0.149386	0.0968098	0.106168	0.122067	0.110763	0.102827	0.134592	0.111988
	0.03915	0.024919	0.0283105	0.0323588	0.0279704	0.02657	0.0345909	0.0299429
	0.129234	0.08841	0.0958318	0.108101	0.0984208	0.0933853	0.117911	0.0998004
loop 3
	0.0544215	0.0362442	0.0396106	0.0449819	0.0404111	0.0390243	0.0484832	0.0412909
	0.0731456	0.0478038	0.052267	0.0599125	0.0544335	0.050642	0.0659502	0.0550581
	0.038772	0.0257953	0.0279991	0.0320181	0.028853	0.0274509	0.0355027	0.0296211
	0.0452903	0.0298102	0.0335175	0.0379365	0.0344502	0.0316017	0.0417442	0.0352953
	0.14942	0.0968322	0.106189	0.122086	0.110785	0.102851	0.134615	0.112011
	0.14942	0.0968322	0.106189	0.122086	0.110785	0.102851	0.134615	0.112011
	0.038772	0.0257953	0.0279991	0.0320181	0.028853	0.0274509	0.0355027	0.0296211
	0.137363	0.0952673	0.102911	0.115568	0.105545	0.100334	0.123734	0.107055
loop 4
	0.0545339	0.0362999	0.0396702	0.0450676	0.0404726	0.0378351	0.0485738	0.0413585
	0.0722442	0.046893	0.0513563	0.0589974	0.05214	0.0497356	0.0650473	0.0541476
	0.0379464	0.0249763	0.0283768	0.0311938	0.0280344	0.0266308	0.0346756	0.0288
	0.0452863	0.0311093	0.0335075	0.0379305	0.0344424	0.0315901	0.0417372	0.0352872
	0.14942	0.0968322	0.106189	0.122086	0.110785	0.102851	0.134615	0.112011
	0.14942	0.0968322	0.106189	0.122086	0.110785	0.102851	0.134615	0.112011
	0.0379464	0.0249763	0.0283768	0.0311938	0.0280344	0.0266308	0.0346756	0.0288
	0.141424	0.0973375	0.106851	0.11764	0.109503	0.10239	0.127746	0.111012
loop 5
	0.0544215	0.0374544	0.0408494	0.0449629	0.0416543	0.0389935	0.0498042	0.0425494
	0.0750556	0.0490086	0.053584	0.0614436	0.0558024	0.0519125	0.0676674	0.0564686
	0.0379116	0.024956	0.0283547	0.0311678	0.0280123	0.0266085	0.0346453	0.0287747
	0.0473834	0.0318505	0.0342266	0.0386292	0.0351547	0.0323175	0.0424152	0.0360001
	0.14942	0.0968322	0.106194	0.122093	0.110796	0.102851	0.134622	0.112016
	0.14942	0.0968322	0.106194	0.122093	0.110796	0.102851	0.134622	0.112016
	0.0379116	0.024956	0.0283547	0.0311678	0.0280123	0.0266085	0.0346453	0.0287747
	0.144336	0.0995747	0.108846	0.121125	0.111448	0.10454	0.130994	0.112821
loop 6
	0.0550976	0.036972	0.0403292	0.0456827	0.0411262	0.0397456	0.0505069	0.0432874
	0.0727957	0.0482503	0.0528412	0.0592384	0.0536417	0.0497768	0.0654368	0.0557112
	0.0391068	0.0260605	0.0282796	0.0323182	0.029141	0.0265397	0.0345546	0.0299093
	0.0452307	0.0310674	0.0334675	0.0378791	0.0344008	0.0315464	0.041685	0.0352466
	0.149403	0.0968277	0.106194	0.122086	0.11079	0.102851	0.134607	0.112011
	0.149403	0.0968277	0.106194	0.122086	0.11079	0.102851	0.134607	0.112011
	0.0391068	0.0260605	0.0282796	0.0323182	0.029141	0.0265397	0.0345546	0.0299093
	0.125484	0.0863784	0.093818	0.1062	0.0964161	0.0913575	0.11418	0.0978088
loop 7
	0.0560703	0.0379244	0.0412825	0.0466444	0.042079	0.0394439	0.0501356	0.0429642
	0.074431	0.0476072	0.0534321	0.0611091	0.0542145	0.050434	0.0657315	0.0562496
	0.0388692	0.0258688	0.0280742	0.0320992	0.028929	0.027527	0.0355936	0.0297004
	0.0452387	0.0310696	0.03347	0.0378851	0.0344008	0.031551	0.0416919	0.0352493
	0.149386	0.0968098	0.106174	0.122067	0.110774	0.102831	0.134592	0.111994
	0.149386	0.0968098	0.106174	0.122067	0.110774	0.102831	0.134592	0.111994
	0.0388692	0.0258688	0.0280742	0.0320992	0.028929	0.027527	0.0355936	0.0297004
	0.128402	0.08912	0.0965959	0.107178	0.0992023	0.0941208	0.117069	0.100632
loop 8
	0.0513717	0.0347026	0.0380472	0.0420746	0.0388513	0.0362442	0.0468309	0.0397059
	0.0725391	0.0470547	0.0515419	0.0592316	0.0523248	0.0499008	0.0653086	0.0543605
	0.0390996	0.0260469	0.0282664	0.0323047	0.0291249	0.0265255	0.0345455	0.0298949
	0.0452585	0.0310895	0.0334875	0.0379093	0.0344216	0.0315717	0.0417163	0.0352683
	0.149377	0.0968053	0.106168	0.122061	0.110763	0.102822	0.134585	0.111988
	0.149377	0.0968053	0.106168	0.122061	0.110763	0.102822	0.134585	0.111988
	0.0390996	0.0260469	0.0282664	0.0323047	0.0291249	0.0265255	0.0345455	0.0298949
	0.133694	0.0919818	0.101392	0.112086	0.10216	0.0970116	0.122116	0.10362
loop 9
	0.0554304	0.0371448	0.0405217	0.0459326	0.0413247	0.0386706	0.0494538	0.0422271
	0.0719585	0.0467019	0.0511481	0.0587632	0.0519262	0.0495277	0.0647859	0.0539286
	0.0391644	0.0249245	0.0283194	0.0311314	0.0279792	0.0265761	0.034603	0.0287447
	0.0452426	0.031074	0.0334675	0.0378912	0.0344008	0.0315556	0.0416954	0.035252
	0.149377	0.0968188	0.106174	0.122067	0.110774	0.102836	0.134592	0.111994
	0.149377	0.0968188	0.106174	0.122067	0.110774	0.102836	0.134592	0.111994
	0.0391644	0.0249245	0.0283194	0.0311314	0.0279792	0.0265761	0.034603	0.0287447
	0.138054	0.0964611	0.10399	0.116513	0.106606	0.101459	0.126534	0.108061
loop 10
	0.056418	0.0380807	0.0414726	0.0468964	0.042275	0.0396106	0.0504281	0.0431797
	0.078163	0.0503885	0.0564413	0.0644044	0.0572425	0.0533194	0.0706829	0.0593574
	0.0390888	0.0248764	0.0282642	0.032302	0.027924	0.0265255	0.0345394	0.0298949
	0.0452466	0.031085	0.03348	0.0379002	0.0344112	0.0315648	0.0417059	0.0352602
	0.14942	0.0968322	0.106189	0.122086	0.11079	0.102851	0.134615	0.112011
	0.14942	0.0968322	0.106189	0.122086	0.11079	0.102851	0.134615	0.112011
	0.0390888	0.0248764	0.0282642	0.032302	0.027924	0.0265255	0.0345394	0.0298949
	0.134446	0.0907706	0.0998129	0.111744	0.102384	0.0956793	0.121372	0.103646
loop 11
	0.0561425	0.0379319	0.0412994	0.0466847	0.0420964	0.0394519	0.0501863	0.0429912
	0.0718932	0.0476672	0.0522	0.0599687	0.0529948	0.0491702	0.0646314	0.0550419
	0.0387036	0.0257546	0.0279527	0.0319613	0.0288046	0.0274085	0.0354431	0.0295707
	0.0452426	0.0310806	0.0334775	0.0378942	0.0344086	0.0315602	0.0416989	0.0352575
	0.149411	0.0968322	0.106189	0.122086	0.110785	0.102851	0.134615	0.112011
	0.149411	0.0968322	0.106189	0.122086	0.110785	0.102851	0.134615	0.112011
	0.0387036	0.0257546	0.0279527	0.0319613	0.0288046	0.0274085	0.0354431	0.0295707
	0.13111	0.0901156	0.0975684	0.109868	0.100169	0.0951127	0.117807	0.101567
loop 12
	0.0520922	0.0354599	0.0387975	0.0440991	0.0395987	0.0369936	0.0475632	0.0404521
	0.0745078	0.0476979	0.0521457	0.0597855	0.0543058	0.0505271	0.0658125	0.0549458
	0.0379533	0.0249818	0.0271906	0.0312068	0.028041	0.0266368	0.0346816	0.0288092
	0.0452585	0.0310895	0.0334925	0.0379093	0.0344242	0.0315694	0.0417128	0.035271
	0.149411	0.0968277	0.106184	0.12208	0.110779	0.102846	0.134615	0.112005
	0.149411	0.0968277	0.106184	0.12208	0.110779	0.102846	0.134615	0.112005
	0.0379533	0.0249818	0.0271906	0.0312068	0.028041	0.0266368	0.0346816	0.0288092
	0.137854	0.0943804	0.10378	0.114364	0.106404	0.0994006	0.124325	0.107854
loop 13
	0.0563393	0.0380212	0.041405	0.0468309	0.0422053	0.0395471	0.050355	0.0431168
	0.0715231	0.0460865	0.0505599	0.0582164	0.051345	0.0489318	0.0642984	0.053361
	0.038009	0.0250207	0.0272287	0.0312458	0.028083	0.0266773	0.0347331	0.0288507
	0.0452704	0.0297912	0.0334975	0.0379184	0.034432	0.0315809	0.0417233	0.0352791
	0.151828	0.0997287	0.108989	0.124764	0.11355	0.105676	0.137177	0.114774
	0.151828	0.0997287	0.108989	0.124764	0.11355	0.105676	0.137177	0.114774
	0.038009	0.0250207	0.0272287	0.0312458	0.028083	0.0266773	0.0347331	0.0288507
	0.155913	0.106294	0.115693	0.130149	0.12024	0.113175	0.140221	0.121688
loop 14
	0.0556608	0.0372492	0.0406528	0.0461041	0.0414557	0.0387821	0.0496509	0.0423708
	0.0755547	0.048323	0.0542504	0.0620555	0.0550359	0.0511896	0.0667359	0.0571072
	0.0389304	0.0259366	0.0281449	0.0321695	0.0290028	0.0264141	0.0356595	0.0297676
	0.0452664	0.0310917	0.033495	0.0379123	0.0344294	0.031574	0.0417163	0.0352764
	0.149377	0.0968008	0.106163	0.122054	0.110763	0.102817	0.134585	0.111982
	0.149377	0.0968008	0.106163	0.122054	0.110763	0.102817	0.134585	0.111982
	0.0389304	0.0259366	0.0281449	0.0321695	0.0290028	0.0264141	0.0356595	0.0297676
	0.159075	0.109222	0.118657	0.133198	0.121281	0.116132	0.143296	0.124693
loop 15
	0.0551936	0.0381812	0.0415782	0.0457121	0.0423795	0.0397098	0.0505688	0.0432964
	0.0741888	0.0481621	0.0527456	0.0605819	0.0549678	0.0510731	0.0667899	0.0556078
	0.0379151	0.0249597	0.0283569	0.0311678	0.0280145	0.0266146	0.0346484	0.0287793
	0.0452625	0.031085	0.0334825	0.0379063	0.0344164	0.0315648	0.0417128	0.0352656
	0.149429	0.0968412	0.10621	0.122099	0.110807	0.102861	0.134629	0.112028
	0.149429	0.0968412	0.10621	0.122099	0.110807	0.102861	0.134629	0.112028
	0.0379151	0.0249597	0.0283569	0.0311678	0.0280145	0.0266146	0.0346484	0.0287793
	0.155803	0.108061	0.117494	0.132074	0.120117	0.113061	0.142145	0.121578
loop 16
	0.0521693	0.0354835	0.0388321	0.0441546	0.0396344	0.0370224	0.0476254	0.0404972
	0.0736442	0.0481113	0.0526136	0.0603147	0.0533966	0.049597	0.0664038	0.0554388
	0.038952	0.0259269	0.0281405	0.0321749	0.0289981	0.026404	0.035672	0.02977
	0.0473749	0.0318413	0.0342162	0.0386198	0.0351412	0.0323079	0.0424044	0.0359917
	0.14942	0.0968367	0.106199	0.122093	0.110796	0.102856	0.134622	0.112022
	0.14942	0.0968367	0.106199	0.122093	0.110796	0.102856	0.134622	0.112022
	0.038952	0.0259269	0.0281405	0.0321749	0.0289981	0.026404	0.035672	0.02977
	0.130664	0.0897688	0.097202	0.109491	0.0997885	0.0947488	0.119322	0.101156
loop 17
	0.0563131	0.0379654	0.0413501	0.0467855	0.0421487	0.0394876	0.0503212	0.043063
	0.0722903	0.0469175	0.0513844	0.0590318	0.0521631	0.0497569	0.0650869	0.054178
	0.0378976	0.0249467	0.0283459	0.0311574	0.0280035	0.0266004	0.0346302	0.0287677
	0.0452545	0.031085	0.03348	0.0379032	0.0344138	0.0315648	0.0417093	0.0352629
	0.149403	0.0968367	0.106199	0.122093	0.110796	0.102856	0.134615	0.112016
	0.149403	0.0968367	0.106199	0.122093	0.110796	0.102856	0.134615	0.112016
	0.0378976	0.0249467	0.0283459	0.0311574	0.0280035	0.0266004	0.0346302	0.0287677
	0.158649	0.107783	0.117053	0.13127	0.121563	0.114624	0.143143	0.122935
loop 18
	0.05552	0.0383449	0.0417726	0.0459571	0.0425799	0.0398805	0.05085	0.0435119
	0.071977	0.0467117	0.0511594	0.0587769	0.0533136	0.0495384	0.0648017	0.0539407
	0.0391644	0.0249264	0.0283194	0.0323642	0.0279792	0.0265781	0.034603	0.0287424
	0.0452585	0.0310828	0.0334825	0.0379063	0.0344138	0.0315648	0.0417128	0.0352656
	0.149411	0.0968277	0.106189	0.122086	0.11079	0.102846	0.134607	0.112011
	0.149411	0.0968277	0.106189	0.122086	0.11079	0.102846	0.134607	0.112011
	0.0391644	0.0249264	0.0283194	0.0323642	0.0279792	0.0265781	0.034603	0.0287424
	0.183603	0.126627	0.138584	0.154089	0.141291	0.133787	0.166926	0.142982
loop 19
	0.0572885	0.0389205	0.0423142	0.047755	0.0431124	0.0404439	0.0512851	0.0440251
	0.076467	0.0502952	0.0548907	0.0627997	0.0571301	0.0532181	0.069047	0.0578048
	0.0378802	0.0249301	0.0283282	0.0311392	0.0279858	0.0265822	0.0346121	0.0287516
	0.0452664	0.0310917	0.0334925	0.0379123	0.0344242	0.031574	0.0417198	0.035271
	0.149386	0.0968143	0.106179	0.122067	0.110774	0.102831	0.134592	0.111994
	0.149386	0.0968143	0.106179	0.122067	0.110774	0.102831	0.134592	0.111994
	0.0378802	0.0249301	0.0283282	0.0311392	0.0279858	0.0265822	0.0346121	0.0287516
	0.186712	0.131397	0.141383	0.157014	0.146183	0.138602	0.169925	0.14796
loop 20
	0.0553024	0.03717	0.0405258	0.0458836	0.0413247	0.0386975	0.0493661	0.0422053
	0.0735437	0.0476966	0.052245	0.0600307	0.0544401	0.0505829	0.0662037	0.0550967
	0.0389376	0.0259153	0.0281272	0.0321587	0.028982	0.0275778	0.0356563	0.0297532
	0.0452545	0.031085	0.033485	0.0379032	0.0344164	0.0315671	0.0417093	0.0352656
	0.149394	0.0968143	0.106179	0.122074	0.110779	0.102831	0.134592	0.111999
	0.149394	0.0968143	0.106179	0.122074	0.110779	0.102831	0.134592	0.111999
	0.0389376	0.0259153	0.0281272	0.0321587	0.028982	0.0275778	0.0356563	0.0297532
	0.164837	0.11642	0.124756	0.138749	0.129635	0.121756	0.149908	0.129404
loop 21
	0.0553088	0.0370512	0.0404234	0.0458297	0.0412233	0.0398289	0.0493442	0.0421269
	0.071894	0.0466235	0.0524345	0.0586874	0.0532187	0.0494478	0.0647225	0.0552516
	0.0379568	0.0249892	0.0271948	0.0312068	0.0280477	0.0266449	0.0346877	0.0288115
	0.0452545	0.0310784	0.0334775	0.0379002	0.0344112	0.0315602	0.0417059	0.0352602
	0.149386	0.0968053	0.106168	0.122061	0.110769	0.102827	0.134585	0.111988
	0.149386	0.0968053	0.106168	0.122061	0.110769	0.102827	0.134585	0.111988
	0.0379568	0.0249892	0.0271948	0.0312068	0.0280477	0.0266449	0.0346877	0.0288115
	0.164444	0.116744	0.124981	0.138764	0.129812	0.12204	0.149724	0.129516
loop 22
	0.0574835	0.0389782	0.0423926	0.0478846	0.0431932	0.0405012	0.0514468	0.0441315
	0.0725484	0.0470694	0.0515475	0.0592316	0.0523306	0.0499167	0.0653166	0.0543605
	0.0391392	0.0249079	0.0282973	0.0323425	0.0279571	0.0265579	0.0345818	0.0299309
	0.0452545	0.0310873	0.03349	0.0379032	0.0344216	0.0315671	0.0417093	0.0352683
	0.14942	0.0968367	0.106205	0.122099	0.110801	0.102856	0.134622	0.112022
	0.14942	0.0968367	0.106205	0.122099	0.110801	0.102856	0.134622	0.112022
	0.0391392	0.0249079	0.0282973	0.0323425	0.0279571	0.0265579	0.0345818	0.0299309
	0.159593	0.110363	0.120099	0.135123	0.122777	0.117418	0.145545	0.126341
loop 23
	0.0573826	0.0389397	0.0423447	0.047812	0.0431438	0.0404644	0.0513602	0.0440713
	0.0729009	0.0475921	0.0520475	0.0596867	0.0542084	0.050423	0.0657153	0.0548459
	0.0378733	0.0249245	0.0283216	0.0311366	0.0279814	0.0265761	0.034609	0.028747
	0.0452426	0.0310784	0.0334775	0.0378942	0.0344086	0.0315579	0.0416989	0.0352575
	0.14942	0.0968322	0.106194	0.122093	0.110796	0.102851	0.134622	0.112016
	0.14942	0.0968322	0.106194	0.122093	0.110796	0.102851	0.134622	0.112016
	0.0378733	0.0249245	0.0283216	0.0311366	0.0279814	0.0265761	0.034609	0.028747
	0.153158	0.107499	0.11778	0.129589	0.120568	0.11482	0.1406	0.120331
loop 24
	0.0589811	0.0406241	0.0440112	0.0494538	0.0448058	0.0421356	0.0529795	0.0457268
	0.0773602	0.049548	0.0556022	0.0620857	0.0564108	0.052482	0.0683397	0.0585152
	0.0389412	0.0259153	0.0281294	0.0321641	0.0289866	0.0263918	0.0343973	0.029758
	0.0452426	0.031074	0.0334725	0.0378912	0.0344034	0.0315533	0.0416989	0.035252
	0.149411	0.0968322	0.106194	0.122086	0.110796	0.102851	0.134615	0.112016
	0.149411	0.0968322	0.106194	0.122086	0.110796	0.102851	0.134615	0.112016
	0.0389412	0.0259153	0.0281294	0.0321641	0.0289866	0.0263918	0.0343973	0.029758
	0.15704	0.110914	0.119259	0.133279	0.122054	0.116261	0.142197	0.123883
loop 25
	0.0534419	0.0353556	0.0387052	0.0440436	0.0395035	0.0368856	0.0475269	0.0403784
	0.0716224	0.0475006	0.05202	0.0583105	0.05281	0.0490044	0.0643836	0.0548351
	0.0379568	0.0249818	0.0271906	0.0312042	0.0280433	0.0266368	0.0346846	0.0288092
	0.0452506	0.0310917	0.0334875	0.0379063	0.034419	0.0315717	0.0417093	0.0352656
	0.149386	0.0968143	0.106179	0.122067	0.110774	0.102831	0.134592	0.111994
	0.149386	0.0968143	0.106179	0.122067	0.110774	0.102831	0.134592	0.111994
	0.0379568	0.0249818	0.0271906	0.0312042	0.0280433	0.0266368	0.0346846	0.0288092
	0.153911	0.109904	0.118265	0.130189	0.121069	0.115275	0.141269	0.122903
loop 26
	0.0562409	0.0390589	0.0424841	0.0479987	0.0432829	0.0405832	0.0515739	0.0442286
	0.0742965	0.0489162	0.0533847	0.061044	0.0541659	0.0503956	0.0670927	0.0561792
	0.038988	0.0259792	0.0281913	0.0322182	0.0290511	0.0264566	0.0344487	0.0298156
	0.045318	0.0298208	0.03353	0.0379577	0.0344659	0.0316132	0.0417685	0.0353142
	0.149377	0.0968053	0.106168	0.122061	0.110763	0.102822	0.134585	0.111988
	0.149377	0.0968053	0.106168	0.122061	0.110763	0.102822	0.134585	0.111988
	0.038988	0.0259792	0.0281913	0.0322182	0.0290511	0.0264566	0.0344487	0.0298156
	0.156821	0.110815	0.119135	0.133073	0.12194	0.116155	0.142023	0.123754
loop 27
	0.0584118	0.0399004	0.0433144	0.0488083	0.0441176	0.0414219	0.0523649	0.0450486
	0.0723087	0.0469322	0.0513956	0.0590387	0.0521804	0.0497729	0.0650948	0.0541902
	0.0390672	0.0260334	0.0282487	0.0322831	0.0291087	0.0265133	0.0345183	0.0298756
	0.0473792	0.0318367	0.034211	0.0386198	0.0351385	0.0323031	0.0424044	0.0359889
	0.149394	0.0968188	0.106179	0.122074	0.110779	0.102836	0.134592	0.111999
	0.149394	0.0968188	0.106179	0.122074	0.110779	0.102836	0.134592	0.111999
	0.0390672	0.0260334	0.0282487	0.0322831	0.0291087	0.0265133	0.0345183	0.0298756
	0.155291	0.109275	0.117605	0.131547	0.120401	0.114612	0.140497	0.122209
loop 28
	0.0591081	0.0406651	0.0440667	0.0495414	0.0448629	0.0421791	0.0530829	0.0457954
	0.0747921	0.0488322	0.0533933	0.0612249	0.0556017	0.0517263	0.0674244	0.0562689
	0.0381274	0.025102	0.0273176	0.0313499	0.0281758	0.0267644	0.034845	0.0289428
	0.0453141	0.0298208	0.0335325	0.0379547	0.0344659	0.0316132	0.041765	0.0353115
	0.14942	0.0968367	0.106199	0.122099	0.110801	0.102856	0.134622	0.112022
	0.14942	0.0968367	0.106199	0.122099	0.110801	0.102856	0.134622	0.112022
	0.0381274	0.025102	0.0273176	0.0313499	0.0281758	0.0267644	0.034845	0.0289428
	0.152926	0.109275	0.117565	0.129358	0.120359	0.114612	0.14036	0.122153
loop 29
	0.0534175	0.0353085	0.0386591	0.0440066	0.0394598	0.038077	0.0474958	0.0403374
	0.0740321	0.0480396	0.0526106	0.0604441	0.0534107	0.0509452	0.0666552	0.05548
	0.0388044	0.0258262	0.0280322	0.0320505	0.0288852	0.0274826	0.035534	0.0296524
	0.045322	0.0298271	0.0335375	0.0379607	0.0344711	0.0316178	0.041772	0.0353196
	0.14942	0.0968367	0.106199	0.122093	0.110801	0.102856	0.134622	0.112022
	0.14942	0.0968367	0.106199	0.122093	0.110801	0.102856	0.134622	0.112022
	0.0388044	0.0258262	0.0280322	0.0320505	0.0288852	0.0274826	0.035534	0.0296524
	0.156344	0.110421	0.120763	0.13266	0.123552	0.117767	0.143705	0.1254
loop 30
	0.0574768	0.038909	0.0423316	0.0478431	0.0431303	0.041705	0.051418	0.0440806
	0.0730985	0.0477231	0.0521862	0.0598349	0.0543484	0.0505599	0.0658935	0.0549895
	0.03811	0.0250946	0.0273091	0.0313342	0.0281647	0.0267563	0.0348268	0.0289313
	0.0453022	0.0298102	0.033525	0.0379426	0.034458	0.0316017	0.0417546	0.0353061
	0.14942	0.0968322	0.106199	0.122093	0.110796	0.102851	0.134622	0.112016
	0.14942	0.0968322	0.106199	0.122093	0.110796	0.102851	0.134622	0.112016
	0.03811	0.0250946	0.0273091	0.0313342	0.0281647	0.0267563	0.0348268	0.0289313
	0.1526	0.108557	0.116909	0.128854	0.11971	0.113912	0.139932	0.121543
loop 31
	0.058026	0.0395868	0.0429867	0.0484619	0.0450771	0.0423752	0.0533688	0.0460208
	0.0722442	0.0468538	0.0513169	0.0589836	0.0534796	0.0496876	0.0650393	0.0541233
	0.0379673	0.0249911	0.0271991	0.0312146	0.0280521	0.026647	0.0346937	0.0288184
	0.0453061	0.0298123	0.033525	0.0379456	0.034458	0.031604	0.0417546	0.0353061
	0.149394	0.0968143	0.106179	0.122067	0.110774	0.102831	0.134592	0.111994
	0.149394	0.0968143	0.106179	0.122067	0.110774	0.102831	0.134592	0.111994
	0.0379673	0.0249911	0.0271991	0.0312146	0.0280521	0.026647	0.0346937	0.0288184
	0.160978	0.114052	0.12215	0.13569	0.12489	0.119292	0.146455	0.126606

work load: ammp.mips swim.mips parser.mips mcf.mips gzip.mips gzip.mips parser.mips gcc.mips
