loop 0
	0.0742061	0.0492336	0.0532972	0.0611473	0.054325	0.0512059	0.06699	0.0567275
	0.149394	0.0968098	0.106168	0.122061	0.110763	0.102827	0.134592	0.111988
	0.0523471	0.0355238	0.0388897	0.0442656	0.039694	0.0370584	0.0477654	0.0405709
	0.0608913	0.0417834	0.0459892	0.0509739	0.0470213	0.0437566	0.0552641	0.0480492
	0.168848	0.117743	0.127386	0.142354	0.130046	0.124769	0.154797	0.133607
	0.0608913	0.0417834	0.0459892	0.0509739	0.0470213	0.0437566	0.0552641	0.0480492
	0.0742061	0.0492336	0.0532972	0.0611473	0.054325	0.0512059	0.06699	0.0567275
	0.0742061	0.0492336	0.0532972	0.0611473	0.054325	0.0512059	0.06699	0.0567275
loop 1
	0.0742128	0.0492372	0.0533012	0.0611473	0.054325	0.0512098	0.06699	0.056732
	0.149394	0.0968098	0.106168	0.122067	0.110763	0.102827	0.134592	0.111988
	0.0541532	0.037332	0.040706	0.0447772	0.0415106	0.0388667	0.0495797	0.0423882
	0.0578271	0.0387575	0.0429641	0.0479232	0.0440012	0.0407502	0.0522035	0.0449889
	0.176815	0.122777	0.132552	0.147775	0.137274	0.129866	0.160402	0.138911
	0.0578271	0.0387575	0.0429641	0.0479232	0.0440012	0.0407502	0.0522035	0.0449889
	0.0742128	0.0492372	0.0533012	0.0611473	0.054325	0.0512098	0.06699	0.056732
	0.0742128	0.0492372	0.0533012	0.0611473	0.054325	0.0512098	0.06699	0.056732
loop 2
	0.0741993	0.04923	0.0532931	0.0611372	0.0543166	0.0511982	0.0669843	0.056723
	0.149377	0.0968008	0.106158	0.122054	0.110758	0.102817	0.134585	0.111977
	0.0510483	0.0345271	0.0378463	0.0431034	0.0386514	0.0360632	0.0465486	0.0394796
	0.063538	0.0428068	0.0454275	0.051966	0.0480312	0.0447712	0.056251	0.0490577
	0.129234	0.08841	0.0958318	0.108101	0.0984208	0.0933853	0.117911	0.0998004
	0.063538	0.0428068	0.0454275	0.051966	0.0480312	0.0447712	0.056251	0.0490577
	0.0741993	0.04923	0.0532931	0.0611372	0.0543166	0.0511982	0.0669843	0.056723
	0.0741993	0.04923	0.0532931	0.0611372	0.0543166	0.0511982	0.0669843	0.056723
loop 3
	0.0742061	0.0492372	0.0532972	0.0611473	0.054325	0.0512059	0.06699	0.0567275
	0.14942	0.0968367	0.106205	0.122099	0.110801	0.102856	0.134622	0.112022
	0.0544215	0.0362442	0.0396106	0.0449819	0.0404111	0.0390243	0.0484832	0.0412909
	0.061907	0.0413401	0.0455082	0.0520397	0.046527	0.0432956	0.0563111	0.0475344
	0.137363	0.0952673	0.102911	0.115568	0.105545	0.100334	0.123734	0.107055
	0.061907	0.0413401	0.0455082	0.0520397	0.046527	0.0432956	0.0563111	0.0475344
	0.0742061	0.0492372	0.0532972	0.0611473	0.054325	0.0512059	0.06699	0.0567275
	0.0742061	0.0492372	0.0532972	0.0611473	0.054325	0.0512059	0.06699	0.0567275
loop 4
	0.0742128	0.0492408	0.0533012	0.0611524	0.0543293	0.0512098	0.0669958	0.056732
	0.14942	0.0968322	0.106194	0.122093	0.110796	0.102851	0.134622	0.112016
	0.0545339	0.0362999	0.0396702	0.0450676	0.0404726	0.0378351	0.0485738	0.0413585
	0.0755133	0.0511763	0.0553718	0.0620296	0.0563712	0.0530745	0.0680678	0.0591185
	0.141424	0.0973375	0.106851	0.11764	0.109503	0.10239	0.127746	0.111012
	0.0755133	0.0511763	0.0553718	0.0620296	0.0563712	0.0530745	0.0680678	0.0591185
	0.0742128	0.0492408	0.0533012	0.0611524	0.0543293	0.0512098	0.0669958	0.056732
	0.0742128	0.0492408	0.0533012	0.0611524	0.0543293	0.0512098	0.0669958	0.056732
loop 5
	0.0741993	0.04923	0.053289	0.0611372	0.0543166	0.0511982	0.0669785	0.056723
	0.149411	0.0968322	0.106194	0.122086	0.110796	0.102851	0.134615	0.112016
	0.0544215	0.0374544	0.0408494	0.0449629	0.0416543	0.0389935	0.0498042	0.0425494
	0.0874322	0.0581042	0.0638662	0.0721821	0.064824	0.0615926	0.0781953	0.0676176
	0.144336	0.0995747	0.108846	0.121125	0.111448	0.10454	0.130994	0.112821
	0.0874322	0.0581042	0.0638662	0.0721821	0.064824	0.0615926	0.0781953	0.0676176
	0.0741993	0.04923	0.053289	0.0611372	0.0543166	0.0511982	0.0669785	0.056723
	0.0741993	0.04923	0.053289	0.0611372	0.0543166	0.0511982	0.0669785	0.056723
loop 6
	0.0742061	0.0492336	0.0532972	0.0611423	0.0543208	0.0512021	0.0669843	0.0567275
	0.149386	0.0968143	0.106174	0.122067	0.110774	0.102831	0.134592	0.111994
	0.0550976	0.036972	0.0403292	0.0456827	0.0411262	0.0397456	0.0505069	0.0432874
	0.0993582	0.0676558	0.0735135	0.0838269	0.0762683	0.0712	0.0899251	0.0773581
	0.125484	0.0863784	0.093818	0.1062	0.0964161	0.0913575	0.11418	0.0978088
	0.0993582	0.0676558	0.0735135	0.0838269	0.0762683	0.0712	0.0899251	0.0773581
	0.0742061	0.0492336	0.0532972	0.0611423	0.0543208	0.0512021	0.0669843	0.0567275
	0.0742061	0.0492336	0.0532972	0.0611423	0.0543208	0.0512021	0.0669843	0.0567275
loop 7
	0.0742128	0.0492372	0.0532972	0.0611473	0.054325	0.0512059	0.06699	0.0567275
	0.149377	0.0968008	0.106153	0.122054	0.110752	0.102817	0.134578	0.111977
	0.0560703	0.0379244	0.0412825	0.0466444	0.042079	0.0394439	0.0501356	0.0429642
	0.100011	0.0680678	0.073981	0.0825228	0.0749206	0.0715739	0.0905288	0.0778725
	0.128402	0.08912	0.0965959	0.107178	0.0992023	0.0941208	0.117069	0.100632
	0.100011	0.0680678	0.073981	0.0825228	0.0749206	0.0715739	0.0905288	0.0778725
	0.0742128	0.0492372	0.0532972	0.0611473	0.054325	0.0512059	0.06699	0.0567275
	0.0742128	0.0492372	0.0532972	0.0611473	0.054325	0.0512059	0.06699	0.0567275
loop 8
	0.0741926	0.0492228	0.0532849	0.0611322	0.0543124	0.0511944	0.0669727	0.0567185
	0.149386	0.0968143	0.106168	0.122067	0.110769	0.102831	0.134592	0.111988
	0.0513717	0.0347026	0.0380472	0.0420746	0.0388513	0.0362442	0.0468309	0.0397059
	0.0575319	0.0386379	0.0428098	0.0477252	0.0438444	0.0406238	0.05197	0.0448167
	0.133694	0.0919818	0.101392	0.112086	0.10216	0.0970116	0.122116	0.10362
	0.0575319	0.0386379	0.0428098	0.0477252	0.0438444	0.0406238	0.05197	0.0448167
	0.0741926	0.0492228	0.0532849	0.0611322	0.0543124	0.0511944	0.0669727	0.0567185
	0.0741926	0.0492228	0.0532849	0.0611322	0.0543124	0.0511944	0.0669727	0.0567185
loop 9
	0.0742195	0.0492444	0.0533094	0.0611574	0.0543335	0.0512175	0.0670016	0.0568442
	0.14942	0.0968322	0.106189	0.122093	0.11079	0.102851	0.134622	0.112011
	0.0554304	0.0371448	0.0405217	0.0459326	0.0413247	0.0386706	0.0494538	0.0422271
	0.0645525	0.043788	0.047988	0.0529477	0.0490093	0.0457437	0.0589029	0.0500335
	0.138054	0.0964611	0.10399	0.116513	0.106606	0.101459	0.126534	0.108061
	0.0645525	0.043788	0.047988	0.0529477	0.0490093	0.0457437	0.0589029	0.0500335
	0.0742195	0.0492444	0.0533094	0.0611574	0.0543335	0.0512175	0.0670016	0.0568442
	0.0742195	0.0492444	0.0533094	0.0611574	0.0543335	0.0512175	0.0670016	0.0568442
loop 10
	0.0742128	0.0492372	0.0533012	0.0611473	0.054325	0.0512098	0.06699	0.056732
	0.14942	0.0968322	0.106189	0.122086	0.110785	0.102851	0.134615	0.112011
	0.056418	0.0380807	0.0414726	0.0468964	0.042275	0.0396106	0.0504281	0.0431797
	0.13868	0.0936001	0.10174	0.115315	0.104782	0.0994916	0.126349	0.10602
	0.134446	0.0907706	0.0998129	0.111744	0.102384	0.0956793	0.121372	0.103646
	0.13868	0.0936001	0.10174	0.115315	0.104782	0.0994916	0.126349	0.10602
	0.0742128	0.0492372	0.0533012	0.0611473	0.054325	0.0512098	0.06699	0.056732
	0.0742128	0.0492372	0.0533012	0.0611473	0.054325	0.0512098	0.06699	0.056732
loop 11
	0.0741993	0.0492264	0.053289	0.0611372	0.0543166	0.0511982	0.0669785	0.0567185
	0.14942	0.0968322	0.106199	0.122093	0.110796	0.102851	0.134622	0.112016
	0.0561425	0.0379319	0.0412994	0.0466847	0.0420964	0.0394519	0.0501863	0.0429912
	0.0664107	0.0456562	0.0498451	0.0564775	0.0508548	0.0475884	0.0607928	0.0519127
	0.13111	0.0901156	0.0975684	0.109868	0.100169	0.0951127	0.117807	0.101567
	0.0664107	0.0456562	0.0498451	0.0564775	0.0508548	0.0475884	0.0607928	0.0519127
	0.0741993	0.0492264	0.053289	0.0611372	0.0543166	0.0511982	0.0669785	0.0567185
	0.0741993	0.0492264	0.053289	0.0611372	0.0543166	0.0511982	0.0669785	0.0567185
loop 12
	0.0742128	0.0492372	0.0533012	0.0611473	0.054325	0.0512098	0.0669958	0.056732
	0.149394	0.0968143	0.106179	0.122067	0.110774	0.102831	0.134592	0.111994
	0.0520922	0.0354599	0.0387975	0.0440991	0.0395987	0.0369936	0.0475632	0.0404521
	0.0576748	0.0400435	0.0427251	0.0477324	0.0437597	0.0405002	0.052052	0.044781
	0.137854	0.0943804	0.10378	0.114364	0.106404	0.0994006	0.124325	0.107854
	0.0576748	0.0400435	0.0427251	0.0477324	0.0437597	0.0405002	0.052052	0.044781
	0.0742128	0.0492372	0.0533012	0.0611473	0.054325	0.0512098	0.0669958	0.056732
	0.0742128	0.0492372	0.0533012	0.0611473	0.054325	0.0512098	0.0669958	0.056732
loop 13
	0.0742128	0.0492408	0.0533012	0.0611524	0.0543293	0.0512098	0.0669958	0.0567365
	0.151828	0.099743	0.109005	0.124771	0.113568	0.105686	0.137177	0.114785
	0.0563393	0.0380212	0.041405	0.0468309	0.0422053	0.0395471	0.050355	0.0431168
	0.0538814	0.0361267	0.0388485	0.0438758	0.0398948	0.038155	0.0482148	0.040899
	0.155913	0.106294	0.115693	0.130149	0.12024	0.113175	0.140221	0.121688
	0.0538814	0.0361267	0.0388485	0.0438758	0.0398948	0.038155	0.0482148	0.040899
	0.0742128	0.0492408	0.0533012	0.0611524	0.0543293	0.0512098	0.0669958	0.0567365
	0.0742128	0.0492408	0.0533012	0.0611524	0.0543293	0.0512098	0.0669958	0.0567365
loop 14
	0.0741993	0.0492264	0.053289	0.0611372	0.0543166	0.0511982	0.0669785	0.0567185
	0.149394	0.0968188	0.106179	0.122074	0.110779	0.102836	0.134592	0.111999
	0.0556608	0.0372492	0.0406528	0.0461041	0.0414557	0.0387821	0.0496509	0.0423708
	0.0578366	0.0386639	0.0428733	0.0478872	0.0439103	0.0406518	0.0521953	0.0449304
	0.159075	0.109222	0.118657	0.133198	0.121281	0.116132	0.143296	0.124693
	0.0578366	0.0386639	0.0428733	0.0478872	0.0439103	0.0406518	0.0521953	0.0449304
	0.0741993	0.0492264	0.053289	0.0611372	0.0543166	0.0511982	0.0669785	0.0567185
	0.0741993	0.0492264	0.053289	0.0611372	0.0543166	0.0511982	0.0669785	0.0567185
loop 15
	0.0742128	0.0492372	0.0533012	0.0611473	0.054325	0.0512098	0.0669958	0.056732
	0.14942	0.0968367	0.106199	0.122099	0.110801	0.102856	0.134622	0.112022
	0.0551936	0.0381812	0.0415782	0.0457121	0.0423795	0.0397098	0.0505688	0.0432964
	0.0715674	0.0475164	0.0533026	0.0599123	0.0543063	0.0510334	0.0642037	0.0553539
	0.155803	0.108061	0.117494	0.132074	0.120117	0.113061	0.142145	0.121578
	0.0715674	0.0475164	0.0533026	0.0599123	0.0543063	0.0510334	0.0642037	0.0553539
	0.0742128	0.0492372	0.0533012	0.0611473	0.054325	0.0512098	0.0669958	0.056732
	0.0742128	0.0492372	0.0533012	0.0611473	0.054325	0.0512098	0.0669958	0.056732
loop 16
	0.0742061	0.0492336	0.0532931	0.0611423	0.0543208	0.0512021	0.0669843	0.0568263
	0.149411	0.0968367	0.106199	0.122093	0.110796	0.102856	0.134615	0.112016
	0.0521693	0.0354835	0.0388321	0.0441546	0.0396344	0.0370224	0.0476254	0.0404972
	0.0838528	0.056575	0.0623278	0.070557	0.0632812	0.0600463	0.0765116	0.0643158
	0.130664	0.0897688	0.097202	0.109491	0.0997885	0.0947488	0.119322	0.101156
	0.0838528	0.056575	0.0623278	0.070557	0.0632812	0.0600463	0.0765116	0.0643158
	0.0742061	0.0492336	0.0532931	0.0611423	0.0543208	0.0512021	0.0669843	0.0568263
	0.0742061	0.0492336	0.0532931	0.0611423	0.0543208	0.0512021	0.0669843	0.0568263
loop 17
	0.0742061	0.0492336	0.0532972	0.0611473	0.054325	0.0512059	0.06699	0.0567275
	0.14942	0.0968322	0.106194	0.122086	0.110796	0.102851	0.134615	0.112016
	0.0563131	0.0379654	0.0413501	0.0467855	0.0421487	0.0394876	0.0503212	0.043063
	0.0579033	0.0387393	0.0429489	0.047952	0.0439887	0.0407305	0.052265	0.0449954
	0.158649	0.107783	0.117053	0.13127	0.121563	0.114624	0.143143	0.122935
	0.0579033	0.0387393	0.0429489	0.047952	0.0439887	0.0407305	0.052265	0.0449954
	0.0742061	0.0492336	0.0532972	0.0611473	0.054325	0.0512059	0.06699	0.0567275
	0.0742061	0.0492336	0.0532972	0.0611473	0.054325	0.0512059	0.06699	0.0567275
loop 18
	0.0742128	0.0492372	0.0533012	0.0611473	0.054325	0.0512098	0.06699	0.056732
	0.149394	0.0968143	0.106179	0.122067	0.110779	0.102831	0.1346	0.111999
	0.05552	0.0383449	0.0417726	0.0459571	0.0425799	0.0398805	0.05085	0.0435119
	0.0591332	0.0398786	0.0425466	0.0491284	0.0435779	0.0418708	0.0534716	0.0445958
	0.183603	0.126627	0.138584	0.154089	0.141291	0.133787	0.166926	0.142982
	0.0591332	0.0398786	0.0425466	0.0491284	0.0435779	0.0418708	0.0534716	0.0445958
	0.0742128	0.0492372	0.0533012	0.0611473	0.054325	0.0512098	0.06699	0.056732
	0.0742128	0.0492372	0.0533012	0.0611473	0.054325	0.0512098	0.06699	0.056732
loop 19
	0.0741993	0.04923	0.0532931	0.0611372	0.0543166	0.0511982	0.0669843	0.056723
	0.149394	0.0968143	0.106179	0.122074	0.110779	0.102831	0.134592	0.111999
	0.0572885	0.0389205	0.0423142	0.047755	0.0431124	0.0404439	0.0512851	0.0440251
	0.0575653	0.038474	0.0426676	0.0476496	0.0437002	0.0404552	0.0519496	0.0447095
	0.186712	0.131397	0.141383	0.157014	0.146183	0.138602	0.169925	0.14796
	0.0575653	0.038474	0.0426676	0.0476496	0.0437002	0.0404552	0.0519496	0.0447095
	0.0741993	0.04923	0.0532931	0.0611372	0.0543166	0.0511982	0.0669843	0.056723
	0.0741993	0.04923	0.0532931	0.0611372	0.0543166	0.0511982	0.0669843	0.056723
loop 20
	0.0742061	0.0492372	0.0532972	0.0611473	0.054325	0.0512059	0.06699	0.0567275
	0.149377	0.0968053	0.106168	0.122061	0.110769	0.102822	0.134585	0.111988
	0.0553024	0.03717	0.0405258	0.0458836	0.0413247	0.0386975	0.0493661	0.0422053
	0.0523796	0.0347652	0.0389864	0.04402	0.0400354	0.0367809	0.0483696	0.0410339
	0.164837	0.11642	0.124756	0.138749	0.129635	0.121756	0.149908	0.129404
	0.0523796	0.0347652	0.0389864	0.04402	0.0400354	0.0367809	0.0483696	0.0410339
	0.0742061	0.0492372	0.0532972	0.0611473	0.054325	0.0512059	0.06699	0.0567275
	0.0742061	0.0492372	0.0532972	0.0611473	0.054325	0.0512059	0.06699	0.0567275
loop 21
	0.0742128	0.0492408	0.0533012	0.0611524	0.0543293	0.0512098	0.0669958	0.056732
	0.14942	0.0968412	0.106205	0.122099	0.110807	0.102856	0.134622	0.112022
	0.0553088	0.0370512	0.0404234	0.0458297	0.0412233	0.0398289	0.0493442	0.0421269
	0.0591528	0.0399137	0.0425859	0.0491581	0.0436155	0.0419088	0.0534885	0.0446283
	0.164444	0.116744	0.124981	0.138764	0.129812	0.12204	0.149724	0.129516
	0.0591528	0.0399137	0.0425859	0.0491581	0.0436155	0.0419088	0.0534885	0.0446283
	0.0742128	0.0492408	0.0533012	0.0611524	0.0543293	0.0512098	0.0669958	0.056732
	0.0742128	0.0492408	0.0533012	0.0611524	0.0543293	0.0512098	0.0669958	0.056732
loop 22
	0.0741993	0.04923	0.053289	0.0611372	0.0543166	0.0511982	0.0669785	0.056723
	0.14942	0.0968367	0.106199	0.122093	0.110796	0.102856	0.134622	0.112016
	0.0574835	0.0389782	0.0423926	0.0478846	0.0431932	0.0405012	0.0514468	0.0441315
	0.0538012	0.036106	0.0388225	0.0438287	0.0398678	0.0366249	0.0481536	0.0408653
	0.159593	0.110363	0.120099	0.135123	0.122777	0.117418	0.145545	0.126341
	0.0538012	0.036106	0.0388225	0.0438287	0.0398678	0.0366249	0.0481536	0.0408653
	0.0741993	0.04923	0.053289	0.0611372	0.0543166	0.0511982	0.0669785	0.056723
	0.0741993	0.04923	0.053289	0.0611372	0.0543166	0.0511982	0.0669785	0.056723
loop 23
	0.0742061	0.0492336	0.0532972	0.0611423	0.0543208	0.0512021	0.0669843	0.0567275
	0.14942	0.0968367	0.106194	0.122086	0.110796	0.102856	0.134615	0.112016
	0.0573826	0.0389397	0.0423447	0.047812	0.0431438	0.0404644	0.0513602	0.0440713
	0.0576414	0.0385	0.0427009	0.0476892	0.0437315	0.0404805	0.0519987	0.0447517
	0.153158	0.107499	0.11778	0.129589	0.120568	0.11482	0.1406	0.120331
	0.0576414	0.0385	0.0427009	0.0476892	0.0437315	0.0404805	0.0519987	0.0447517
	0.0742061	0.0492336	0.0532972	0.0611423	0.0543208	0.0512021	0.0669843	0.0567275
	0.0742061	0.0492336	0.0532972	0.0611423	0.0543208	0.0512021	0.0669843	0.0567275
loop 24
	0.0742128	0.0492372	0.0532972	0.0611473	0.054325	0.0512059	0.06699	0.056732
	0.149394	0.0968143	0.106179	0.122067	0.110774	0.102831	0.134592	0.111994
	0.0589811	0.0406241	0.0440112	0.0494538	0.0448058	0.0421356	0.0529795	0.0457268
	0.055493	0.0379225	0.0406013	0.0455587	0.0416376	0.038409	0.0498605	0.0426344
	0.15704	0.110914	0.119259	0.133279	0.122054	0.116261	0.142197	0.123883
	0.055493	0.0379225	0.0406013	0.0455587	0.0416376	0.038409	0.0498605	0.0426344
	0.0742128	0.0492372	0.0532972	0.0611473	0.054325	0.0512059	0.06699	0.056732
	0.0742128	0.0492372	0.0532972	0.0611473	0.054325	0.0512059	0.06699	0.056732
loop 25
	0.0741926	0.0492228	0.0532849	0.0611322	0.0543124	0.0511944	0.0669727	0.0567185
	0.149386	0.0968143	0.106179	0.122067	0.110774	0.102831	0.134592	0.111994
	0.0534419	0.0353556	0.0387052	0.0440436	0.0395035	0.0368856	0.0475269	0.0403784
	0.0612697	0.0420254	0.0446802	0.0512914	0.0457067	0.0440075	0.0555918	0.0467359
	0.153911	0.109904	0.118265	0.130189	0.121069	0.115275	0.141269	0.122903
	0.0612697	0.0420254	0.0446802	0.0512914	0.0457067	0.0440075	0.0555918	0.0467359
	0.0741926	0.0492228	0.0532849	0.0611322	0.0543124	0.0511944	0.0669727	0.0567185
	0.0741926	0.0492228	0.0532849	0.0611322	0.0543124	0.0511944	0.0669727	0.0567185
loop 26
	0.0742195	0.0492444	0.0533094	0.0611574	0.0543335	0.0512175	0.0670016	0.0568442
	0.149394	0.0968143	0.106179	0.122067	0.110774	0.102831	0.134592	0.111999
	0.0562409	0.0390589	0.0424841	0.0479987	0.0432829	0.0405832	0.0515739	0.0442286
	0.0537631	0.0360737	0.0387835	0.043788	0.0398272	0.0365912	0.0481104	0.0408288
	0.156821	0.110815	0.119135	0.133073	0.12194	0.116155	0.142023	0.123754
	0.0537631	0.0360737	0.0387835	0.043788	0.0398272	0.0365912	0.0481104	0.0408288
	0.0742195	0.0492444	0.0533094	0.0611574	0.0543335	0.0512175	0.0670016	0.0568442
	0.0742195	0.0492444	0.0533094	0.0611574	0.0543335	0.0512175	0.0670016	0.0568442
loop 27
	0.0742128	0.0492372	0.0533012	0.0611473	0.054325	0.0512098	0.06699	0.056732
	0.14942	0.0968367	0.106199	0.122093	0.110801	0.102856	0.134622	0.112022
	0.0584118	0.0399004	0.0433144	0.0488083	0.0441176	0.0414219	0.0523649	0.0450486
	0.0577938	0.0386587	0.0428642	0.0478584	0.0439009	0.0406462	0.0521708	0.0449142
	0.155291	0.109275	0.117605	0.131547	0.120401	0.114612	0.140497	0.122209
	0.0577938	0.0386587	0.0428642	0.0478584	0.0439009	0.0406462	0.0521708	0.0449142
	0.0742128	0.0492372	0.0533012	0.0611473	0.054325	0.0512098	0.06699	0.056732
	0.0742128	0.0492372	0.0533012	0.0611473	0.054325	0.0512098	0.06699	0.056732
loop 28
	0.0741993	0.0492264	0.053289	0.0611372	0.0543166	0.0511982	0.0669785	0.0567185
	0.14942	0.0968367	0.106199	0.122093	0.110801	0.102856	0.134622	0.112022
	0.0591081	0.0406651	0.0440667	0.0495414	0.0448629	0.0421791	0.0530829	0.0457954
	0.0624612	0.0415792	0.0457975	0.052437	0.0468229	0.0451124	0.0567688	0.0478656
	0.152926	0.109275	0.117565	0.129358	0.120359	0.114612	0.14036	0.122153
	0.0624612	0.0415792	0.0457975	0.052437	0.0468229	0.0451124	0.0567688	0.0478656
	0.0741993	0.0492264	0.053289	0.0611372	0.0543166	0.0511982	0.0669785	0.0567185
	0.0741993	0.0492264	0.053289	0.0611372	0.0543166	0.0511982	0.0669785	0.0567185
loop 29
	0.0742128	0.0492372	0.0533012	0.0611473	0.054325	0.0512098	0.0669958	0.056732
	0.14942	0.0968322	0.106194	0.122093	0.110796	0.102851	0.134622	0.112016
	0.0534175	0.0353085	0.0386591	0.0440066	0.0394598	0.038077	0.0474958	0.0403374
	0.0592557	0.0399651	0.0426495	0.0492586	0.0436782	0.0419612	0.053573	0.0446997
	0.156344	0.110421	0.120763	0.13266	0.123552	0.117767	0.143705	0.1254
	0.0592557	0.0399651	0.0426495	0.0492586	0.0436782	0.0419612	0.053573	0.0446997
	0.0742128	0.0492372	0.0533012	0.0611473	0.054325	0.0512098	0.0669958	0.056732
	0.0742128	0.0492372	0.0533012	0.0611473	0.054325	0.0512098	0.0669958	0.056732
loop 30
	0.0742128	0.0492408	0.0533012	0.0611524	0.0543293	0.0512098	0.0669958	0.0567365
	0.149403	0.0968277	0.106194	0.122086	0.11079	0.102851	0.134607	0.112011
	0.0574768	0.038909	0.0423316	0.0478431	0.0431303	0.041705	0.051418	0.0440806
	0.0610934	0.0418563	0.0445048	0.0511128	0.0455284	0.0438319	0.0554302	0.04815
	0.1526	0.108557	0.116909	0.128854	0.11971	0.113912	0.139932	0.121543
	0.0610934	0.0418563	0.0445048	0.0511128	0.0455284	0.0438319	0.0554302	0.04815
	0.0742128	0.0492408	0.0533012	0.0611524	0.0543293	0.0512098	0.0669958	0.0567365
	0.0742128	0.0492408	0.0533012	0.0611524	0.0543293	0.0512098	0.0669958	0.0567365
loop 31
	0.0741993	0.0492264	0.053289	0.0611372	0.0543166	0.0511982	0.0669785	0.0567185
	0.149386	0.0968098	0.106174	0.122067	0.110774	0.102831	0.134592	0.111994
	0.058026	0.0395868	0.0429867	0.0484619	0.0450771	0.0423752	0.0533688	0.0460208
	0.0598014	0.0406799	0.0448849	0.0498913	0.0459152	0.0426555	0.0541886	0.0469413
	0.160978	0.114052	0.12215	0.13569	0.12489	0.119292	0.146455	0.126606
	0.0598014	0.0406799	0.0448849	0.0498913	0.0459152	0.0426555	0.0541886	0.0469413
	0.0741993	0.0492264	0.053289	0.0611372	0.0543166	0.0511982	0.0669785	0.0567185
	0.0741993	0.0492264	0.053289	0.0611372	0.0543166	0.0511982	0.0669785	0.0567185

work load: gap.mips bzip2.mips ammp.mips vortex.mips gcc.mips vortex.mips gap.mips gap.mips
