loop 0
	0.0512335	0.034609	0.0379847	0.0432386
	0.0533433	0.0358026	0.0393689	0.0449208
	0.0533433	0.0358026	0.0393689	0.0449208
	0.0533433	0.0358026	0.0393689	0.0449208
loop 1
	0.0511951	0.0345848	0.0379533	0.0418898
	0.0536311	0.034694	0.0382375	0.0437662
	0.0536311	0.034694	0.0382375	0.0437662
	0.0536311	0.034694	0.0382375	0.0437662
loop 2
	0.05256	0.0345727	0.0379394	0.0431879
	0.0523636	0.0348232	0.0383869	0.0439289
	0.0523636	0.0348232	0.0383869	0.0439289
	0.0523636	0.0348232	0.0383869	0.0439289
loop 3
	0.0512389	0.0345969	0.0379707	0.0432344
	0.0523688	0.0348372	0.0383967	0.0439408
	0.0523688	0.0348372	0.0383967	0.0439408
	0.0523688	0.0348372	0.0383967	0.0439408
loop 4
	0.0514306	0.0335048	0.0368593	0.0420864
	0.0523947	0.0348541	0.0384162	0.0439606
	0.0523947	0.0348541	0.0384162	0.0439606
	0.0523947	0.0348541	0.0384162	0.0439606
loop 5
	0.0502685	0.0336536	0.0370208	0.0422707
	0.0523688	0.0348428	0.0383999	0.0439448
	0.0523688	0.0348428	0.0383999	0.0439448
	0.0523688	0.0348428	0.0383999	0.0439448
loop 6
	0.051562	0.0348299	0.0382249	0.0435133
	0.0535724	0.0346574	0.0382017	0.0437185
	0.0535724	0.0346574	0.0382017	0.0437185
	0.0535724	0.0346574	0.0382017	0.0437185
loop 7
	0.0525319	0.0345425	0.0379081	0.0431542
	0.0547052	0.0357297	0.0392882	0.0448266
	0.0547052	0.0357297	0.0392882	0.0448266
	0.0547052	0.0357297	0.0392882	0.0448266
loop 8
	0.0516715	0.0336419	0.0370175	0.0422707
	0.0538016	0.034826	0.0383804	0.043917
	0.0538016	0.034826	0.0383804	0.043917
	0.0538016	0.034826	0.0383804	0.043917
loop 9
	0.0514963	0.0335486	0.0369064	0.0421356
	0.0538069	0.0348176	0.0383739	0.043917
	0.0538069	0.0348176	0.0383739	0.043917
	0.0538069	0.0348176	0.0383739	0.043917
loop 10
	0.0515127	0.0335573	0.0369165	0.0421478
	0.053727	0.0347614	0.0383122	0.0438495
	0.053727	0.0347614	0.0383122	0.0438495
	0.053727	0.0347614	0.0383122	0.0438495
loop 11
	0.051343	0.0346514	0.0380369	0.0433147
	0.0537749	0.0347979	0.0383512	0.0438932
	0.0537749	0.0347979	0.0383512	0.0438932
	0.0537749	0.0347979	0.0383512	0.0438932
loop 12
	0.0516825	0.0336769	0.0370444	0.0422953
	0.0523843	0.0348456	0.0384032	0.0439487
	0.0523843	0.0348456	0.0384032	0.0439487
	0.0523843	0.0348456	0.0384032	0.0439487
loop 13
	0.0516003	0.0336186	0.0369805	0.0422257
	0.0537749	0.0348007	0.0383609	0.0438932
	0.0537749	0.0348007	0.0383609	0.0438932
	0.0537749	0.0348007	0.0383609	0.0438932
loop 14
	0.0513156	0.0346695	0.0367652	0.0419881
	0.0546505	0.0356918	0.0392444	0.0447816
	0.0546505	0.0356918	0.0392444	0.0447816
	0.0546505	0.0356918	0.0392444	0.0447816
loop 15
	0.0504123	0.0337527	0.0371285	0.0423936
	0.0535778	0.0346715	0.0382115	0.0437344
	0.0535778	0.0346715	0.0382115	0.0437344
	0.0535778	0.0346715	0.0382115	0.0437344
loop 16
	0.0505509	0.0338548	0.0359664	0.0411982
	0.0525243	0.034958	0.0385234	0.0440797
	0.0525243	0.034958	0.0385234	0.0440797
	0.0525243	0.034958	0.0385234	0.0440797
loop 17
	0.0514634	0.0335311	0.0368829	0.0421192
	0.0533113	0.035791	0.0393588	0.0448963
	0.0533113	0.035791	0.0393588	0.0448963
	0.0533113	0.035791	0.0393588	0.0448963
loop 18
	0.0533933	0.0341855	0.0375182	0.0440348
	0.0536524	0.0347108	0.038257	0.043786
	0.0536524	0.0347108	0.038257	0.043786
	0.0536524	0.0347108	0.038257	0.043786
loop 19
	0.0522056	0.0342975	0.037647	0.0428711
	0.0524206	0.0348737	0.0384389	0.0439845
	0.0524206	0.0348737	0.0384389	0.0439845
	0.0524206	0.0348737	0.0384389	0.0439845
loop 20
	0.0524644	0.0345122	0.0378698	0.0431119
	0.053759	0.0347867	0.0383414	0.0438773
	0.053759	0.0347867	0.0383414	0.0438773
	0.053759	0.0347867	0.0383414	0.0438773
loop 21
	0.0511732	0.0345788	0.0379429	0.0431922
	0.053679	0.0347164	0.03827	0.0438019
	0.053679	0.0347164	0.03827	0.0438019
	0.053679	0.0347164	0.03827	0.0438019
loop 22
	0.0514854	0.0335282	0.0368896	0.0421274
	0.0536204	0.0347024	0.0382472	0.0437662
	0.0536204	0.0347024	0.0382472	0.0437662
	0.0536204	0.0347024	0.0382472	0.0437662
loop 23
	0.0525881	0.0345878	0.0379568	0.0432049
	0.0524102	0.0348681	0.0384292	0.0439805
	0.0524102	0.0348681	0.0384292	0.0439805
	0.0524102	0.0348681	0.0384292	0.0439805
loop 24
	0.0513101	0.0346635	0.0380438	0.0433063
	0.0537536	0.0347951	0.0383447	0.0438773
	0.0537536	0.0347951	0.0383447	0.0438773
	0.0537536	0.0347951	0.0383447	0.0438773
loop 25
	0.0514634	0.0335253	0.0368795	0.042111
	0.0533966	0.0358551	0.0394227	0.0435757
	0.0533966	0.0358551	0.0394227	0.0435757
	0.0533966	0.0358551	0.0394227	0.0435757
loop 26
	0.0513649	0.0334611	0.0368089	0.0420291
	0.053759	0.034781	0.038335	0.0438733
	0.053759	0.034781	0.038335	0.0438733
	0.053759	0.034781	0.038335	0.0438733
loop 27
	0.0524587	0.0344729	0.037835	0.0430823
	0.052602	0.0350001	0.0385754	0.0427491
	0.052602	0.0350001	0.0385754	0.0427491
	0.052602	0.0350001	0.0385754	0.0427491
loop 28
	0.0504017	0.0337498	0.0371251	0.0423895
	0.0535511	0.0359455	0.0381725	0.0436947
	0.0535511	0.0359455	0.0381725	0.0436947
	0.0535511	0.0359455	0.0381725	0.0436947
loop 29
	0.0514854	0.0335398	0.0368964	0.0421315
	0.052431	0.0348822	0.0384487	0.0439924
	0.052431	0.0348822	0.0384487	0.0439924
	0.052431	0.0348822	0.0384487	0.0439924
loop 30
	0.0512335	0.034609	0.0379812	0.0419185
	0.0537003	0.0347529	0.0383025	0.0438297
	0.0537003	0.0347529	0.0383025	0.0438297
	0.0537003	0.0347529	0.0383025	0.0438297
loop 31
	0.0524756	0.0345122	0.0378733	0.0431119
	0.0536257	0.034694	0.0382407	0.0437622
	0.0536257	0.034694	0.0382407	0.0437622
	0.0536257	0.034694	0.0382407	0.0437622

work load: mesa.mips twolf.mips twolf.mips twolf.mips
