loop 0
	0.045557	0.0292735	0.0323259	0.03706
	0.0512335	0.034609	0.0379847	0.0432386
	0.149394	0.0968143	0.106179	0.122067
	0.0571338	0.0372492	0.0404521	0.0467553
loop 1
	0.0455777	0.0292897	0.0323447	0.0370792
	0.0511951	0.0345848	0.0379533	0.0418898
	0.149386	0.0968098	0.106163	0.122061
	0.0553984	0.036735	0.0399718	0.0450105
loop 2
	0.045557	0.0304074	0.0323259	0.0370562
	0.05256	0.0345727	0.0379394	0.0431879
	0.149386	0.0968098	0.106168	0.122067
	0.0543778	0.0357526	0.0389858	0.04532
loop 3
	0.0455363	0.0303962	0.0323102	0.0370408
	0.0512389	0.0345969	0.0379707	0.0432344
	0.14942	0.0968322	0.106189	0.122086
	0.0551616	0.0365575	0.0397813	0.0461139
loop 4
	0.0455985	0.0293005	0.0323572	0.0370908
	0.0514306	0.0335048	0.0368593	0.0420864
	0.14942	0.0968322	0.106189	0.122086
	0.0581914	0.0382035	0.0414219	0.0477654
loop 5
	0.0455725	0.0292816	0.0323353	0.0370715
	0.0502685	0.0336536	0.0370208	0.0422707
	0.14942	0.0968322	0.106194	0.122093
	0.056254	0.036359	0.040833	0.0458689
loop 6
	0.0455207	0.0303821	0.0323008	0.0370293
	0.051562	0.0348299	0.0382249	0.0435133
	0.149403	0.0968277	0.106194	0.122086
	0.0561622	0.0375156	0.0407429	0.0457807
loop 7
	0.0455674	0.0292816	0.0323353	0.0370677
	0.0525319	0.0345425	0.0379081	0.0431542
	0.149386	0.0968098	0.106174	0.122067
	0.0581225	0.0381923	0.041405	0.0477239
loop 8
	0.0455829	0.0292897	0.0323447	0.0370792
	0.0516715	0.0336419	0.0370175	0.0422707
	0.149377	0.0968053	0.106168	0.122061
	0.0560506	0.0374148	0.0406405	0.0469872
loop 9
	0.0455414	0.030399	0.0323165	0.0370446
	0.0514963	0.0335486	0.0369064	0.0421356
	0.149377	0.0968188	0.106174	0.122067
	0.0563721	0.0364565	0.0396702	0.0459767
loop 10
	0.045557	0.0292708	0.0323259	0.0370562
	0.0515127	0.0335573	0.0369165	0.0421478
	0.14942	0.0968322	0.106189	0.122086
	0.0561425	0.0375192	0.040747	0.0457758
loop 11
	0.0455725	0.029287	0.0323416	0.0370754
	0.051343	0.0346514	0.0380369	0.0433147
	0.149411	0.0968322	0.106189	0.122086
	0.056523	0.0365505	0.0397694	0.0460992
loop 12
	0.0455363	0.0303934	0.0323102	0.0370408
	0.0516825	0.0336769	0.0370444	0.0422953
	0.149411	0.0968277	0.106184	0.12208
	0.0552576	0.0366375	0.0398646	0.046207
loop 13
	0.0455466	0.0304046	0.0323196	0.0370523
	0.0516003	0.0336186	0.0369805	0.0422257
	0.151828	0.0997287	0.108989	0.124764
	0.0555136	0.0368116	0.0400551	0.0451105
loop 14
	0.0456036	0.029306	0.0323635	0.0370984
	0.0513156	0.0346695	0.0367652	0.0419881
	0.149377	0.0968008	0.106163	0.122054
	0.0574297	0.0374292	0.0406569	0.0469972
loop 15
	0.0455725	0.0292816	0.0323353	0.0370677
	0.0504123	0.0337527	0.0371285	0.0423936
	0.149429	0.0968412	0.10621	0.122099
	0.0572212	0.0372852	0.0404972	0.0468208
loop 16
	0.0455311	0.0303878	0.0323071	0.0370369
	0.0505509	0.0338548	0.0359664	0.0411982
	0.14942	0.0968367	0.106199	0.122093
	0.0564246	0.0364461	0.0409354	0.0459963
loop 17
	0.0455622	0.0292924	0.032329	0.0370638
	0.0514634	0.0335311	0.0368829	0.0421192
	0.149403	0.0968367	0.106199	0.122093
	0.057033	0.0371304	0.0416078	0.0466494
loop 18
	0.0455622	0.0292762	0.032329	0.0370638
	0.0533933	0.0341855	0.0375182	0.0440348
	0.149411	0.0968277	0.106189	0.122086
	0.0560178	0.0373968	0.04062	0.046967
loop 19
	0.0455518	0.0304074	0.0323228	0.0370523
	0.0522056	0.0342975	0.037647	0.0428711
	0.149386	0.0968143	0.106179	0.122067
	0.0553152	0.0366375	0.0398765	0.0449248
loop 20
	0.0455622	0.0292735	0.032329	0.03706
	0.0524644	0.0345122	0.0378698	0.0431119
	0.149394	0.0968143	0.106179	0.122074
	0.0553984	0.0367246	0.0399639	0.0450057
loop 21
	0.0455881	0.0292924	0.0323478	0.0370831
	0.0511732	0.0345788	0.0379429	0.0431922
	0.149386	0.0968053	0.106168	0.122061
	0.0573624	0.0373392	0.0405668	0.0469166
loop 22
	0.0455414	0.0303934	0.0323102	0.0370408
	0.0514854	0.0335282	0.0368896	0.0421274
	0.14942	0.0968367	0.106205	0.122099
	0.055584	0.0368359	0.0400829	0.0451533
loop 23
	0.0455311	0.0303906	0.0323071	0.0370331
	0.0525881	0.0345878	0.0379568	0.0432049
	0.14942	0.0968322	0.106194	0.122093
	0.0562212	0.0375588	0.040788	0.0458346
loop 24
	0.0455881	0.0292924	0.0323478	0.0370831
	0.0513101	0.0346635	0.0380438	0.0433063
	0.149411	0.0968322	0.106194	0.122086
	0.058847	0.0389282	0.0421356	0.0484566
loop 25
	0.0455674	0.0292789	0.0323322	0.0370638
	0.0514634	0.0335253	0.0368795	0.042111
	0.149386	0.0968143	0.106179	0.122067
	0.057154	0.0372204	0.0417092	0.0467502
loop 26
	0.0455311	0.0303878	0.0323039	0.0370331
	0.0513649	0.0334611	0.0368089	0.0420291
	0.149377	0.0968053	0.106168	0.122061
	0.0552704	0.0366166	0.0398488	0.0462021
loop 27
	0.0455829	0.029287	0.0323416	0.0370754
	0.0524587	0.0344729	0.037835	0.0430823
	0.149394	0.0968188	0.106179	0.122074
	0.0562934	0.0375444	0.040788	0.0458591
loop 28
	0.0455725	0.0292816	0.0323384	0.0370715
	0.0504017	0.0337498	0.0371251	0.0423895
	0.14942	0.0968367	0.106199	0.122099
	0.0574297	0.0374076	0.0406323	0.0469872
loop 29
	0.0455311	0.0303906	0.0323071	0.0370369
	0.0514854	0.0335398	0.0368964	0.0421315
	0.14942	0.0968367	0.106199	0.122093
	0.0572212	0.0372348	0.0417303	0.0467956
loop 30
	0.0455725	0.0292816	0.0323353	0.0370677
	0.0512335	0.034609	0.0379812	0.0419185
	0.14942	0.0968322	0.106199	0.122093
	0.0563787	0.0364321	0.0409149	0.0459669
loop 31
	0.0455933	0.0293005	0.0323572	0.0370908
	0.0524756	0.0345122	0.0378733	0.0431119
	0.149394	0.0968143	0.106179	0.122067
	0.0569523	0.0383003	0.0415317	0.0478898

work load: wupwise.mips mesa.mips gzip.mips vpr.mips
