loop 0
	0.0575232	0.0380146	0.041652	0.0473715	0.0425496	0.0397322	0.0525827	0.0434064	0.0775094	0.0454369	0.043714	0.0776243	0.0651975	0.0778805	0.0887973	0.0863515
	0.0421028	0.0279394	0.0312848	0.0353176	0.0321343	0.0295779	0.0388296	0.032885	0.058016	0.0335253	0.0319559	0.058112	0.0478191	0.056868	0.0654037	0.0631537
	0.0631537	0.0493465	0.0540138	0.0607045	0.054796	0.0521919	0.0670181	0.0570217	0.10155	0.0588803	0.055904	0.100022	0.0833374	0.0833374	0.114035	0.111711
	0.084617	0.0548604	0.0603531	0.0690186	0.0624135	0.0588234	0.076225	0.076225	0.117536	0.0660972	0.0634577	0.117697	0.095731	0.116403	0.13466	0.130699
	0.167121	0.167121	0.122103	0.139257	0.124247	0.117707	0.151771	0.126064	0.22588	0.131051	0.12722	0.226266	0.185188	0.223123	0.252629	0.246941
	0.0879669	0.0577434	0.0577434	0.0722271	0.0646856	0.0606252	0.0786803	0.0669789	0.119138	0.0688546	0.0658314	0.1193	0.0986237	0.117632	0.135655	0.131446
	0.0424044	0.0285812	0.0310873	0.034328	0.0320302	0.0304069	0.038739	0.0329489	0.0580387	0.0336775	0.0318459	0.0581287	0.0468705	0.0567642	0.0660297	0.0660297
	0.0660297	0.0389716	0.0434425	0.0485338	0.0442297	0.0417174	0.053192	0.0450065	0.0814722	0.0468115	0.0439964	0.0439964	0.0672979	0.0672979	0.0672979	0.0895362
	0.0589488	0.0589488	0.0434425	0.0485338	0.0442297	0.0417174	0.053192	0.0450065	0.0814722	0.0468115	0.0439964	0.0800525	0.0672979	0.080251	0.080251	0.0895362
	0.0771585	0.0502174	0.05495	0.0631176	0.0557599	0.0557599	0.0695107	0.057952	0.104478	0.0598705	0.0569054	0.104625	0.0860902	0.103205	0.119076	0.114906
	0.0762252	0.0510149	0.055981	0.0631032	0.0568235	0.0540536	0.0698315	0.0591834	0.104764	0.0611682	0.0579988	0.104917	0.0871878	0.103311	0.117965	0.115514
	0.0424044	0.0285812	0.0310873	0.034328	0.0320302	0.0304069	0.038739	0.0329489	0.0580387	0.0336775	0.0336775	0.0581287	0.0468705	0.0567642	0.0660297	0.0660297
	0.0660297	0.0660297	0.0660297	0.0660297	0.0660297	0.0660297	0.0660297	0.0660297	0.0660297	0.0660297	0.0660297	0.0660297	0.0660297	0.0660297	0.0660297	0.0660297
	0.0424044	0.0285812	0.0310873	0.034328	0.0320302	0.0304069	0.038739	0.0329489	0.0580387	0.0336775	0.0318459	0.0581287	0.0468705	0.0567642	0.0660297	0.0635968
	0.0589488	0.0389716	0.0434425	0.0485338	0.0442297	0.0417174	0.053192	0.0450065	0.0814722	0.0468115	0.0439964	0.0439964	0.0672979	0.080251	0.0917683	0.0895362
	4213.55	2798.09	3060.66	3473.22	3131.13	2937.93	3803.23	3215.58	5736.39	3330.61	3165.17	5713.71	4737.65	5649.6	6488.78	6295.66
loop 1
	0.0463831	0.0308664	0.03325	0.037637	0.037637	0.0326632	0.0414204	0.0350168	0.063264	0.0370769	0.0353278	0.0633664	0.0525672	0.0620855	0.0712621	0.0688254
	0.0494592	0.0322364	0.0354566	0.0404767	0.0362651	0.0337873	0.0450771	0.0369864	0.0671957	0.0388052	0.0372996	0.0672973	0.0562868	0.0661486	0.0773644	0.0751541
	0.0455725	0.0292816	0.0323353	0.0370677	0.0331106	0.0307667	0.0414245	0.0349458	0.0623457	0.0355068	0.0340908	0.0624429	0.0520437	0.0614036	0.0705798	0.0684841
	0.0831506	0.0550115	0.0596519	0.0692017	0.0618749	0.0618749	0.0755739	0.0640792	0.115373	0.0659661	0.0630213	0.113771	0.0952332	0.114092	0.129997	0.127635
	0.156407	0.104822	0.1139	0.127766	0.11617	0.109199	0.140647	0.121823	0.212738	0.123256	0.119229	0.213113	0.175192	0.175192	0.240509	0.230132
	0.0647514	0.0432246	0.047755	0.0542093	0.0485472	0.0447201	0.0589247	0.0493004	0.0890875	0.0511292	0.0482914	0.0892129	0.0732113	0.0878857	0.101211	0.0989424
	0.0269885	0.0182565	0.019668	0.0218209	0.0194161	0.01895	0.01895	0.0203295	0.0361825	0.0211652	0.0211652	0.0348375	0.0295104	0.0348125	0.0348125	0.0389548
	0.0443059	0.029589	0.0328213	0.0366444	0.0336273	0.0311378	0.0399565	0.0343744	0.0619144	0.0349654	0.0334423	0.060588	0.0510541	0.0608469	0.0690003	0.0668317
	0.0443059	0.029589	0.0328213	0.0366444	0.0336273	0.0311378	0.0399565	0.0343744	0.0619144	0.0349654	0.0334423	0.060588	0.0510541	0.0608469	0.0690003	0.0668317
	0.0819312	0.0541021	0.0587005	0.0681278	0.0681278	0.0569984	0.0744722	0.0616293	0.113889	0.0649722	0.060611	0.114058	0.0939091	0.112693	0.1303	0.126108
	0.0600726	0.0401869	0.0401869	0.0497022	0.0448172	0.0419495	0.0550333	0.0456713	0.0820869	0.0477594	0.0460206	0.0460206	0.0678858	0.0808189	0.0919252	0.0894224
	0.0269885	0.0182565	0.019668	0.0218209	0.0194161	0.01895	0.0233743	0.0203295	0.0361825	0.0211652	0.0205244	0.0348375	0.0295104	0.0348125	0.0398967	0.0389548
	0.0389548	0.0389548	0.0389548	0.0389548	0.0389548	0.0389548	0.0389548	0.0389548	0.0389548	0.0389548	0.0389548	0.0389548	0.0389548	0.0389548	0.0389548	0.0389548
	0.0269885	0.0269885	0.019668	0.0218209	0.0218209	0.01895	0.01895	0.0203295	0.0361825	0.0211652	0.0205244	0.0348375	0.0295104	0.0348125	0.0398967	0.0389548
	0.0443059	0.029589	0.0328213	0.0366444	0.0336273	0.0311378	0.0399565	0.0343744	0.0343744	0.0349654	0.0334423	0.060588	0.0510541	0.0608469	0.0690003	0.0668317
	4213.55	2798.09	3060.66	3473.22	3131.13	2937.93	3803.23	3215.58	5736.39	3330.61	3165.17	5713.71	4737.65	5649.6	6488.78	6295.66
loop 2
	6295.66	6295.66	0.033265	0.0376582	0.0341927	0.03268	0.0414413	0.0350357	0.0633024	0.0370944	0.035344	0.0634048	0.0525966	0.0621229	0.0713	0.0688615
	0.0501131	0.0329665	0.036178	0.0411769	0.0369828	0.0345109	0.0345109	0.0376975	0.0692389	0.0395114	0.0380175	0.0693449	0.0569187	0.0681887	0.0778947	0.07569
	0.0455414	0.030399	0.0323165	0.0370446	0.0330878	0.0318956	0.041402	0.0349249	0.0623133	0.0354852	0.0340706	0.0624105	0.0520125	0.061364	0.0705414	0.0684472
	0.08246	0.0544479	0.0593394	0.0678334	0.0601728	0.0560214	0.0729258	0.0624592	0.112522	0.0644495	0.061365	0.112675	0.0916674	0.111244	0.111244	0.123362
	0.156414	0.104754	0.113829	0.13152	0.1161	0.109129	0.140585	0.1217	0.212652	0.123133	0.119157	0.119157	0.175112	0.175112	0.240406	0.230035
	0.0836076	0.0547264	0.0606324	0.0685143	0.0613846	0.0575163	0.07471	0.0635423	0.115152	0.0653619	0.0624863	0.113599	0.0938107	0.112141	0.129388	0.125319
	0.0269901	0.0182583	0.01967	0.0218234	0.0194181	0.0189528	0.0233921	0.0233921	0.0348025	0.0211664	0.0205266	0.0348625	0.0295337	0.0348175	0.0399239	0.0399239
	0.0452858	0.0305417	0.0305417	0.0305417	0.0333921	0.0320935	0.0409318	0.034134	0.0615133	0.0359309	0.0344037	0.0616041	0.0507191	0.0507191	0.070025	0.0678514
	0.0452858	0.0305417	0.0325883	0.0325883	0.0333921	0.0320935	0.0409318	0.034134	0.0615133	0.0359309	0.0344037	0.0616041	0.0507191	0.0604549	0.070025	0.0678514
	0.0798448	0.0528716	0.057873	0.065014	0.0587167	0.0559575	0.0718227	0.0610752	0.108792	0.0630846	0.0599136	0.107142	0.0892805	0.107312	0.12217	0.12217
	0.0525347	0.0349608	0.0385299	0.0440877	0.0394227	0.0366781	0.0477405	0.0402264	0.0719442	0.0422371	0.0392007	0.0720576	0.060001	0.060001	0.0813651	0.0813651
	0.0813651	0.0182583	0.01967	0.0218234	0.0194181	0.0189528	0.0233921	0.0203316	0.0348025	0.0211664	0.0205266	0.0348625	0.0295337	0.0348175	0.0399239	0.038984
	0.038984	0.038984	0.038984	0.038984	0.038984	0.038984	0.038984	0.038984	0.038984	0.038984	0.038984	0.038984	0.038984	0.038984	0.038984	0.038984
	0.0269901	0.0269901	0.01967	0.0218234	0.0194181	0.0189528	0.0233921	0.0203316	0.0348025	0.0211664	0.0205266	0.0205266	0.0205266	0.0348175	0.0399239	0.038984
	0.0452858	0.0305417	0.0325883	0.0376119	0.0333921	0.0320935	0.0409318	0.034134	0.0615133	0.0359309	0.0344037	0.0616041	0.0507191	0.0604549	0.070025	0.0678514
	4213.55	2798.09	3060.66	3473.22	3131.13	2937.93	3803.23	3215.58	5736.39	3330.61	3165.17	5713.71	4737.65	5649.6	6488.78	6295.66
loop 3
	0.0464077	0.0308862	0.0332675	0.0376613	0.0341953	0.0326848	0.0414448	0.0350357	0.063296	0.0370974	0.0353467	0.0633984	0.0525917	0.0621167	0.0712924	0.0688543
	0.057423	0.057423	0.0406159	0.046972	0.046972	0.0389282	0.0389282	0.0434356	0.0784774	0.0452771	0.0424754	0.0770584	0.064374	0.0773644	0.0888714	0.0850422
	0.0455622	0.0292762	0.032329	0.0370638	0.0331041	0.0307638	0.04142	0.0349423	0.0623376	0.0354996	0.0340874	0.0624348	0.0520375	0.0613877	0.0705702	0.0684749
	0.0752196	0.0500502	0.0535559	0.0620416	0.0559319	0.0517146	0.0672214	0.05661	0.101759	0.0586497	0.0556307	0.101902	0.101902	0.100505	0.117	0.112657
	0.156407	0.104822	0.1139	0.127766	0.11617	0.109199	0.140647	0.121823	0.212738	0.123256	0.119229	0.213113	0.175192	0.210094	0.240509	0.230132
	0.0462626	0.0462626	0.0331782	0.0383472	0.0340161	0.0340161	0.041771	0.0347626	0.0644198	0.0366272	0.0350668	0.0630435	0.0518456	0.0633541	0.0717572	0.0695148
	0.0411106	0.0269381	0.0293574	0.0337194	0.0302743	0.0287165	0.0375251	0.0311501	0.05499	0.0318661	0.0313943	0.0550752	0.0550752	0.0537892	0.062848	0.0604567
	0.0455259	0.0295344	0.0327607	0.0378091	0.0335677	0.0310788	0.0411473	0.0343159	0.0618236	0.0361189	0.0333827	0.061922	0.050979	0.0607581	0.0703769	0.0681974
	0.0455259	0.0295344	0.0327607	0.0378091	0.0335677	0.0310788	0.0411473	0.0343159	0.0618236	0.0361189	0.0333827	0.0333827	0.050979	0.0607581	0.0703769	0.0681974
	0.105093	0.0708391	0.0763859	0.0863366	0.0790817	0.0742997	0.0941	0.0801051	0.139775	0.139775	0.0786636	0.139984	0.11752	0.140089	0.159128	0.154197
	0.0527628	0.0351294	0.0373654	0.0428914	0.0382537	0.0368506	0.0465351	0.0404144	0.0722358	0.0410544	0.0393857	0.0707504	0.0587471	0.0710751	0.0816916	0.0792852
	0.0411106	0.0269381	0.0269381	0.0337194	0.0302743	0.0287165	0.0375251	0.0311501	0.05499	0.0318661	0.0313943	0.0550752	0.0458383	0.0537892	0.062848	0.0604567
	0.0604567	0.0604567	0.0604567	0.0604567	0.0604567	0.0604567	0.0604567	0.0604567	0.0604567	0.0604567	0.0604567	0.0604567	0.0604567	0.0604567	0.0604567	0.0604567
	0.0411106	0.0269381	0.0293574	0.0337194	0.0302743	0.0287165	0.0375251	0.0311501	0.0311501	0.0318661	0.0318661	0.0550752	0.0458383	0.0537892	0.062848	0.0604567
	0.0455259	0.0455259	0.0327607	0.0378091	0.0335677	0.0310788	0.0310788	0.0343159	0.0618236	0.0361189	0.0333827	0.061922	0.050979	0.0607581	0.0703769	0.0703769
	4213.55	2798.09	3060.66	3473.22	3131.13	2937.93	3803.23	3215.58	5736.39	3330.61	3165.17	5713.71	4737.65	5649.6	6488.78	6295.66
loop 4
	0.0464241	0.0308995	0.0332825	0.0376734	0.034211	0.0326992	0.0414587	0.0350492	0.0633152	0.0371119	0.0353629	0.0634176	0.0526113	0.0621354	0.0713151	0.0688759
	0.0625426	0.0411156	0.0443303	0.0506756	0.0464471	0.0426452	0.056733	0.0471535	0.0851939	0.0490055	0.0461972	0.0853105	0.0709816	0.0709816	0.0973288	0.0950397
	0.0455777	0.029287	0.0323416	0.0370754	0.0331171	0.0307755	0.0414335	0.0349527	0.0623619	0.035514	0.0341009	0.0624591	0.0520499	0.0520499	0.070599	0.0685025
	0.0526185	0.0353098	0.0388239	0.0388239	0.0397043	0.0369954	0.0478908	0.0404928	0.0733406	0.0424762	0.039485	0.0718708	0.06	0.0721938	0.08269	0.0803086
	0.156359	0.104855	0.113859	0.131497	0.116127	0.109237	0.140569	0.1217	0.212642	0.123129	0.119185	0.213007	0.175091	0.209999	0.240395	0.230024
	0.0466721	0.0301025	0.0334524	0.0373999	0.0342944	0.0317179	0.0421356	0.0350511	0.0635168	0.0356708	0.0341038	0.0621495	0.0523069	0.0624457	0.0624457	0.0686246
	0.0534487	0.0351263	0.0385521	0.0439062	0.0394056	0.0394056	0.048804	0.0401868	0.0738336	0.0421151	0.0405068	0.0723835	0.0606975	0.0726775	0.0830031	0.08067
	0.0452221	0.0452221	0.0325278	0.0375449	0.0333294	0.0320323	0.0408642	0.0340723	0.06143	0.0358647	0.0343419	0.0615284	0.050644	0.0617782	0.0699347	0.0677649
	0.0677649	0.0304822	0.0325278	0.0375449	0.0333294	0.0320323	0.0408642	0.0340723	0.06143	0.0358647	0.0343419	0.0615284	0.050644	0.0617782	0.0699347	0.0677649
	0.0829035	0.0567087	0.0625838	0.0693001	0.0635654	0.06025	0.0753934	0.0646706	0.112096	0.066974	0.0632149	0.112257	0.0936966	0.110279	0.127142	0.122267
	0.0526798	0.0350647	0.0386404	0.0428222	0.0395337	0.036784	0.0478752	0.0403413	0.0721305	0.0409788	0.0393151	0.0722439	0.0586498	0.0709722	0.0709722	0.0791747
	0.0534487	0.0351263	0.0385521	0.0439062	0.0394056	0.0367624	0.048804	0.0401868	0.0738336	0.0421151	0.0405068	0.0723835	0.0606975	0.0726775	0.0830031	0.08067
	0.08067	0.08067	0.08067	0.08067	0.08067	0.08067	0.08067	0.08067	0.08067	0.08067	0.08067	0.08067	0.08067	0.08067	0.08067	0.08067
	0.0534487	0.0351263	0.0385521	0.0439062	0.0394056	0.0367624	0.0367624	0.0401868	0.0738336	0.0421151	0.0405068	0.0723835	0.0606975	0.0726775	0.0830031	0.08067
	0.0452221	0.0304822	0.0325278	0.0375449	0.0333294	0.0320323	0.0408642	0.0340723	0.06143	0.0358647	0.0343419	0.0615284	0.050644	0.0617782	0.0699347	0.0677649
	4213.55	2798.09	3060.66	3473.22	3131.13	2937.93	3803.23	3215.58	5736.39	3330.61	3165.17	5713.71	4737.65	5649.6	6488.78	6295.66
loop 5
	0.0464241	0.0464241	0.03328	0.0376703	0.0342058	0.032692	0.0414587	0.0350465	0.0633216	0.037109	0.0353575	0.063424	0.0526162	0.0621416	0.0713227	0.0688832
	0.0560966	0.0374148	0.0406487	0.0470174	0.0414515	0.0414515	0.0503437	0.043476	0.0770176	0.0440159	0.0425058	0.07714	0.0629974	0.07591	0.087362	0.0851239
	0.0455622	0.0292762	0.032329	0.0370638	0.0331041	0.0307638	0.0307638	0.0349388	0.0623376	0.0354996	0.0340874	0.0624348	0.0520312	0.0520312	0.0705702	0.0684749
	0.0434672	0.0286669	0.0311877	0.0357768	0.0321608	0.0305552	0.0397455	0.0330486	0.0594365	0.0338037	0.0333504	0.0595351	0.048382	0.058246	0.0677423	0.0652184
	0.0652184	0.104822	0.1139	0.127766	0.11617	0.109199	0.109199	0.121823	0.212738	0.123256	0.119229	0.213113	0.175192	0.210094	0.240509	0.230132
	0.0465108	0.0303173	0.0335987	0.0387021	0.0344207	0.031899	0.031899	0.031899	0.0644533	0.0369995	0.0354661	0.064554	0.052036	0.0633904	0.0732119	0.0709796
	0.0532912	0.0350234	0.0384407	0.0437752	0.039294	0.0366585	0.0486619	0.041396	0.0736127	0.041996	0.0403915	0.0737276	0.060516	0.07247	0.0827534	0.08043
	0.04611	0.030201	0.0334141	0.0384438	0.0342185	0.0317407	0.041761	0.0349621	0.0637482	0.0367596	0.0352345	0.0624166	0.0515349	0.0626722	0.0723082	0.0723082
	0.04611	0.030201	0.030201	0.0384438	0.0342185	0.0317407	0.041761	0.0349621	0.0637482	0.0367596	0.0352345	0.0624166	0.0515349	0.0626722	0.0723082	0.0701242
	0.0901226	0.06125	0.0672975	0.0672975	0.0683012	0.0649179	0.0805055	0.0694227	0.120278	0.0717965	0.0679258	0.12046	0.101245	0.118381	0.135832	0.132959
	0.0526591	0.0350423	0.0386176	0.0427991	0.0427991	0.0367598	0.0478527	0.0403204	0.0721143	0.0409572	0.0409572	0.0722277	0.0586376	0.0709484	0.0815572	0.0791562
	0.0532912	0.0350234	0.0384407	0.0437752	0.039294	0.0366585	0.0366585	0.041396	0.0736127	0.041996	0.0403915	0.0737276	0.060516	0.07247	0.0827534	0.08043
	0.08043	0.08043	0.08043	0.08043	0.08043	0.08043	0.08043	0.08043	0.08043	0.08043	0.08043	0.08043	0.08043	0.08043	0.08043	0.08043
	0.0532912	0.0350234	0.0384407	0.0437752	0.039294	0.0366585	0.0486619	0.041396	0.0736127	0.0736127	0.0403915	0.0737276	0.060516	0.07247	0.0827534	0.08043
	0.04611	0.030201	0.0334141	0.0384438	0.0342185	0.0317407	0.041761	0.0349621	0.0637482	0.0367596	0.0352345	0.0624166	0.0515349	0.0626722	0.0723082	0.0701242
	4213.55	2798.09	3060.66	3473.22	3131.13	2937.93	3803.23	3215.58	5736.39	3330.61	3165.17	5713.71	4737.65	5649.6	6488.78	6295.66
loop 6
	0.0464159	0.0308907	0.033275	0.0376643	0.0342005	0.0326896	0.0414483	0.0350438	0.0633024	0.0371032	0.0353548	0.0634048	0.0526015	0.0621229	0.0713	0.0688615
	0.0390708	0.0248672	0.0282531	0.0322858	0.0279129	0.0265153	0.0345213	0.0298804	0.0531731	0.0305475	0.0289475	0.0518468	0.0434119	0.0521425	0.0590752	0.058304
	0.0455518	0.0304018	0.0323196	0.0370523	0.0330943	0.0319016	0.0414065	0.0349284	0.0623214	0.0354888	0.0340773	0.0624186	0.0520187	0.0613798	0.070551	0.0684564
	0.0436761	0.0288259	0.0313549	0.0359588	0.0323309	0.029373	0.0385029	0.0332191	0.0580914	0.0339766	0.0321432	0.0581874	0.0486072	0.0569151	0.0663616	0.0638516
	0.160434	0.107377	0.118841	0.134657	0.120829	0.111177	0.146266	0.122446	0.218315	0.127091	0.120115	0.218688	0.180846	0.21602	0.247388	0.237931
	0.237931	0.0312988	0.0345964	0.0384565	0.0354238	0.0328866	0.0431157	0.0361596	0.0655938	0.0367594	0.0352289	0.064221	0.0531179	0.0645153	0.0728525	0.0706261
	0.0514888	0.0344642	0.0379123	0.0379123	0.0387714	0.0361142	0.0468411	0.0395568	0.0703057	0.0703057	0.0385556	0.0704133	0.0587264	0.0587264	0.0794175	0.0770973
	0.0462764	0.0303118	0.0303118	0.0373477	0.0343419	0.0318544	0.0419091	0.0350865	0.0625405	0.0368928	0.0341535	0.0626335	0.0517187	0.0614678	0.0710646	0.0688943
	0.0462764	0.0303118	0.0335364	0.0373477	0.0343419	0.0343419	0.0419091	0.0350865	0.0625405	0.0368928	0.0341535	0.0626335	0.0517187	0.0614678	0.0710646	0.0688943
	0.0950403	0.0642571	0.0702459	0.0790704	0.0730432	0.0678853	0.085374	0.0742377	0.127463	0.0765988	0.0726464	0.127661	0.106204	0.125469	0.145256	0.145256
	0.0525139	0.034944	0.0385136	0.0440638	0.0394059	0.036657	0.0477181	0.040209	0.0719037	0.0422185	0.0391872	0.0720171	0.0599823	0.0707583	0.0707583	0.078935
	0.0514888	0.0344642	0.0379123	0.0432988	0.0387714	0.0361142	0.0468411	0.0395568	0.0703057	0.041496	0.0385556	0.0704133	0.0587264	0.0691578	0.0794175	0.0770973
	0.0770973	0.0770973	0.0770973	0.0770973	0.0770973	0.0770973	0.0770973	0.0770973	0.0770973	0.0770973	0.0770973	0.0770973	0.0770973	0.0770973	0.0770973	0.0770973
	0.0514888	0.0344642	0.0379123	0.0432988	0.0387714	0.0361142	0.0468411	0.0395568	0.0703057	0.041496	0.0385556	0.0704133	0.0587264	0.0691578	0.0794175	0.0770973
	0.0462764	0.0303118	0.0335364	0.0373477	0.0373477	0.0318544	0.0419091	0.0350865	0.0625405	0.0368928	0.0341535	0.0626335	0.0517187	0.0614678	0.0710646	0.0688943
	4213.55	2798.09	3060.66	3473.22	3131.13	2937.93	3803.23	3215.58	5736.39	3330.61	3165.17	5713.71	4737.65	5649.6	6488.78	6295.66
loop 7
	0.0464077	0.030884	0.03327	0.0376582	0.0341953	0.0326824	0.0414448	0.0414448	0.0632896	0.0370974	0.0353467	0.063392	0.0525917	0.0621104	0.0712848	0.068847
	0.0379011	0.0379011	0.0283459	0.03116	0.0280057	0.0266044	0.0346332	0.0287654	0.0519234	0.030645	0.0290419	0.052011	0.0435471	0.0523013	0.059259	0.0570303
	0.0455829	0.0292897	0.0323447	0.0370792	0.0331203	0.0307784	0.041438	0.0349562	0.06237	0.0355176	0.0341042	0.0624591	0.0520562	0.0614194	0.070599	0.0685025
	0.0409154	0.027328	0.0298957	0.0345576	0.0308853	0.0292493	0.0371503	0.0317802	0.0554484	0.0325585	0.0307051	0.0555366	0.0458874	0.0542706	0.0637901	0.0612562
	0.14942	0.0968367	0.106199	0.122093	0.110796	0.102856	0.134622	0.112022	0.199458	0.115882	0.110155	0.199795	0.165991	0.198256	0.223725	0.219323
	0.0467411	0.0304577	0.0304577	0.0376308	0.0345869	0.0320479	0.0320479	0.0353264	0.0633071	0.0371806	0.0343956	0.0634055	0.0522959	0.0622521	0.0720466	0.0720466
	0.0541847	0.0359323	0.039348	0.0446795	0.040198	0.0375624	0.0495682	0.040977	0.0744923	0.0428974	0.0412999	0.0746097	0.0614085	0.0733476	0.0852517	0.081302
	0.0454867	0.0294901	0.0327154	0.0377682	0.0335207	0.031031	0.0411093	0.0342737	0.0617857	0.0360736	0.0333357	0.0618841	0.0509385	0.0607138	0.0703318	0.0681541
	0.0454867	0.0294901	0.0327154	0.0377682	0.0335207	0.031031	0.0411093	0.0342737	0.0617857	0.0360736	0.0333357	0.0618841	0.0509385	0.0607138	0.0703318	0.0681541
	0.110006	0.0738631	0.081645	0.0902771	0.0825685	0.0774014	0.0983784	0.0855924	0.146536	0.0878738	0.0839808	0.146766	0.123213	0.146713	0.166539	0.161453
	0.0524932	0.0349299	0.0384942	0.044048	0.044048	0.0366418	0.0477001	0.0401916	0.0718875	0.0421999	0.0391671	0.0720009	0.0599573	0.0707345	0.0813075	0.0789074
	0.0789074	0.0359323	0.039348	0.0446795	0.040198	0.0375624	0.0495682	0.040977	0.0744923	0.0428974	0.0412999	0.0746097	0.0614085	0.0733476	0.0852517	0.081302
	0.081302	0.081302	0.081302	0.081302	0.081302	0.081302	0.081302	0.081302	0.081302	0.081302	0.081302	0.081302	0.081302	0.081302	0.081302	0.081302
	0.0541847	0.0359323	0.039348	0.0446795	0.040198	0.0375624	0.0495682	0.040977	0.0744923	0.0428974	0.0412999	0.0746097	0.0614085	0.0733476	0.0852517	0.081302
	0.0454867	0.0294901	0.0294901	0.0377682	0.0335207	0.031031	0.0411093	0.0342737	0.0617857	0.0360736	0.0333357	0.0618841	0.0509385	0.0607138	0.0703318	0.0681541
	4213.55	2798.09	3060.66	3473.22	3131.13	2937.93	3803.23	3215.58	5736.39	3330.61	3165.17	5713.71	4737.65	5649.6	6488.78	6295.66
loop 8
	6295.66	0.0308884	0.0332775	0.0376673	0.0342058	0.0326872	0.0414517	0.0350465	0.0633088	0.037109	0.0353575	0.0634112	0.0526064	0.0621354	0.0713075	0.0688687
	0.038016	0.0250281	0.0272372	0.0312562	0.0280919	0.0280919	0.0347421	0.0288553	0.0520768	0.0295227	0.0295227	0.0295227	0.043678	0.043678	0.059423	0.0571925
	0.045557	0.0304074	0.0323228	0.0370562	0.0330976	0.0319047	0.041411	0.0349318	0.0623295	0.0354924	0.0340773	0.0624267	0.052025	0.0613798	0.0705606	0.0684657
	0.043956	0.0292762	0.0317698	0.0363282	0.0327329	0.0311433	0.0402694	0.033614	0.0613238	0.0357429	0.0339141	0.0598219	0.0502726	0.0601144	0.0679326	0.0670797
	0.149411	0.149411	0.106199	0.122093	0.110796	0.102856	0.134615	0.112016	0.199472	0.115876	0.110155	0.110155	0.16598	0.198256	0.22374	0.219339
	0.0542655	0.0356752	0.0388974	0.0452247	0.0397059	0.0372168	0.0485419	0.0416965	0.0750855	0.0422488	0.0407552	0.0751933	0.0611427	0.074018	0.0854155	0.0816181
	0.0536625	0.0352836	0.0387226	0.0440837	0.039582	0.0369249	0.0369249	0.0369249	0.0725478	0.0725478	0.0393624	0.0726602	0.0609329	0.0713938	0.0833152	0.08097
	0.0450996	0.0303794	0.0336148	0.0374407	0.0344199	0.0319244	0.0407544	0.035174	0.0627187	0.0357568	0.0357568	0.0628116	0.051855	0.051855	0.0712581	0.0690887
	0.0450996	0.0303794	0.0336148	0.0374407	0.0344199	0.0319244	0.0407544	0.035174	0.0627187	0.0357568	0.0342315	0.0628116	0.051855	0.051855	0.0712581	0.0690887
	0.0903905	0.0623493	0.0665234	0.0749559	0.0692189	0.0641531	0.0828711	0.0828711	0.121765	0.072599	0.0688382	0.121946	0.10127	0.121946	0.139002	0.134073
	0.0535671	0.0359601	0.0359601	0.0437066	0.0390695	0.0376728	0.0487647	0.0412344	0.072997	0.0418687	0.0402021	0.0731047	0.0595329	0.0718389	0.0824264	0.0800235
	0.0536625	0.0352836	0.0387226	0.0440837	0.039582	0.0369249	0.0476148	0.040358	0.0725478	0.0422937	0.0422937	0.0726602	0.0609329	0.0713938	0.0833152	0.08097
	0.08097	0.08097	0.08097	0.08097	0.08097	0.08097	0.08097	0.08097	0.08097	0.08097	0.08097	0.08097	0.08097	0.08097	0.08097	0.08097
	0.0536625	0.0352836	0.0387226	0.0440837	0.039582	0.0369249	0.0476148	0.040358	0.0725478	0.0422937	0.0422937	0.0726602	0.0609329	0.0713938	0.0833152	0.08097
	0.0450996	0.0303794	0.0336148	0.0374407	0.0344199	0.0319244	0.0407544	0.035174	0.0627187	0.0357568	0.0342315	0.0628116	0.051855	0.0616344	0.0712581	0.0690887
	4213.55	2798.09	3060.66	3473.22	3131.13	2937.93	3803.23	3215.58	5736.39	3330.61	3165.17	5713.71	4737.65	5649.6	6488.78	6295.66
loop 9
	0.0464077	0.0308818	0.0332675	0.0376582	0.0341927	0.03268	0.0414413	0.0350357	0.0350357	0.0370974	0.0353467	0.0633984	0.0525917	0.0621167	0.0712924	0.0688543
	0.0391284	0.0249042	0.0282951	0.0323344	0.0279549	0.0265538	0.0345727	0.0287171	0.0287171	0.030595	0.0289912	0.0519234	0.0434753	0.0522137	0.0591605	0.0583808
	0.0455207	0.0303821	0.0322977	0.0370293	0.0330716	0.0330716	0.0413796	0.0349075	0.062289	0.0354672	0.0354672	0.0623781	0.0519875	0.0613402	0.0705126	0.0684196
	0.0855762	0.0562425	0.0625797	0.0710427	0.0633911	0.0592384	0.0776807	0.0656987	0.117352	0.0676593	0.0645771	0.117519	0.0964443	0.115982	0.134336	0.129994
	0.149411	0.0968277	0.106189	0.122086	0.11079	0.102846	0.134607	0.112011	0.199458	0.11587	0.110144	0.199795	0.199795	0.198243	0.223725	0.219323
	0.0537156	0.0350145	0.0382593	0.0433099	0.0390704	0.0365714	0.047952	0.0397932	0.073155	0.0416289	0.0401226	0.0732585	0.059214	0.0720783	0.0819157	0.0796842
	0.0537075	0.0353139	0.038754	0.0441217	0.0396108	0.0369574	0.0476528	0.0403952	0.0725911	0.0725911	0.0393948	0.0727035	0.0595017	0.0714446	0.0817304	0.0794077
	0.0452074	0.0304579	0.0325067	0.0325067	0.0333075	0.032006	0.0408515	0.0340528	0.06143	0.06143	0.0343159	0.0615208	0.0506324	0.0617706	0.0699257	0.0677649
	0.0452074	0.0304579	0.0325067	0.03753	0.0333075	0.0333075	0.0408515	0.0340528	0.06143	0.0358439	0.0343159	0.0615208	0.0506324	0.0617706	0.0699257	0.0677649
	0.0960792	0.0654862	0.0715072	0.0802163	0.0724662	0.0690534	0.0690534	0.073648	0.128314	0.0777699	0.0738631	0.128504	0.10722	0.128387	0.145856	0.140849
	0.0526902	0.0350647	0.0386436	0.0428298	0.0395405	0.036787	0.0478887	0.0403448	0.0721386	0.0409824	0.0393184	0.072252	0.058668	0.0709801	0.081586	0.0791839
	0.0537075	0.0353139	0.038754	0.0441217	0.0396108	0.0369574	0.0476528	0.0403952	0.0725911	0.0423294	0.0393948	0.0727035	0.0595017	0.0714446	0.0817304	0.0794077
	0.0794077	0.0794077	0.0794077	0.0794077	0.0794077	0.0794077	0.0794077	0.0794077	0.0794077	0.0794077	0.0794077	0.0794077	0.0794077	0.0794077	0.0794077	0.0794077
	0.0537075	0.0353139	0.038754	0.0441217	0.0396108	0.0369574	0.0476528	0.0403952	0.0725911	0.0423294	0.0393948	0.0727035	0.0595017	0.0714446	0.0817304	0.0794077
	0.0452074	0.0304579	0.0325067	0.03753	0.0333075	0.032006	0.0408515	0.0340528	0.06143	0.0358439	0.0343159	0.0615208	0.0506324	0.0617706	0.0699257	0.0677649
	4213.55	2798.09	3060.66	3473.22	3131.13	2937.93	3803.23	3215.58	5736.39	3330.61	3165.17	5713.71	4737.65	5649.6	6488.78	6295.66
loop 10
	0.0463462	0.0308465	0.0332225	0.0376128	0.0341459	0.0326416	0.0413891	0.0349898	0.0632064	0.0370478	0.035298	0.0633088	0.052528	0.0620355	0.0712016	0.0687603
	0.0687603	0.0259482	0.0281647	0.0281647	0.0290212	0.0264263	0.0344426	0.0297916	0.0531056	0.0304575	0.0288553	0.05319	0.0433316	0.0520658	0.0604689	0.0582336
	0.0455985	0.0293005	0.0323572	0.0370908	0.0331301	0.03079	0.0414514	0.0349701	0.0623781	0.0355284	0.0341143	0.0624753	0.0520687	0.0614353	0.0706182	0.068521
	0.114305	0.0785716	0.0854742	0.0948579	0.0862492	0.0816436	0.10388	0.0890157	0.155259	0.092714	0.087503	0.153428	0.128062	0.153223	0.17552	0.170875
	0.149386	0.0968098	0.106168	0.122061	0.110763	0.102827	0.134592	0.111988	0.199458	0.115847	0.110122	0.199795	0.16598	0.198256	0.223725	0.219323
	0.219323	0.034151	0.037404	0.0424754	0.0382147	0.0357089	0.0471283	0.0402139	0.0723825	0.0407839	0.0392626	0.0709907	0.0584187	0.0713065	0.0811741	0.0789351
	0.0535781	0.035217	0.038653	0.0440118	0.0395064	0.0381612	0.0489216	0.0416228	0.0740015	0.0422222	0.040611	0.0741164	0.0608388	0.0728419	0.08318	0.08085
	0.0445296	0.029706	0.0329604	0.0368172	0.0325732	0.0312614	0.0312614	0.0345304	0.0608395	0.0351235	0.0335834	0.0609356	0.0499837	0.059758	0.0693803	0.0693803
	0.0445296	0.029706	0.029706	0.0368172	0.0325732	0.0312614	0.0401572	0.0345304	0.0608395	0.0351235	0.0335834	0.0609356	0.0499837	0.059758	0.0693803	0.0672042
	0.093933	0.093933	0.0700608	0.0779196	0.0709276	0.067898	0.0852643	0.0736067	0.127021	0.0757026	0.0722007	0.127204	0.105878	0.127087	0.145231	0.140583
	0.0524517	0.0524517	0.0384682	0.0384682	0.0393588	0.0366176	0.0476642	0.0401603	0.0718389	0.0421664	0.0391401	0.0719523	0.0599198	0.0706791	0.0812594	0.0788613
	0.0535781	0.035217	0.038653	0.0440118	0.0395064	0.0381612	0.0489216	0.0416228	0.0740015	0.0422222	0.040611	0.0741164	0.0608388	0.0608388	0.08318	0.08085
	0.08085	0.08085	0.08085	0.08085	0.08085	0.08085	0.08085	0.08085	0.08085	0.08085	0.08085	0.08085	0.08085	0.08085	0.08085	0.08085
	0.0535781	0.035217	0.038653	0.0440118	0.0395064	0.0381612	0.0489216	0.0416228	0.0740015	0.0422222	0.040611	0.0741164	0.0608388	0.0728419	0.08318	0.08085
	0.0445296	0.029706	0.0329604	0.0368172	0.0325732	0.0312614	0.0401572	0.0345304	0.0608395	0.0351235	0.0335834	0.0609356	0.0499837	0.059758	0.0693803	0.0693803
	4213.55	2798.09	3060.66	3473.22	3131.13	2937.93	3803.23	3215.58	5736.39	3330.61	3165.17	5713.71	4737.65	5649.6	6488.78	6295.66
loop 11
	0.0470665	0.0316224	0.0339873	0.0397418	0.0349086	0.03341	0.0435394	0.0357501	0.0654447	0.0378034	0.0360591	0.0639632	0.0532178	0.0642584	0.0734435	0.0710048
	0.0391068	0.0260547	0.0282752	0.0323155	0.0291341	0.0265336	0.0345516	0.0299045	0.0532294	0.0305725	0.0289682	0.0519015	0.0434499	0.0521918	0.0591343	0.0583616
	0.0455777	0.029287	0.0323416	0.0370754	0.0331171	0.0307725	0.0414335	0.0349527	0.0623538	0.0355104	0.0340975	0.062451	0.0520499	0.0614115	0.0705894	0.0684933
	0.107568	0.072732	0.0794684	0.0886079	0.0802414	0.0757775	0.0974042	0.08289	0.145558	0.0848446	0.0814757	0.143776	0.121021	0.121021	0.165427	0.160859
	0.149394	0.0968098	0.106168	0.122067	0.110763	0.102827	0.134592	0.111988	0.199445	0.115847	0.110122	0.199768	0.199768	0.198216	0.198216	0.219308
	0.0526732	0.0352549	0.0385161	0.0435927	0.0393318	0.0368185	0.0368185	0.0400551	0.0720599	0.0419035	0.0391165	0.0721705	0.0595738	0.0709907	0.0823788	0.0801404
	0.0535219	0.0351808	0.0386113	0.0439654	0.0394668	0.0368209	0.0488677	0.0415767	0.073922	0.0421746	0.0405701	0.0740368	0.0607715	0.072764	0.0830967	0.08076
	0.08076	0.0313597	0.0334141	0.0384784	0.0342152	0.032909	0.0418176	0.0349755	0.0639383	0.036774	0.0352345	0.0626025	0.0516475	0.0628426	0.0725246	0.0703318
	0.0461957	0.0313597	0.0334141	0.0384784	0.0384784	0.032909	0.032909	0.0349755	0.0639383	0.036774	0.0352345	0.0626025	0.0626025	0.0628426	0.0725246	0.0703318
	0.0800043	0.0551775	0.0594566	0.0680175	0.0604517	0.057074	0.0724334	0.0632925	0.107495	0.063894	0.0618244	0.107666	0.0909269	0.107712	0.122626	0.117744
	0.0525243	0.034958	0.0385266	0.0440797	0.0394194	0.0366751	0.0477315	0.040223	0.0719199	0.0422333	0.0392007	0.0720333	0.0599947	0.0707741	0.0813459	0.0789443
	0.0535219	0.0351808	0.0386113	0.0439654	0.0394668	0.0368209	0.0488677	0.0415767	0.073922	0.0421746	0.0405701	0.0740368	0.0607715	0.072764	0.0830967	0.08076
	0.08076	0.08076	0.08076	0.08076	0.08076	0.08076	0.08076	0.08076	0.08076	0.08076	0.08076	0.08076	0.08076	0.08076	0.08076	0.08076
	0.0535219	0.0351808	0.0386113	0.0439654	0.0394668	0.0368209	0.0488677	0.0415767	0.073922	0.0421746	0.0405701	0.0740368	0.0607715	0.072764	0.0830967	0.08076
	0.0461957	0.0313597	0.0334141	0.0384784	0.0342152	0.032909	0.0418176	0.0349755	0.0639383	0.036774	0.0352345	0.0626025	0.0516475	0.0628426	0.0725246	0.0703318
	4213.55	2798.09	3060.66	3473.22	3131.13	2937.93	3803.23	3215.58	5736.39	3330.61	3165.17	5713.71	4737.65	5649.6	6488.78	6295.66
loop 12
	0.0452228	0.0310718	0.033465	0.0378851	0.0343982	0.031551	0.041685	0.0352439	0.0620605	0.0359468	0.0342031	0.0621604	0.0513855	0.0608826	0.0700401	0.0692227
	0.0380995	0.0250835	0.0272985	0.0313264	0.0281537	0.0267442	0.0267442	0.0289221	0.0521863	0.0295923	0.0279924	0.0522739	0.0424387	0.0511584	0.0595542	0.0573173
	0.0455466	0.0304046	0.0323196	0.0370523	0.0330943	0.0319016	0.0414065	0.0349284	0.0623214	0.0354888	0.0340773	0.0340773	0.0520187	0.0613719	0.070551	0.0684564
	0.118514	0.0803267	0.0873312	0.0986666	0.0898161	0.08511	0.107869	0.0909452	0.158245	0.0946767	0.0910885	0.158456	0.132542	0.158175	0.18086	0.176169
	0.149386	0.0968008	0.106158	0.122054	0.110758	0.102822	0.134585	0.111982	0.199458	0.115841	0.110111	0.199795	0.16597	0.19823	0.223725	0.219323
	0.0518107	0.0343612	0.0376236	0.0427149	0.0384417	0.0359242	0.04606	0.0391742	0.0712433	0.0410173	0.0382296	0.0713517	0.0587218	0.0701667	0.0800131	0.0777826
	0.0536288	0.0352413	0.0386809	0.0440499	0.0395388	0.0368859	0.0489657	0.0403245	0.074081	0.042254	0.0406408	0.0726257	0.0608993	0.0729197	0.0832736	0.08093
	0.0464276	0.0303686	0.0336148	0.0374481	0.0344199	0.0319127	0.0420398	0.0351773	0.0628038	0.0357638	0.0342315	0.0628968	0.0519025	0.0617176	0.0713595	0.0691859
	0.0464276	0.0303686	0.0336148	0.0374481	0.0344199	0.0319127	0.0420398	0.0351773	0.0628038	0.0357638	0.0342315	0.0628968	0.0519025	0.0617176	0.0713595	0.0691859
	0.0827269	0.0561035	0.0620836	0.0689439	0.0630794	0.0596771	0.0751108	0.0642225	0.110339	0.0665511	0.062733	0.110517	0.0917729	0.110505	0.125495	0.122681
	0.0525398	0.0349664	0.0385331	0.0440916	0.0394261	0.0366842	0.047745	0.0402334	0.0719361	0.0422445	0.0392074	0.0720495	0.0600072	0.0707821	0.0813651	0.0789627
	0.0536288	0.0352413	0.0352413	0.0440499	0.0440499	0.0368859	0.0489657	0.0403245	0.074081	0.042254	0.0406408	0.0726257	0.0608993	0.0608993	0.0832736	0.08093
	0.08093	0.08093	0.08093	0.08093	0.08093	0.08093	0.08093	0.08093	0.08093	0.08093	0.08093	0.08093	0.08093	0.08093	0.08093	0.08093
	0.0536288	0.0352413	0.0386809	0.0440499	0.0395388	0.0368859	0.0489657	0.0403245	0.074081	0.042254	0.0406408	0.0726257	0.0608993	0.0729197	0.0832736	0.08093
	0.0464276	0.0303686	0.0336148	0.0374481	0.0344199	0.0319127	0.0420398	0.0351773	0.0628038	0.0357638	0.0342315	0.0628968	0.0519025	0.0617176	0.0713595	0.0691859
	4213.55	2798.09	3060.66	3473.22	3131.13	2937.93	3803.23	3215.58	5736.39	3330.61	3165.17	5713.71	4737.65	5649.6	6488.78	6295.66
loop 13
	0.0452069	0.0310541	0.0334475	0.0378639	0.03438	0.0315325	0.0416676	0.035225	0.0620418	0.0359271	0.0341849	0.0621416	0.0513712	0.0608704	0.0608704	0.0692083
	0.0390528	0.0260198	0.0282376	0.0322695	0.0290972	0.0264971	0.0345062	0.029866	0.0531506	0.0305325	0.0289313	0.053235	0.0433907	0.0521206	0.0590556	0.0582784
	0.0455622	0.0292735	0.032329	0.03706	0.0331008	0.0307609	0.0414155	0.0349388	0.0623376	0.0354996	0.034084	0.0624267	0.0520312	0.0613877	0.0705702	0.0684749
	0.116752	0.0793221	0.0861867	0.0972866	0.0869514	0.0823872	0.104529	0.0897104	0.155717	0.093382	0.0882045	0.155927	0.130545	0.155717	0.178043	0.173399
	0.14942	0.0968367	0.106189	0.122093	0.11079	0.102856	0.134615	0.112011	0.199485	0.11587	0.110144	0.199822	0.166001	0.198256	0.223756	0.219354
	0.055168	0.036547	0.0397733	0.0397733	0.0405791	0.0380882	0.0494319	0.0425799	0.076	0.0431303	0.0416289	0.07612	0.0620507	0.0749286	0.0863392	0.0840929
	0.053685	0.0353017	0.03874	0.044109	0.0395964	0.0395964	0.0476386	0.0403803	0.0725738	0.0423175	0.0393768	0.0726775	0.059482	0.0714192	0.08171	0.0793783
	0.0464629	0.0303876	0.0336336	0.0374779	0.0344394	0.0319331	0.0319331	0.0352009	0.0628426	0.0357847	0.0342477	0.0629355	0.0629355	0.0617479	0.0714056	0.0692212
	0.0464629	0.0303876	0.0336336	0.0374779	0.0344394	0.0319331	0.0420702	0.0352009	0.0628426	0.0357847	0.0342477	0.0629355	0.051938	0.0617479	0.0714056	0.0692212
	0.0763036	0.0516089	0.0575642	0.0643759	0.0585746	0.0551818	0.0687553	0.059682	0.103661	0.0620266	0.0582461	0.101836	0.0852777	0.101899	0.116721	0.113908
	0.0524673	0.0349159	0.0384779	0.0440281	0.0393723	0.0366267	0.0476777	0.0401707	0.071847	0.0421813	0.0391502	0.0719604	0.0599261	0.0599261	0.0812594	0.0788613
	0.053685	0.0353017	0.03874	0.044109	0.0395964	0.0369444	0.0476386	0.0403803	0.0725738	0.0423175	0.0393768	0.0726775	0.059482	0.0714192	0.08171	0.0793783
	0.0793783	0.0793783	0.0793783	0.0793783	0.0793783	0.0793783	0.0793783	0.0793783	0.0793783	0.0793783	0.0793783	0.0793783	0.0793783	0.0793783	0.0793783	0.0793783
	0.053685	0.0353017	0.03874	0.044109	0.0395964	0.0369444	0.0476386	0.0403803	0.0725738	0.0423175	0.0393768	0.0726775	0.059482	0.0714192	0.08171	0.0793783
	0.0464629	0.0303876	0.0336336	0.0374779	0.0344394	0.0319331	0.0420702	0.0352009	0.0628426	0.0357847	0.0342477	0.0629355	0.051938	0.0617479	0.0714056	0.0692212
	4213.55	2798.09	3060.66	3473.22	3131.13	2937.93	3803.23	3215.58	5736.39	3330.61	3165.17	5713.71	4737.65	5649.6	6488.78	6295.66
loop 14
	0.0452069	0.0310563	0.03345	0.0378639	0.0343826	0.0315348	0.0416676	0.035225	0.0620355	0.0359299	0.0341875	0.0621354	0.0513664	0.0608643	0.0608643	0.0692011
	0.0389484	0.025923	0.025923	0.0321722	0.0289935	0.0263999	0.0356689	0.0297652	0.0530494	0.03043	0.0288276	0.0531337	0.0432851	0.0520001	0.0604017	0.0581632
	0.0455777	0.029287	0.0323416	0.0370754	0.0331138	0.0307725	0.0414335	0.0349527	0.0623538	0.0355104	0.0340975	0.062451	0.0520499	0.0614115	0.0705894	0.0684933
	0.101925	0.0686887	0.0754452	0.0846071	0.076237	0.0717579	0.0917179	0.0788797	0.137914	0.0808561	0.0774706	0.138113	0.115344	0.136083	0.157735	0.151155
	0.14942	0.14942	0.106194	0.122086	0.11079	0.102846	0.134615	0.112011	0.199458	0.11587	0.110144	0.199795	0.166001	0.198269	0.223725	0.219339
	0.0529163	0.0341448	0.0374004	0.0437767	0.0382109	0.0357021	0.0471333	0.0402139	0.0724009	0.0407839	0.0392588	0.0710087	0.0584325	0.0713246	0.0811957	0.078956
	0.078956	0.0360515	0.0394776	0.0448276	0.0403282	0.0376869	0.0483434	0.0483434	0.0747541	0.0430367	0.0401087	0.0733035	0.0616221	0.0616221	0.0839066	0.0815774
	0.0460848	0.0312895	0.0333388	0.03839	0.0341405	0.0328364	0.0417174	0.0361084	0.0637878	0.0366912	0.0351538	0.0351538	0.05287	0.0626954	0.0723552	0.0701784
	0.0460848	0.0312895	0.0333388	0.03839	0.0341405	0.0328364	0.0417174	0.0361084	0.0361084	0.0366912	0.0351538	0.0638908	0.05287	0.0626954	0.0723552	0.0701784
	0.0654187	0.0442396	0.0485244	0.0552602	0.0495563	0.0462146	0.0462146	0.0506139	0.088635	0.0529613	0.0509022	0.0887733	0.0743405	0.0870353	0.0995924	0.0968143
	0.0523688	0.0348541	0.0384097	0.0439487	0.0393016	0.0365662	0.0475924	0.0401011	0.0733117	0.0421068	0.039083	0.0718146	0.05982	0.0705603	0.0827694	0.0803623
	0.0543753	0.0360515	0.0394776	0.0448276	0.0403282	0.0376869	0.0483434	0.0411077	0.0747541	0.0430367	0.0401087	0.0733035	0.0616221	0.073595	0.0839066	0.0815774
	0.0815774	0.0815774	0.0815774	0.0815774	0.0815774	0.0815774	0.0815774	0.0815774	0.0815774	0.0815774	0.0815774	0.0815774	0.0815774	0.0815774	0.0815774	0.0815774
	0.0543753	0.0360515	0.0394776	0.0394776	0.0403282	0.0376869	0.0483434	0.0411077	0.0747541	0.0430367	0.0401087	0.0733035	0.0733035	0.073595	0.0839066	0.0815774
	0.0460848	0.0312895	0.0333388	0.03839	0.0341405	0.0328364	0.0417174	0.0361084	0.0637878	0.0366912	0.0351538	0.0638908	0.05287	0.05287	0.0723552	0.0701784
	4213.55	2798.09	3060.66	3473.22	3131.13	2937.93	3803.23	3215.58	5736.39	3330.61	3165.17	5713.71	4737.65	5649.6	6488.78	6295.66
loop 15
	0.045195	0.0310497	0.0334425	0.0378548	0.0343748	0.0315279	0.0416571	0.0352196	0.0620231	0.0359243	0.0341797	0.0621229	0.0513569	0.0608522	0.0699957	0.0691866
	0.0391212	0.0260702	0.0282885	0.0323317	0.0291502	0.0265498	0.0345697	0.0299213	0.0532462	0.03059	0.0289843	0.0533306	0.0533306	0.0522137	0.059154	0.0583808
	0.0455414	0.0455414	0.0323133	0.0370446	0.0370446	0.0318956	0.0413976	0.0349249	0.0623133	0.0354816	0.0340706	0.0624024	0.0520063	0.061364	0.0705414	0.0684472
	0.0684472	0.085311	0.0922331	0.105227	0.0947035	0.0900742	0.114397	0.0975454	0.17056	0.101265	0.0959772	0.168668	0.140832	0.168409	0.19329	0.186409
	0.149411	0.0968322	0.106194	0.122086	0.110796	0.102851	0.134615	0.134615	0.199458	0.115876	0.11015	0.199795	0.16598	0.198256	0.223725	0.219323
	0.0564968	0.0365644	0.0397813	0.0460894	0.0405832	0.038103	0.0507375	0.0425712	0.0774154	0.0774154	0.0416374	0.0416374	0.0634079	0.0634079	0.0877976	0.083967
	0.0514249	0.0344234	0.0378685	0.0432456	0.0387261	0.0360703	0.046781	0.0395136	0.0717663	0.041446	0.0385103	0.0703223	0.0586496	0.0706121	0.08092	0.0785895
	0.0462663	0.0302334	0.0334674	0.0385399	0.0342705	0.0317727	0.0418829	0.0350327	0.0640492	0.0368352	0.0352884	0.0627109	0.0517305	0.0629432	0.0711567	0.0689827
	0.0462663	0.0302334	0.0334674	0.0385399	0.0342705	0.0317727	0.0418829	0.0350327	0.0640492	0.0640492	0.0352884	0.0627109	0.0627109	0.0629432	0.0711567	0.0689827
	0.0751452	0.0520217	0.056319	0.0631806	0.0573284	0.053949	0.0693454	0.0584746	0.102536	0.0608146	0.0586984	0.100711	0.0841347	0.100804	0.115618	0.112796
	0.05329	0.0357618	0.0393252	0.0448676	0.0402125	0.0374689	0.0485104	0.0410184	0.0742377	0.043022	0.0399897	0.0727403	0.060736	0.0730633	0.08368	0.0812787
	0.0514249	0.0344234	0.0378685	0.0432456	0.0387261	0.0360703	0.046781	0.0395136	0.0717663	0.041446	0.0385103	0.0703223	0.0586496	0.0706121	0.08092	0.0785895
	0.0785895	0.0785895	0.0785895	0.0785895	0.0785895	0.0785895	0.0785895	0.0785895	0.0785895	0.0785895	0.0785895	0.0785895	0.0785895	0.0785895	0.0785895	0.0785895
	0.0514249	0.0344234	0.0344234	0.0432456	0.0387261	0.0360703	0.046781	0.0395136	0.0717663	0.041446	0.0385103	0.0703223	0.0586496	0.0706121	0.08092	0.0785895
	0.0462663	0.0302334	0.0334674	0.0385399	0.0342705	0.0317727	0.0418829	0.0350327	0.0640492	0.0640492	0.0352884	0.0627109	0.0517305	0.0629432	0.0711567	0.0689827
	4213.55	2798.09	3060.66	3473.22	3131.13	2937.93	3803.23	3215.58	5736.39	3330.61	3165.17	5713.71	4737.65	5649.6	6488.78	6295.66
