loop 0
0.250117 0.121403 0.149096 0.186472 0.152606 0.134356 0.215495 0.162857 0.389632 0.17134 0.157727 0.390332 0.297835 0.382966 0.463712 0.444768 
0.0625134 0 0.0113335 0.0259891 0.0155976 0.00825646 0.0459372 0.0197523 0.133217 0.0230473 0.0147641 0.133624 0.0827107 0.127453 0.169355 0.158353 
0.250117 0.121403 0.149096 0.186472 0.152606 0.134356 0.215495 0.162857 0.389632 0.17134 0.157727 0.390332 0.297835 0.382966 0.463712 0.444768 
0.132661 0.0481558 0.0627309 0.0856905 0.066267 0.0549366 0.106678 0.0697777 0.234267 0.0779265 0.071005 0.227914 0.170341 0.228794 0.280802 0.263627 
0.286249 0.149173 0.170526 0.214769 0.180864 0.162473 0.24406 0.191164 0.443208 0.199732 0.186184 0.443986 0.342174 0.437152 0.519012 0.499697 
0.202302 0.0887738 0.109784 0.146351 0.119597 0.101598 0.168336 0.123332 0.323994 0.13171 0.118298 0.317112 0.241896 0.317688 0.380288 0.369846 
0.617626 0.362163 0.417087 0.476678 0.426683 0.396813 0.532063 0.434706 0.86125 0.457019 0.423377 0.862964 0.698459 0.848962 1 0.954944 
0.250117 0.121403 0.149096 0.186472 0.152606 0.134356 0.215495 0.162857 0.389632 0.17134 0.157727 0.390332 0.297835 0.382966 0.463712 0.444768 
0.136479 0.0400699 0.0559976 0.0833705 0.0588589 0.0501457 0.105117 0.065982 0.242709 0.0726267 0.0626961 0.237268 0.172816 0.232886 0.294744 0.279925 
0.202302 0.0887738 0.109784 0.146351 0.119597 0.101598 0.168336 0.123332 0.323994 0.13171 0.118298 0.317112 0.241896 0.317688 0.380288 0.369846 
0.0661525 0.00185416 0.0114976 0.0296418 0.0153226 0.0038128 0.0454677 0.0187008 0.131841 0.0272327 0.0145154 0.132275 0.0921294 0.126653 0.165121 0.161704 
0.0625134 0 0.0113335 0.0259891 0.0155976 0.00825646 0.0459372 0.0197523 0.133217 0.0230473 0.0147641 0.133624 0.0827107 0.127453 0.169355 0.158353 
0.136479 0.0400699 0.0559976 0.0833705 0.0588589 0.0501457 0.105117 0.065982 0.242709 0.0726267 0.0626961 0.237268 0.172816 0.232886 0.294744 0.279925 
0.253414 0.118844 0.143684 0.182872 0.153002 0.136766 0.215462 0.161891 0.402285 0.169661 0.157724 0.403013 0.303675 0.397161 0.479726 0.461813 
0.202302 0.0887738 0.109784 0.146351 0.119597 0.101598 0.168336 0.123332 0.323994 0.13171 0.118298 0.317112 0.241896 0.317688 0.380288 0.369846 
0.132661 0.0481558 0.0627309 0.0856905 0.066267 0.0549366 0.106678 0.0697777 0.234267 0.0779265 0.071005 0.227914 0.170341 0.228794 0.280802 0.263627 
loop 1
0.218863 0.113675 0.134431 0.163981 0.138039 0.126499 0.192011 0.147631 0.331004 0.156085 0.142956 0.331592 0.257858 0.32548 0.386887 0.376416 
0.0402104 0 0.00649989 0.0164139 0.0053399 0.00319353 0.0235672 0.00954607 0.0825484 0.0133944 0.0104436 0.0763547 0.0518237 0.0762396 0.0996521 0.0953147 
0.218863 0.113675 0.134431 0.163981 0.138039 0.126499 0.192011 0.147631 0.331004 0.156085 0.142956 0.331592 0.257858 0.32548 0.386887 0.376416 
0.125597 0.0519701 0.0668331 0.0844267 0.0705511 0.0590977 0.10545 0.0739827 0.200624 0.0823034 0.0696987 0.201078 0.150686 0.195718 0.239971 0.229975 
0.247826 0.136022 0.156956 0.192749 0.160633 0.142977 0.214268 0.170012 0.374818 0.17867 0.165777 0.375535 0.294116 0.370023 0.439918 0.421286 
0.125861 0.0508322 0.0649045 0.0867131 0.068477 0.0576761 0.10677 0.0769336 0.203141 0.0795031 0.0729936 0.203588 0.155675 0.1988 0.241079 0.231423 
0.621022 0.388969 0.429704 0.509352 0.439983 0.408733 0.549926 0.465208 0.87475 0.471669 0.45377 0.876431 0.70538 0.862818 1 0.973259 
0.218863 0.113675 0.134431 0.163981 0.138039 0.126499 0.192011 0.147631 0.331004 0.156085 0.142956 0.331592 0.257858 0.32548 0.386887 0.376416 
0.152767 0.0638444 0.0803173 0.108578 0.083334 0.0742332 0.125926 0.0906255 0.24359 0.0975154 0.0872924 0.244043 0.184347 0.239718 0.289982 0.275062 
0.125861 0.0508322 0.0649045 0.0867131 0.068477 0.0576761 0.10677 0.0769336 0.203141 0.0795031 0.0729936 0.203588 0.155675 0.1988 0.241079 0.231423 
0.143359 0.0642022 0.0790039 0.102078 0.0827201 0.0713307 0.123223 0.0860182 0.224895 0.0943955 0.0874771 0.225363 0.174765 0.220084 0.271625 0.261469 
0.0402104 0 0.00649989 0.0164139 0.0053399 0.00319353 0.0235672 0.00954607 0.0825484 0.0133944 0.0104436 0.0763547 0.0518237 0.0762396 0.0996521 0.0953147 
0.152767 0.0638444 0.0803173 0.108578 0.083334 0.0742332 0.125926 0.0906255 0.24359 0.0975154 0.0872924 0.244043 0.184347 0.239718 0.289982 0.275062 
0.298834 0.169255 0.190624 0.2346 0.200861 0.18256 0.263944 0.211011 0.447217 0.2197 0.20614 0.43984 0.354474 0.441318 0.51456 0.503683 
0.125861 0.0508322 0.0649045 0.0867131 0.068477 0.0576761 0.10677 0.0769336 0.203141 0.0795031 0.0729936 0.203588 0.155675 0.1988 0.241079 0.231423 
0.125597 0.0519701 0.0668331 0.0844267 0.0705511 0.0590977 0.10545 0.0739827 0.200624 0.0823034 0.0696987 0.201078 0.150686 0.195718 0.239971 0.229975 
loop 2
0.298451 0.164625 0.191962 0.228562 0.195462 0.177525 0.257248 0.205478 0.436754 0.213901 0.200538 0.437478 0.345733 0.430711 0.510724 0.491789 
0.0402777 0 0.00651184 0.016445 0.00534989 0.00320357 0.023681 0.00956365 0.0763145 0.0134144 0.0104631 0.0765913 0.0520108 0.0763837 0.0999383 0.0956028 
0.298451 0.164625 0.191962 0.228562 0.195462 0.177525 0.257248 0.205478 0.436754 0.213901 0.200538 0.437478 0.345733 0.430711 0.510724 0.491789 
0.12492 0.0514499 0.0662827 0.0894793 0.0699826 0.0585549 0.104802 0.0734108 0.199839 0.0817124 0.0746544 0.200258 0.149973 0.194916 0.239121 0.22912 
0.25418 0.137007 0.15762 0.192987 0.161209 0.143845 0.214182 0.170584 0.379952 0.179109 0.166307 0.380626 0.292874 0.375299 0.444392 0.426011 
0.125899 0.0560151 0.0648615 0.0866923 0.068435 0.0629333 0.106777 0.0768953 0.203253 0.0794803 0.0729541 0.203701 0.155729 0.198909 0.241258 0.231595 
0.620946 0.388822 0.429567 0.509229 0.43983 0.408584 0.549799 0.465081 0.874676 0.471543 0.453632 0.876359 0.705369 0.862756 1 0.973223 
0.298451 0.164625 0.191962 0.228562 0.195462 0.177525 0.257248 0.205478 0.436754 0.213901 0.200538 0.437478 0.345733 0.430711 0.510724 0.491789 
0.156014 0.0706574 0.0874677 0.111243 0.0905246 0.0812949 0.134026 0.098001 0.254043 0.105061 0.0945732 0.254506 0.193679 0.250076 0.301285 0.292402 
0.125899 0.0560151 0.0648615 0.0866923 0.068435 0.0629333 0.106777 0.0768953 0.203253 0.0794803 0.0729541 0.203701 0.155729 0.198909 0.241258 0.231595 
0.146602 0.0675802 0.0823706 0.105406 0.0860728 0.0746996 0.126548 0.0951148 0.234754 0.0977242 0.0908355 0.235243 0.177959 0.229918 0.281728 0.271513 
0.0402777 0 0.00651184 0.016445 0.00534989 0.00320357 0.023681 0.00956365 0.0763145 0.0134144 0.0104631 0.0765913 0.0520108 0.0763837 0.0999383 0.0956028 
0.156014 0.0706574 0.0874677 0.111243 0.0905246 0.0812949 0.134026 0.098001 0.254043 0.105061 0.0945732 0.254506 0.193679 0.250076 0.301285 0.292402 
0.296147 0.166934 0.189497 0.228678 0.193342 0.174192 0.252168 0.203888 0.434816 0.213069 0.198841 0.435522 0.338619 0.428921 0.504843 0.484819 
0.125899 0.0560151 0.0648615 0.0866923 0.068435 0.0629333 0.106777 0.0768953 0.203253 0.0794803 0.0729541 0.203701 0.155729 0.198909 0.241258 0.231595 
0.12492 0.0514499 0.0662827 0.0894793 0.0699826 0.0585549 0.104802 0.0734108 0.199839 0.0817124 0.0746544 0.200258 0.149973 0.194916 0.239121 0.22912 
loop 3
0.0920092 0.019278 0.0353154 0.0541218 0.0393518 0.0270166 0.0705204 0.0429637 0.178954 0.045895 0.0384193 0.179462 0.125402 0.173861 0.221438 0.210604 
0.0679815 0 0.0116047 0.032528 0.0160028 0.00853048 0.0507828 0.0202038 0.134557 0.0236382 0.0213751 0.134966 0.0906589 0.128797 0.17225 0.160779 
0.0920092 0.019278 0.0353154 0.0541218 0.0393518 0.0270166 0.0705204 0.0429637 0.178954 0.045895 0.0384193 0.179462 0.125402 0.173861 0.221438 0.210604 
0.0886668 0.012104 0.0275523 0.0517168 0.0314094 0.0194977 0.0676913 0.0349844 0.166682 0.0436199 0.0362776 0.167154 0.114763 0.161587 0.207628 0.197204 
0.21847 0.0963761 0.117855 0.154605 0.121606 0.110043 0.183787 0.131275 0.349598 0.140169 0.126885 0.350288 0.258806 0.336776 0.416791 0.397571 
0.0891854 0.0165472 0.0257536 0.0484411 0.0294518 0.0237361 0.069315 0.0382601 0.169607 0.0409462 0.0341641 0.170073 0.120215 0.165055 0.209107 0.199019 
0.60524 0.363524 0.405955 0.488919 0.416642 0.384111 0.531183 0.442938 0.869534 0.449668 0.431023 0.871285 0.693111 0.857106 1 0.972145 
0.0920092 0.019278 0.0353154 0.0541218 0.0393518 0.0270166 0.0705204 0.0429637 0.178954 0.045895 0.0384193 0.179462 0.125402 0.173861 0.221438 0.210604 
0.0700719 0.000405323 0.0133809 0.0336034 0.0166873 0.00675474 0.0522497 0.0195164 0.148374 0.0269235 0.0159193 0.148788 0.0978823 0.144263 0.184288 0.175145 
0.0891854 0.0165472 0.0257536 0.0484411 0.0294518 0.0237361 0.0694008 0.0382601 0.169607 0.0409462 0.0341641 0.170073 0.120215 0.165055 0.209107 0.199019 
0.140022 0.050461 0.0659625 0.096508 0.0698191 0.0578451 0.112432 0.0794998 0.240462 0.0820944 0.074883 0.241049 0.180063 0.235144 0.290127 0.27938 
0.0679815 0 0.0116047 0.032528 0.0160028 0.00853048 0.0507828 0.0202038 0.134557 0.0236382 0.0213751 0.134966 0.0906589 0.128797 0.17225 0.160779 
0.0700719 0.000405323 0.0133809 0.0336034 0.0166873 0.00675474 0.0522497 0.0195164 0.148374 0.0269235 0.0159193 0.148788 0.0978823 0.144263 0.184288 0.175145 
0.231593 0.110862 0.127678 0.168382 0.139075 0.118846 0.193228 0.142328 0.358895 0.152112 0.13763 0.359581 0.27606 0.35288 0.432001 0.411169 
0.0891854 0.0165472 0.0257536 0.0484411 0.0294518 0.0237361 0.069315 0.0382601 0.169607 0.0409462 0.0341641 0.170073 0.120215 0.165055 0.209107 0.199019 
0.0886668 0.012104 0.0275523 0.0517168 0.0314094 0.0194977 0.0676913 0.0349844 0.166682 0.0436199 0.0362776 0.167154 0.114763 0.161587 0.207628 0.197204 
loop 4
0.0881068 0.00853903 0.0246215 0.0497128 0.0286685 0.016299 0.0663192 0.0322878 0.169023 0.0413396 0.0337574 0.169487 0.115193 0.16389 0.211723 0.200845 
0.12226 0.033712 0.0502681 0.0761433 0.0543929 0.0416189 0.0998133 0.0581683 0.220776 0.0674873 0.0597148 0.213768 0.157292 0.215189 0.26509 0.253815 
0.0881068 0.00853903 0.0246215 0.0497128 0.0286685 0.016299 0.0663192 0.0322878 0.169023 0.0413396 0.0337574 0.169487 0.115193 0.16389 0.211723 0.200845 
0.0827869 0.0114643 0.0213734 0.0456523 0.0252401 0.0189706 0.0617073 0.0288536 0.161234 0.0375164 0.0301411 0.16171 0.109012 0.156084 0.20237 0.191907 
0.225705 0.101834 0.123641 0.161061 0.127431 0.109014 0.190559 0.137374 0.358623 0.146341 0.132813 0.359343 0.274175 0.353592 0.42663 0.41564 
0.0841715 0.00545282 0.0202087 0.0430755 0.0239546 0.012629 0.064128 0.0328228 0.165218 0.0355335 0.0287077 0.165688 0.11544 0.160666 0.205004 0.194878 
0.602871 0.359623 0.402321 0.485797 0.413079 0.380332 0.528287 0.439553 0.868722 0.446328 0.427538 0.870486 0.691306 0.856235 1 0.971994 
0.0881068 0.00853903 0.0246215 0.0497128 0.0286685 0.016299 0.0663192 0.0322878 0.169023 0.0413396 0.0337574 0.169487 0.115193 0.16389 0.211723 0.200845 
0.0766879 0 0.0184138 0.0392508 0.0218253 0.0115233 0.0529493 0.0247027 0.157184 0.0323709 0.02098 0.15762 0.105329 0.152964 0.200477 0.191027 
0.0841715 0.00545282 0.0202087 0.0430755 0.0239546 0.012629 0.064128 0.0328228 0.165218 0.0355335 0.0287077 0.165688 0.11544 0.160666 0.205004 0.194878 
0.165733 0.062281 0.0841261 0.115014 0.0880203 0.0696495 0.137688 0.0914472 0.282705 0.100375 0.0868126 0.275678 0.206469 0.269693 0.33365 0.32261 
0.12226 0.033712 0.0502681 0.0761433 0.0543929 0.0416189 0.0998133 0.0581683 0.220776 0.0674873 0.0597148 0.213768 0.157292 0.215189 0.26509 0.253815 
0.0766879 0 0.0184138 0.0392508 0.0218253 0.0115233 0.0529493 0.0247027 0.157184 0.0323709 0.02098 0.15762 0.105329 0.152964 0.200477 0.191027 
0.118248 0.0345988 0.0515817 0.0780179 0.0558364 0.0427449 0.0954 0.0596471 0.218393 0.0692324 0.0547766 0.21129 0.153921 0.212851 0.263577 0.252068 
0.0841715 0.00545282 0.0202087 0.0430755 0.0239546 0.012629 0.064128 0.0328228 0.165218 0.0355335 0.0287077 0.165688 0.11544 0.160666 0.205004 0.194878 
0.0827869 0.0114643 0.0213734 0.0456523 0.0252401 0.0189706 0.0617073 0.0288536 0.161234 0.0375164 0.0301411 0.16171 0.109012 0.156084 0.20237 0.191907 
loop 5
0.0961059 0.0183555 0.0341123 0.0586277 0.038082 0.0259653 0.0748442 0.0415818 0.175261 0.050438 0.0371659 0.175732 0.122625 0.170188 0.217034 0.206417 
0.127916 0.0404422 0.0568057 0.0823496 0.0608917 0.0482718 0.105749 0.070957 0.225225 0.07383 0.066147 0.225775 0.162512 0.219753 0.268994 0.257869 
0.0961059 0.0183555 0.0341123 0.0586277 0.038082 0.0259653 0.0748442 0.0415818 0.175261 0.050438 0.0371659 0.175732 0.122625 0.170188 0.217034 0.206417 
0.0936987 0.0174409 0.032841 0.0569312 0.0366813 0.024807 0.0728297 0.0402612 0.171353 0.0488765 0.0357787 0.171835 0.119676 0.173059 0.212096 0.2017 
0.22966 0.104412 0.126462 0.164246 0.137137 0.118393 0.194109 0.140291 0.364096 0.156335 0.135717 0.364857 0.27871 0.358996 0.43292 0.413282 
0.0908568 0.0183119 0.0274952 0.0501574 0.0312048 0.0254936 0.0710073 0.0399873 0.171196 0.0426707 0.0359118 0.171622 0.121823 0.166648 0.21061 0.200579 
0.605921 0.364622 0.406981 0.489802 0.417649 0.385174 0.531993 0.4439 0.869759 0.450618 0.432005 0.871507 0.693641 0.857352 1 0.972194 
0.0961059 0.0183555 0.0341123 0.0586277 0.038082 0.0259653 0.0748442 0.0415818 0.175261 0.050438 0.0371659 0.175732 0.122625 0.170188 0.217034 0.206417 
0.0663979 0 0.013455 0.034346 0.0168764 0.00655681 0.0481334 0.0198035 0.146528 0.0274492 0.0160982 0.140894 0.0948436 0.136274 0.183293 0.173924 
0.0908568 0.0183119 0.0274952 0.0501574 0.0312048 0.0254936 0.0710073 0.0399873 0.171196 0.0426707 0.0359118 0.171622 0.121823 0.166648 0.21061 0.200579 
0.142952 0.0470713 0.0685948 0.0929148 0.0724567 0.0604286 0.115257 0.0760002 0.236321 0.0848085 0.0713846 0.236895 0.176137 0.23101 0.285767 0.275079 
0.127916 0.0404422 0.0568057 0.0823496 0.0608917 0.0482718 0.105749 0.070957 0.225225 0.07383 0.066147 0.225775 0.162512 0.219753 0.268994 0.257869 
0.0663979 0 0.013455 0.034346 0.0168764 0.00655681 0.0481334 0.0198035 0.146528 0.0274492 0.0160982 0.140894 0.0948436 0.136274 0.183293 0.173924 
0.0808748 0.0100045 0.0220752 0.0440498 0.0267348 0.0190465 0.0630537 0.030986 0.157343 0.0346017 0.0324311 0.157815 0.104409 0.151642 0.197115 0.185029 
0.0908568 0.0183119 0.0274952 0.0501574 0.0312048 0.0254936 0.0710073 0.0399873 0.171196 0.0426707 0.0359118 0.171622 0.121823 0.166648 0.21061 0.200579 
0.0936987 0.0174409 0.032841 0.0569312 0.0366813 0.024807 0.0728297 0.0402612 0.171353 0.0488765 0.0357787 0.171835 0.119676 0.173059 0.212096 0.2017 
loop 6
0.102206 0.028137 0.0431596 0.066514 0.0469241 0.0353676 0.0819412 0.0502689 0.184282 0.058722 0.0517021 0.184754 0.133794 0.179387 0.224315 0.214097 
0.121723 0.0437182 0.059517 0.0841974 0.0634533 0.0512783 0.100428 0.0670519 0.20794 0.0759371 0.0624645 0.208433 0.154885 0.202681 0.249689 0.239059 
0.102206 0.028137 0.0431596 0.066514 0.0469241 0.0353676 0.0819412 0.0502689 0.184282 0.058722 0.0517021 0.184754 0.133794 0.179387 0.224315 0.214097 
0.0978404 0.0247047 0.0394813 0.05693 0.0431578 0.0317736 0.0778299 0.046585 0.172361 0.0548457 0.0422946 0.172787 0.122776 0.167446 0.211417 0.201473 
0.224228 0.106918 0.127565 0.162971 0.13117 0.113763 0.184173 0.140536 0.350228 0.149028 0.136247 0.350897 0.262955 0.33779 0.414713 0.39628 
0.0945204 0.0251175 0.0339065 0.0555766 0.0374414 0.0319766 0.075527 0.0458606 0.171357 0.0484128 0.0419454 0.171802 0.124151 0.167006 0.209064 0.199467 
0.618993 0.380592 0.419213 0.495391 0.428826 0.399057 0.550887 0.453357 0.880431 0.475781 0.442072 0.882117 0.717664 0.868495 1 0.974511 
0.102206 0.028137 0.0431596 0.066514 0.0469241 0.0353676 0.0819412 0.0502689 0.184282 0.058722 0.0517021 0.184754 0.133794 0.179387 0.224315 0.214097 
0.0856778 0.0124673 0.0251913 0.049928 0.0284119 0.0186611 0.0630272 0.0360618 0.162526 0.0384041 0.0324953 0.157066 0.113021 0.158493 0.19776 0.188762 
0.0945204 0.0251175 0.0339065 0.0555766 0.0374414 0.0319766 0.075527 0.0458606 0.171357 0.0484128 0.0419454 0.171802 0.124151 0.167006 0.209064 0.199467 
0.0592586 0 0.0155532 0.0284119 0.0139844 0.00756654 0.0443124 0.0174698 0.123439 0.0260701 0.0187367 0.12384 0.0851027 0.12517 0.156995 0.146799 
0.121723 0.0437182 0.059517 0.0841974 0.0634533 0.0512783 0.100428 0.0670519 0.20794 0.0759371 0.0624645 0.208433 0.154885 0.202681 0.249689 0.239059 
0.0856778 0.0124673 0.0251913 0.049928 0.0284119 0.0186611 0.0630272 0.0360618 0.162526 0.0384041 0.0324953 0.157066 0.113021 0.158493 0.19776 0.188762 
0.0859261 0.0178841 0.0294717 0.0505663 0.0339436 0.0203908 0.0622231 0.0380132 0.151976 0.041484 0.0330836 0.152415 0.10852 0.146586 0.189869 0.178368 
0.0945204 0.0251175 0.0339065 0.0555766 0.0374414 0.0319766 0.075527 0.0458606 0.171357 0.0484128 0.0419454 0.171802 0.124151 0.167006 0.209064 0.199467 
0.0978404 0.0247047 0.0394813 0.05693 0.0431578 0.0317736 0.0778299 0.046585 0.172361 0.0548457 0.0422946 0.172787 0.122776 0.167446 0.211417 0.201473 
loop 7
0.104423 0.0287593 0.0392952 0.0650551 0.0434405 0.0368009 0.0820972 0.0533888 0.194853 0.056449 0.0486715 0.187981 0.139198 0.189543 0.231338 0.220196 
0.147247 0.0554237 0.0726072 0.0994287 0.0768834 0.0636243 0.124022 0.0808023 0.249409 0.0904634 0.0824268 0.25 0.183588 0.243651 0.303537 0.283667 
0.104423 0.0287593 0.0392952 0.0650551 0.0434405 0.0368009 0.0820972 0.0533888 0.194853 0.056449 0.0486715 0.187981 0.139198 0.189543 0.231338 0.220196 
0.103317 0.02291 0.0391186 0.0645284 0.0431653 0.0306679 0.081319 0.0469489 0.185295 0.0560118 0.0422502 0.185752 0.130742 0.179907 0.228252 0.217306 
0.237265 0.110022 0.139343 0.1708 0.143282 0.124275 0.201137 0.153462 0.382511 0.162773 0.14185 0.374875 0.287198 0.368995 0.444279 0.432879 
0.103817 0.0218978 0.0372652 0.0610778 0.0411631 0.0351619 0.0829857 0.0503905 0.188221 0.0532107 0.0460917 0.18871 0.136382 0.183444 0.22963 0.219091 
0.626221 0.361706 0.408817 0.488781 0.431958 0.391974 0.551756 0.438096 0.877944 0.457515 0.428709 0.879639 0.70956 0.871832 1 0.97794 
0.104423 0.0287593 0.0392952 0.0650551 0.0434405 0.0368009 0.0820972 0.0533888 0.194853 0.056449 0.0486715 0.187981 0.139198 0.189543 0.231338 0.220196 
0.106743 0.0245963 0.0388489 0.0666584 0.0424771 0.0315206 0.0813411 0.0510862 0.199276 0.0536615 0.0470958 0.193035 0.137228 0.188116 0.238834 0.228722 
0.103817 0.0218978 0.0372652 0.0610778 0.0411631 0.0351619 0.0829857 0.0503905 0.188221 0.0532107 0.0460917 0.18871 0.136382 0.183444 0.22963 0.219091 
0.071593 0 0.0170583 0.037392 0.0153468 0.00830425 0.0486599 0.0191722 0.142667 0.0286109 0.0205632 0.135981 0.0934557 0.137441 0.172411 0.168517 
0.147247 0.0554237 0.0726072 0.0994287 0.0768834 0.0636243 0.124022 0.0808023 0.249409 0.0904634 0.0824268 0.25 0.183588 0.243651 0.303537 0.283667 
0.106743 0.0245963 0.0388489 0.0666584 0.0424771 0.0315206 0.0813411 0.0510862 0.199276 0.0536615 0.0470958 0.193035 0.137228 0.188116 0.238834 0.228722 
0.0804924 0.0121377 0.0250551 0.048508 0.0300336 0.0218033 0.0615512 0.0345356 0.153604 0.038451 0.029127 0.154048 0.105505 0.147679 0.195569 0.182822 
0.103817 0.0218978 0.0372652 0.0610778 0.0411631 0.0351619 0.0829857 0.0503905 0.188221 0.0532107 0.0460917 0.18871 0.136382 0.183444 0.22963 0.219091 
0.103317 0.02291 0.0391186 0.0645284 0.0431653 0.0306679 0.081319 0.0469489 0.185295 0.0560118 0.0422502 0.185752 0.130742 0.179907 0.228252 0.217306 
loop 8
0.152076 0.0584593 0.0746995 0.0999677 0.0787435 0.0662362 0.123232 0.0823567 0.256885 0.0915668 0.0840576 0.257488 0.186676 0.251539 0.308953 0.29764 
0.144274 0.0517859 0.069092 0.0960707 0.0734168 0.0600455 0.11384 0.0773219 0.239311 0.0870629 0.0723117 0.239876 0.180861 0.233503 0.293496 0.281694 
0.152076 0.0584593 0.0746995 0.0999677 0.0787435 0.0662362 0.123232 0.0823567 0.256885 0.0915668 0.0840576 0.257488 0.186676 0.251539 0.308953 0.29764 
0.101479 0.0273244 0.0376135 0.0629033 0.0416363 0.0351013 0.0795929 0.0514714 0.190237 0.0544128 0.0467204 0.183553 0.135507 0.18481 0.225843 0.214937 
0.236438 0.109271 0.131649 0.170011 0.142518 0.12352 0.20033 0.145674 0.381575 0.161971 0.141086 0.373948 0.286342 0.368077 0.443336 0.431953 
0.103589 0.0216228 0.0369965 0.0608028 0.0408835 0.0290998 0.0827341 0.0501208 0.188052 0.0529454 0.0458342 0.188541 0.136159 0.183269 0.229504 0.218954 
0.625984 0.361382 0.408498 0.488476 0.431651 0.39166 0.551501 0.437786 0.877896 0.457206 0.428396 0.879587 0.709389 0.871782 1 0.977928 
0.152076 0.0584593 0.0746995 0.0999677 0.0787435 0.0662362 0.123232 0.0823567 0.256885 0.0915668 0.0840576 0.257488 0.186676 0.251539 0.308953 0.29764 
0.131253 0.0377096 0.0573748 0.0851974 0.0609709 0.0500724 0.10573 0.0696677 0.230795 0.072128 0.0656786 0.231285 0.168228 0.226267 0.277701 0.267513 
0.103589 0.0216228 0.0369965 0.0608028 0.0408835 0.0290998 0.0827341 0.0501208 0.188052 0.0529454 0.0458342 0.188541 0.136159 0.183269 0.229504 0.218954 
0.0652735 0 0.0111023 0.0312964 0.0153948 0.00832394 0.0488174 0.0192279 0.135963 0.0287073 0.0206194 0.136377 0.0937317 0.130761 0.172899 0.161661 
0.144274 0.0517859 0.069092 0.0960707 0.0734168 0.0600455 0.11384 0.0773219 0.239311 0.0870629 0.0723117 0.239876 0.180861 0.233503 0.293496 0.281694 
0.131253 0.0377096 0.0573748 0.0851974 0.0609709 0.0500724 0.10573 0.0696677 0.230795 0.072128 0.0656786 0.231285 0.168228 0.226267 0.277701 0.267513 
0.0954281 0.0215549 0.0341034 0.0570427 0.03895 0.0309507 0.076876 0.043384 0.182828 0.0540973 0.0448942 0.17527 0.127215 0.176742 0.216086 0.211794 
0.103589 0.0216228 0.0369965 0.0608028 0.0408835 0.0290998 0.0827341 0.0501208 0.188052 0.0529454 0.0458342 0.188541 0.136159 0.183269 0.229504 0.218954 
0.101479 0.0273244 0.0376135 0.0629033 0.0416363 0.0351013 0.0795929 0.0514714 0.190237 0.0544128 0.0467204 0.183553 0.135507 0.18481 0.225843 0.214937 
loop 9
0.134283 0.0465444 0.0629495 0.088556 0.0670543 0.0544074 0.112057 0.0707331 0.239535 0.080024 0.0723778 0.232502 0.169012 0.234085 0.283882 0.272586 
0.140797 0.0478601 0.0652419 0.0923632 0.069571 0.0561642 0.110205 0.0735344 0.23621 0.0833073 0.0684796 0.236778 0.170074 0.230417 0.282388 0.270652 
0.134283 0.0465444 0.0629495 0.088556 0.0670543 0.0544074 0.112057 0.0707331 0.239535 0.080024 0.0723778 0.232502 0.169012 0.234085 0.283882 0.272586 
0.0974528 0.0230645 0.0333857 0.0587375 0.0374212 0.0308664 0.0754771 0.047272 0.186445 0.0502389 0.0425224 0.17974 0.131587 0.181002 0.222196 0.218648 
0.255066 0.123032 0.146206 0.186081 0.150245 0.137756 0.217634 0.160885 0.405212 0.170408 0.155946 0.39729 0.306705 0.39111 0.477931 0.457144 
0.0995628 0.0230408 0.0327308 0.0566245 0.036629 0.0306037 0.0786214 0.0459123 0.184321 0.0487256 0.0415953 0.184771 0.132233 0.179523 0.225902 0.215319 
0.624403 0.358716 0.405995 0.486328 0.429218 0.38913 0.549633 0.435412 0.877366 0.454916 0.425984 0.879069 0.708182 0.871222 1 0.977758 
0.134283 0.0465444 0.0629495 0.088556 0.0670543 0.0544074 0.112057 0.0707331 0.239535 0.080024 0.0723778 0.232502 0.169012 0.234085 0.283882 0.272586 
0.144174 0.0443823 0.0640959 0.0918842 0.0676742 0.056819 0.112412 0.0764043 0.251167 0.0787917 0.0724223 0.244667 0.181338 0.239601 0.298517 0.288242 
0.0995628 0.0230408 0.0327308 0.0566245 0.036629 0.0306037 0.0786214 0.0459123 0.184321 0.0487256 0.0415953 0.184771 0.132233 0.179523 0.225902 0.215319 
0.0656239 0 0.0111574 0.0314803 0.0154713 0.00837635 0.049099 0.0193634 0.136676 0.0227159 0.0146447 0.137102 0.094257 0.131423 0.173738 0.16247 
0.140797 0.0478601 0.0652419 0.0923632 0.069571 0.0561642 0.110205 0.0735344 0.23621 0.0833073 0.0684796 0.236778 0.170074 0.230417 0.282388 0.270652 
0.144174 0.0443823 0.0640959 0.0918842 0.0676742 0.056819 0.112412 0.0764043 0.251167 0.0787917 0.0724223 0.244667 0.181338 0.239601 0.298517 0.288242 
0.30182 0.153606 0.185626 0.228387 0.189726 0.168743 0.261927 0.201385 0.462373 0.211291 0.195718 0.463217 0.356733 0.455451 0.548188 0.526249 
0.0995628 0.0230408 0.0327308 0.0566245 0.036629 0.0306037 0.0786214 0.0459123 0.184321 0.0487256 0.0415953 0.184771 0.132233 0.179523 0.225902 0.215319 
0.0974528 0.0230645 0.0333857 0.0587375 0.0374212 0.0308664 0.0754771 0.047272 0.186445 0.0502389 0.0425224 0.17974 0.131587 0.181002 0.222196 0.218648 
loop 10
0.138237 0.0506681 0.0670579 0.0926185 0.0711365 0.0584976 0.116076 0.074829 0.243254 0.0840803 0.0700726 0.236237 0.172938 0.230275 0.287469 0.276247 
0.143686 0.0512786 0.0685713 0.095541 0.0728663 0.0660961 0.120251 0.0835177 0.246473 0.0865343 0.0784255 0.247051 0.180228 0.240637 0.292666 0.28094 
0.138237 0.0506681 0.0670579 0.0926185 0.0711365 0.0584976 0.116076 0.074829 0.243254 0.0840803 0.0700726 0.236237 0.172938 0.230275 0.287469 0.276247 
0.0984107 0.023713 0.0341203 0.0595495 0.0381556 0.0315405 0.0763681 0.0480194 0.180604 0.0510114 0.0432468 0.18105 0.125908 0.175152 0.223615 0.212646 
0.239859 0.109696 0.139638 0.171768 0.143658 0.124242 0.202901 0.154054 0.379693 0.163573 0.142233 0.380479 0.290899 0.374456 0.4513 0.430892 
0.103291 0.0270588 0.0367127 0.0605349 0.0406121 0.0346085 0.0824517 0.0498433 0.18773 0.0526646 0.0455427 0.188219 0.13587 0.182951 0.229156 0.218612 
0.626038 0.361375 0.408441 0.488472 0.431597 0.391666 0.551528 0.437767 0.877869 0.457188 0.428345 0.879565 0.709487 0.871885 1 0.977846 
0.138237 0.0506681 0.0670579 0.0926185 0.0711365 0.0584976 0.116076 0.074829 0.243254 0.0840803 0.0700726 0.236237 0.172938 0.230275 0.287469 0.276247 
0.155484 0.056097 0.0700409 0.103414 0.0793097 0.0628646 0.123849 0.0822106 0.261905 0.0903537 0.0782695 0.262463 0.192444 0.257384 0.316297 0.306002 
0.103291 0.0270588 0.0367127 0.0605349 0.0406121 0.0346085 0.0824517 0.0498433 0.18773 0.0526646 0.0455427 0.188219 0.13587 0.182951 0.229156 0.218612 
0.0653654 0 0.0111179 0.0313186 0.0154079 0.00834084 0.0488885 0.0192615 0.136158 0.0287468 0.0206531 0.136571 0.0938827 0.130972 0.173135 0.161908 
0.143686 0.0512786 0.0685713 0.095541 0.0728663 0.0660961 0.120251 0.0835177 0.246473 0.0865343 0.0784255 0.247051 0.180228 0.240637 0.292666 0.28094 
0.155484 0.056097 0.0700409 0.103414 0.0793097 0.0628646 0.123849 0.0822106 0.261905 0.0903537 0.0782695 0.262463 0.192444 0.257384 0.316297 0.306002 
0.449312 0.269473 0.304213 0.351439 0.308113 0.284934 0.396845 0.322036 0.655425 0.340649 0.314423 0.64621 0.518548 0.645178 0.757394 0.734017 
0.103291 0.0270588 0.0367127 0.0605349 0.0406121 0.0346085 0.0824517 0.0498433 0.18773 0.0526646 0.0455427 0.188219 0.13587 0.182951 0.229156 0.218612 
0.0984107 0.023713 0.0341203 0.0595495 0.0381556 0.0315405 0.0763681 0.0480194 0.180604 0.0510114 0.0432468 0.18105 0.125908 0.175152 0.223615 0.212646 
loop 11
0.140421 0.0463234 0.0626375 0.0880788 0.0667338 0.0541623 0.111446 0.0767508 0.238287 0.0796166 0.0720051 0.238843 0.175243 0.232881 0.282456 0.271207 
0.143735 0.051472 0.0687288 0.0956621 0.0730323 0.0597224 0.120323 0.083646 0.246356 0.0866536 0.0785824 0.246933 0.180203 0.240531 0.292508 0.280754 
0.140421 0.0463234 0.0626375 0.0880788 0.0667338 0.0541623 0.111446 0.0767508 0.238287 0.0796166 0.0720051 0.238843 0.175243 0.232881 0.282456 0.271207 
0.106172 0.0317272 0.0420486 0.0674415 0.0460754 0.0395113 0.0842003 0.0559808 0.195217 0.0588889 0.0511672 0.195696 0.140302 0.189687 0.238285 0.227297 
0.236293 0.109083 0.138323 0.169754 0.14224 0.123294 0.200158 0.152467 0.381135 0.161769 0.147801 0.373522 0.286124 0.367733 0.442873 0.431429 
0.103746 0.0217967 0.0371736 0.060983 0.0410581 0.029282 0.082903 0.050307 0.188163 0.053112 0.0460055 0.188611 0.136299 0.183383 0.229591 0.219047 
0.626095 0.361603 0.408646 0.48864 0.431791 0.39188 0.551666 0.437928 0.877922 0.457346 0.428542 0.879547 0.70955 0.871871 1 0.977861 
0.140421 0.0463234 0.0626375 0.0880788 0.0667338 0.0541623 0.111446 0.0767508 0.238287 0.0796166 0.0720051 0.238843 0.175243 0.232881 0.282456 0.271207 
0.0849971 0.0129417 0.0275349 0.0501737 0.0312353 0.0200411 0.0652025 0.034414 0.17162 0.042699 0.0303856 0.165493 0.115696 0.160509 0.211378 0.201245 
0.103746 0.0217967 0.0371736 0.060983 0.0410581 0.029282 0.082903 0.050307 0.188163 0.053112 0.0460055 0.188611 0.136299 0.183383 0.229591 0.219047 
0.0651386 0 0.0170787 0.0312327 0.0153563 0.00831927 0.0487023 0.0192 0.135667 0.0286552 0.0205794 0.13608 0.0935367 0.137567 0.172529 0.161352 
0.143735 0.051472 0.0687288 0.0956621 0.0730323 0.0597224 0.120323 0.083646 0.246356 0.0866536 0.0785824 0.246933 0.180203 0.240531 0.292508 0.280754 
0.0849971 0.0129417 0.0275349 0.0501737 0.0312353 0.0200411 0.0652025 0.034414 0.17162 0.042699 0.0303856 0.165493 0.115696 0.160509 0.211378 0.201245 
0.415609 0.24037 0.274256 0.320232 0.278145 0.25569 0.364481 0.291468 0.606713 0.301301 0.284354 0.597749 0.483282 0.597322 0.706662 0.683683 
0.103746 0.0217967 0.0371736 0.060983 0.0410581 0.029282 0.082903 0.050307 0.188163 0.053112 0.0460055 0.188611 0.136299 0.183383 0.229591 0.219047 
0.106172 0.0317272 0.0420486 0.0674415 0.0460754 0.0395113 0.0842003 0.0559808 0.195217 0.0588889 0.0511672 0.195696 0.140302 0.189687 0.238285 0.227297 
loop 12
0.142917 0.0489851 0.0652715 0.0971916 0.0693333 0.0567803 0.113996 0.0793805 0.240518 0.0821901 0.0746095 0.241087 0.177655 0.235167 0.292473 0.281162 
0.143399 0.0507823 0.0681073 0.0951506 0.0724285 0.059066 0.119911 0.076386 0.246415 0.0861048 0.0779792 0.239085 0.18002 0.240566 0.292718 0.280913 
0.142917 0.0489851 0.0652715 0.0971916 0.0693333 0.0567803 0.113996 0.0793805 0.240518 0.0821901 0.0746095 0.241087 0.177655 0.235167 0.292473 0.281162 
0.10103 0.0265522 0.0429373 0.0622917 0.0470051 0.0343544 0.0790621 0.0508332 0.190237 0.0537823 0.0460395 0.183532 0.135211 0.184714 0.22594 0.222382 
0.238881 0.110458 0.133057 0.171794 0.137005 0.124809 0.202429 0.147238 0.376645 0.156567 0.142528 0.369003 0.281271 0.363162 0.438584 0.4271 
0.102742 0.0264484 0.0360976 0.059943 0.0400008 0.0339912 0.0818813 0.049241 0.187264 0.0520652 0.0449531 0.187713 0.135352 0.18248 0.228731 0.218178 
0.625721 0.360898 0.40801 0.488087 0.43118 0.391207 0.551205 0.43735 0.877794 0.456787 0.427926 0.879491 0.709253 0.871543 1 0.977838 
0.142917 0.0489851 0.0652715 0.0971916 0.0693333 0.0567803 0.113996 0.0793805 0.240518 0.0821901 0.0746095 0.241087 0.177655 0.235167 0.292473 0.281162 
0.143802 0.0529406 0.0686921 0.0931786 0.0726547 0.0605484 0.115777 0.0760611 0.245655 0.085047 0.0778276 0.246209 0.177394 0.240564 0.296489 0.285426 
0.102742 0.0264484 0.0360976 0.059943 0.0400008 0.0339912 0.0818813 0.049241 0.187264 0.0520652 0.0449531 0.187713 0.135352 0.18248 0.228731 0.218178 
0.0657228 0 0.0111905 0.0315221 0.0155168 0.00839102 0.0491519 0.0193942 0.13685 0.0227765 0.0147043 0.137292 0.087633 0.13168 0.166657 0.162732 
0.143399 0.0507823 0.0681073 0.0951506 0.0724285 0.059066 0.119911 0.076386 0.246415 0.0861048 0.0779792 0.239085 0.18002 0.240566 0.292718 0.280913 
0.143802 0.0529406 0.0686921 0.0931786 0.0726547 0.0605484 0.115777 0.0760611 0.245655 0.085047 0.0778276 0.246209 0.177394 0.240564 0.296489 0.285426 
0.470221 0.277874 0.313155 0.370251 0.325672 0.301967 0.416603 0.331359 0.670343 0.350154 0.332081 0.671406 0.540879 0.669991 0.784253 0.760625 
0.102742 0.0264484 0.0360976 0.059943 0.0400008 0.0339912 0.0818813 0.049241 0.187264 0.0520652 0.0449531 0.187713 0.135352 0.18248 0.228731 0.218178 
0.10103 0.0265522 0.0429373 0.0622917 0.0470051 0.0343544 0.0790621 0.0508332 0.190237 0.0537823 0.0460395 0.183532 0.135211 0.184714 0.22594 0.222382 
loop 13
0.1382 0.0501375 0.0666167 0.0923168 0.0707212 0.0580065 0.115901 0.0744271 0.243723 0.0837309 0.0696168 0.244307 0.173057 0.238287 0.296125 0.27684 
0.139738 0.0467331 0.0641281 0.0912908 0.0684608 0.0550438 0.109148 0.0724267 0.235299 0.0822273 0.0673498 0.235824 0.169066 0.229458 0.281521 0.269724 
0.1382 0.0501375 0.0666167 0.0923168 0.0707212 0.0580065 0.115901 0.0744271 0.243723 0.0837309 0.0696168 0.244307 0.173057 0.238287 0.296125 0.27684 
0.0970957 0.0221997 0.038643 0.0581193 0.0427323 0.0300449 0.0749816 0.0465976 0.186655 0.0495643 0.0417625 0.179955 0.131409 0.181142 0.230042 0.219009 
0.23824 0.109907 0.132505 0.171208 0.136449 0.117384 0.201789 0.146653 0.376117 0.155988 0.141985 0.376856 0.28061 0.370888 0.446673 0.426568 
0.0985118 0.0219012 0.0315986 0.0555316 0.0355164 0.0294859 0.0775506 0.0447914 0.183349 0.0476251 0.0404876 0.18384 0.131245 0.178547 0.224968 0.214376 
0.623906 0.357936 0.405314 0.485694 0.428561 0.388376 0.54906 0.434733 0.877229 0.454256 0.425293 0.878934 0.707757 0.871016 1 0.97773 
0.1382 0.0501375 0.0666167 0.0923168 0.0707212 0.0580065 0.115901 0.0744271 0.243723 0.0837309 0.0696168 0.244307 0.173057 0.238287 0.296125 0.27684 
0.135706 0.0429296 0.0590229 0.090539 0.0630773 0.0506909 0.107088 0.0729351 0.239739 0.0757511 0.068312 0.232718 0.170096 0.226964 0.283672 0.272517 
0.0985118 0.0219012 0.0315986 0.0555316 0.0355164 0.0294859 0.0775506 0.0447914 0.183349 0.0476251 0.0404876 0.18384 0.131245 0.178547 0.224968 0.214376 
0.066002 0 0.0112293 0.0316527 0.0155883 0.00242486 0.0429838 0.0194763 0.137433 0.0228452 0.014749 0.130714 0.0879988 0.132183 0.167306 0.163397 
0.139738 0.0467331 0.0641281 0.0912908 0.0684608 0.0550438 0.109148 0.0724267 0.235299 0.0822273 0.0673498 0.235824 0.169066 0.229458 0.281521 0.269724 
0.135706 0.0429296 0.0590229 0.090539 0.0630773 0.0506909 0.107088 0.0729351 0.239739 0.0757511 0.068312 0.232718 0.170096 0.226964 0.283672 0.272517 
0.458805 0.26944 0.304169 0.360326 0.308038 0.284947 0.396966 0.321996 0.655935 0.340572 0.314378 0.656998 0.528586 0.655935 0.768887 0.745392 
0.0985118 0.0219012 0.0315986 0.0555316 0.0355164 0.0294859 0.0775506 0.0447914 0.183349 0.0476251 0.0404876 0.18384 0.131245 0.178547 0.224968 0.214376 
0.0970957 0.0221997 0.038643 0.0581193 0.0427323 0.0300449 0.0749816 0.0465976 0.186655 0.0495643 0.0417625 0.179955 0.131409 0.181142 0.230042 0.219009 
loop 14
0.145296 0.0505947 0.067004 0.0926199 0.0710956 0.0584391 0.116127 0.0747873 0.243544 0.0840853 0.0700117 0.244078 0.180279 0.238127 0.29576 0.284414 
0.143896 0.0512554 0.0685769 0.095625 0.0728773 0.0595236 0.1134 0.0768182 0.246925 0.0865707 0.0717675 0.239591 0.180533 0.241065 0.293198 0.281422 
0.145296 0.0505947 0.067004 0.0926199 0.0710956 0.0584391 0.116127 0.0747873 0.243544 0.0840853 0.0700117 0.244078 0.180279 0.238127 0.29576 0.284414 
0.102057 0.0271942 0.0375726 0.0631172 0.0416101 0.0350159 0.0799669 0.0454414 0.191603 0.054526 0.0467508 0.192083 0.136377 0.186038 0.23494 0.223883 
0.259664 0.119209 0.149768 0.19003 0.153848 0.134019 0.214127 0.164534 0.40258 0.174193 0.159653 0.403334 0.303612 0.397201 0.475686 0.454776 
0.0994699 0.0170969 0.0325467 0.0564709 0.0364528 0.0246108 0.0785103 0.0457356 0.184315 0.0485744 0.0414276 0.184806 0.132202 0.179509 0.225967 0.215365 
0.624284 0.358455 0.405801 0.486126 0.429032 0.388874 0.549449 0.435225 0.877328 0.45474 0.425791 0.879027 0.708088 0.871185 1 0.97775 
0.145296 0.0505947 0.067004 0.0926199 0.0710956 0.0584391 0.116127 0.0747873 0.243544 0.0840853 0.0700117 0.244078 0.180279 0.238127 0.29576 0.284414 
0.0885525 0.0121656 0.0276599 0.0516948 0.0315634 0.0196814 0.0676198 0.0349907 0.173392 0.043729 0.0365018 0.173862 0.121172 0.168541 0.215039 0.204434 
0.0994699 0.0170969 0.0325467 0.0564709 0.0364528 0.0245814 0.0785103 0.0457356 0.184315 0.0485744 0.0414276 0.184806 0.132202 0.179509 0.225967 0.215365 
0.0658286 0 0.0111812 0.0315882 0.015514 0.00240855 0.0492574 0.019413 0.137107 0.0227715 0.0146753 0.137533 0.0877628 0.131832 0.174295 0.162981 
0.143896 0.0512554 0.0685769 0.095625 0.0728773 0.0595236 0.1134 0.0768182 0.246925 0.0865707 0.0717675 0.239591 0.180533 0.241065 0.293198 0.281422 
0.0885525 0.0121656 0.0276599 0.0516948 0.0315634 0.0196814 0.0676198 0.0349907 0.173392 0.043729 0.0365018 0.173862 0.121172 0.168541 0.215039 0.204434 
0.384294 0.21626 0.250419 0.296739 0.254422 0.231777 0.332689 0.267783 0.566244 0.277775 0.260659 0.56725 0.452136 0.556987 0.666454 0.633187 
0.0994699 0.0170969 0.0325467 0.0564709 0.0364528 0.0246108 0.0785103 0.0457356 0.184315 0.0485744 0.0414276 0.184806 0.132202 0.179509 0.225967 0.215365 
0.102057 0.0271942 0.0375726 0.0631172 0.0416101 0.0350159 0.0799669 0.0454414 0.191603 0.054526 0.0467508 0.192083 0.136377 0.186038 0.23494 0.223883 
loop 15
0.156158 0.0627886 0.0789864 0.110767 0.0830343 0.0705438 0.127392 0.0930811 0.268452 0.0958021 0.0883488 0.261324 0.19795 0.263018 0.320703 0.301412 
0.132946 0.047391 0.0647275 0.0917863 0.0690432 0.0556786 0.109577 0.0730061 0.235309 0.0827303 0.0679572 0.228042 0.169303 0.229501 0.281373 0.269645 
0.156158 0.0627886 0.0789864 0.110767 0.0830343 0.0705438 0.127392 0.0930811 0.268452 0.0958021 0.0883488 0.261324 0.19795 0.263018 0.320703 0.301412 
0.107038 0.0263196 0.0425958 0.0681258 0.0466377 0.0340672 0.0849511 0.0504743 0.189311 0.0595459 0.0517605 0.189779 0.134514 0.190948 0.232288 0.221346 
0.234858 0.113322 0.136083 0.175005 0.140062 0.120896 0.198392 0.150322 0.381267 0.159705 0.145643 0.373635 0.285209 0.367659 0.443622 0.432093 
0.103444 0.0214755 0.0368515 0.060659 0.0407354 0.0347465 0.0825769 0.0499846 0.187862 0.0527886 0.0456831 0.188351 0.135997 0.183082 0.22929 0.218746 
0.62608 0.361469 0.408582 0.488565 0.431741 0.39176 0.551613 0.437885 0.877883 0.457309 0.42849 0.879579 0.70952 0.8719 1 0.977929 
0.156158 0.0627886 0.0789864 0.110767 0.0830343 0.0705438 0.127392 0.0930811 0.268452 0.0958021 0.0883488 0.261324 0.19795 0.263018 0.320703 0.301412 
0.104407 0.0213573 0.0347576 0.0609207 0.0381624 0.0278791 0.0802872 0.0462739 0.192403 0.0486949 0.0425233 0.186514 0.133474 0.181782 0.236659 0.220429 
0.103444 0.0214755 0.0368515 0.060659 0.0407354 0.0347465 0.0825769 0.0499846 0.187862 0.0527886 0.0456831 0.188351 0.135997 0.183082 0.22929 0.218746 
0.0653123 0 0.0171297 0.0313221 0.0154072 0.00832935 0.0488428 0.0192669 0.136034 0.0287421 0.0206347 0.136475 0.0937927 0.130855 0.172996 0.161782 
0.132946 0.047391 0.0647275 0.0917863 0.0690432 0.0556786 0.109577 0.0730061 0.235309 0.0827303 0.0679572 0.228042 0.169303 0.229501 0.281373 0.269645 
0.104407 0.0213573 0.0347576 0.0609207 0.0381624 0.0278791 0.0802872 0.0462739 0.192403 0.0486949 0.0425233 0.186514 0.133474 0.181782 0.236659 0.220429 
0.502932 0.303469 0.338303 0.403691 0.350734 0.327439 0.449836 0.365035 0.732462 0.383753 0.357144 0.722941 0.582863 0.721637 0.846844 0.812217 
0.103444 0.0214755 0.0368515 0.060659 0.0407354 0.0347465 0.0825769 0.0499846 0.187862 0.0527886 0.0456831 0.188351 0.135997 0.183082 0.22929 0.218746 
0.107038 0.0263196 0.0425958 0.0681258 0.0466377 0.0340672 0.0849511 0.0504743 0.189311 0.0595459 0.0517605 0.189779 0.134514 0.190948 0.232288 0.221346 
