loop 0
	0.045557	0.0292735	0.0323259	0.03706	0.0331008	0.030758	0.0414155	0.0349388	0.0623295	0.035496	0.034084	0.0624267	0.0520312	0.0613877	0.0705606	0.0684657
	0.0551456	0.0368989	0.0403133	0.0456397	0.0411616	0.0385277	0.0491346	0.0419365	0.0754237	0.043864	0.0409386	0.0755436	0.0623609	0.0742848	0.0845379	0.0822228
	0.149394	0.0968143	0.106179	0.122067	0.110774	0.102831	0.134592	0.111994	0.199431	0.115859	0.110133	0.199768	0.16596	0.198216	0.223693	0.219293
	0.0551456	0.0368989	0.0403133	0.0456397	0.0411616	0.0385277	0.0491346	0.0419365	0.0754237	0.043864	0.0409386	0.0755436	0.0623609	0.0742848	0.0845379	0.0822228
	0.07285	0.0466339	0.0505239	0.0584439	0.0524318	0.0491288	0.0650884	0.054194	0.101811	0.0558272	0.0521717	0.10042	0.0817721	0.0994213	0.114628	0.112531
	0.045557	0.0292735	0.0323259	0.0370562	0.0331008	0.030758	0.0414155	0.0349388	0.0623295	0.035496	0.034084	0.0624267	0.0520312	0.0613877	0.0705606	0.0684657
	0.0523471	0.0355238	0.0388897	0.0442656	0.039694	0.0370584	0.0477654	0.0405709	0.0709726	0.0424013	0.0407429	0.0710809	0.0594539	0.0696365	0.079716	0.077497
	0.045557	0.0292735	0.0323259	0.03706	0.0331008	0.030758	0.0414155	0.0349388	0.0623295	0.035496	0.034084	0.0624267	0.0520312	0.0613877	0.0705606	0.0684657
	0.0453141	0.0298271	0.0335375	0.0379577	0.0344711	0.0316201	0.041765	0.0353169	0.0621728	0.0360226	0.0342734	0.0622727	0.0514855	0.0609982	0.0701659	0.0677305
	0.168848	0.117743	0.127386	0.142354	0.130046	0.124769	0.154797	0.133607	0.225305	0.137581	0.133416	0.22562	0.188976	0.224571	0.257645	0.247506
	0.168848	0.117743	0.127386	0.142354	0.130046	0.124769	0.154797	0.133607	0.225305	0.137581	0.133416	0.22562	0.188976	0.224571	0.257645	0.247506
	0.0453141	0.0298271	0.0335375	0.0379577	0.0344711	0.0316201	0.041765	0.0353169	0.0621728	0.0360226	0.0342734	0.0622727	0.0514855	0.0609982	0.0701659	0.0677305
	0.0551456	0.0368989	0.0403133	0.0456397	0.0411616	0.0385277	0.0491346	0.0419365	0.0754237	0.043864	0.0409386	0.0755436	0.0623609	0.0742848	0.0845379	0.0822228
	0.045557	0.0292735	0.0323259	0.03706	0.0331008	0.030758	0.0414155	0.0349388	0.0623295	0.035496	0.034084	0.0624267	0.0520312	0.0613877	0.0705606	0.0684657
	0.0453141	0.0298271	0.0335375	0.0379577	0.0344711	0.0316201	0.041765	0.0353169	0.0621728	0.0360226	0.0342734	0.0622727	0.0514855	0.0609982	0.0701659	0.0677305
	0.0608913	0.0417834	0.0459892	0.0509739	0.0470213	0.0437566	0.0552641	0.0480492	0.0835839	0.0487637	0.0467533	0.0837216	0.0696059	0.0821012	0.0943977	0.0916531
loop 1
	0.0455777	0.0292897	0.0323447	0.0370792	0.0331203	0.0307755	0.0414335	0.0349562	0.0623619	0.035514	0.0341009	0.0624591	0.0520499	0.0614115	0.070599	0.0685025
	0.05415	0.0359229	0.0393336	0.044649	0.0401831	0.0375523	0.0481474	0.040954	0.0744202	0.0428769	0.0399598	0.0729677	0.0613603	0.0732769	0.0835353	0.0812102
	0.149386	0.0968098	0.106163	0.122061	0.110763	0.102827	0.134592	0.111988	0.199445	0.115847	0.110117	0.199781	0.16597	0.19823	0.223709	0.219323
	0.05415	0.0359229	0.0393336	0.044649	0.0401831	0.0375523	0.0481474	0.040954	0.0744202	0.0428769	0.0399598	0.0729677	0.0613603	0.0732769	0.0835353	0.0812102
	0.0717756	0.0456355	0.0507306	0.0586809	0.0514171	0.0481216	0.0640395	0.0531698	0.100668	0.056049	0.0523885	0.099282	0.0820816	0.098281	0.115049	0.111366
	0.0455777	0.0292897	0.0323447	0.0370792	0.0331203	0.0307755	0.0414335	0.0349562	0.0623619	0.035514	0.0341009	0.0624591	0.0520499	0.0614115	0.070599	0.0685025
	0.0541532	0.037332	0.040706	0.0447772	0.0415106	0.0388667	0.0495797	0.0423882	0.0727598	0.0429328	0.0412867	0.0728727	0.0612611	0.0729103	0.0830565	0.0808172
	0.0455777	0.0292897	0.0323447	0.0370792	0.0331203	0.0307755	0.0414335	0.0349562	0.0623619	0.035514	0.0341009	0.0624591	0.0520499	0.0614115	0.070599	0.0685025
	0.0453101	0.0298208	0.0335325	0.0379577	0.0344659	0.0316132	0.041765	0.0353142	0.0621791	0.0360198	0.0342682	0.0622789	0.0514807	0.0609982	0.0701659	0.0677305
	0.176815	0.122777	0.132552	0.147775	0.137274	0.129866	0.160402	0.138911	0.234354	0.142906	0.138656	0.232195	0.197318	0.233478	0.267069	0.256814
	0.176815	0.122777	0.132552	0.147775	0.137274	0.129866	0.160402	0.138911	0.234354	0.142906	0.138656	0.232195	0.197318	0.233478	0.267069	0.256814
	0.0453101	0.0298208	0.0335325	0.0379577	0.0344659	0.0316132	0.041765	0.0353142	0.0621791	0.0360198	0.0342682	0.0622789	0.0514807	0.0609982	0.0701659	0.0677305
	0.05415	0.0359229	0.0393336	0.044649	0.0401831	0.0375523	0.0481474	0.040954	0.0744202	0.0428769	0.0399598	0.0729677	0.0613603	0.0732769	0.0835353	0.0812102
	0.0455777	0.0292897	0.0323447	0.0370792	0.0331203	0.0307755	0.0414335	0.0349562	0.0623619	0.035514	0.0341009	0.0624591	0.0520499	0.0614115	0.070599	0.0685025
	0.0453101	0.0298208	0.0335325	0.0379577	0.0344659	0.0316132	0.041765	0.0353142	0.0621791	0.0360198	0.0342682	0.0622789	0.0514807	0.0609982	0.0701659	0.0677305
	0.0578271	0.0387575	0.0429641	0.0479232	0.0440012	0.0407502	0.0522035	0.0449889	0.0786713	0.0457336	0.0437503	0.0788044	0.0648056	0.0772425	0.089491	0.0867391
loop 2
	0.045557	0.0304074	0.0323259	0.0370562	0.0330976	0.0319077	0.041411	0.0349353	0.0623295	0.0354924	0.0340807	0.0624267	0.052025	0.0613798	0.0705606	0.0684657
	0.0541384	0.0359103	0.0393192	0.0446403	0.0401682	0.0375389	0.0495177	0.0409424	0.0744021	0.0428646	0.0412692	0.0745194	0.0613465	0.0732593	0.0851436	0.0812
	0.149386	0.0968098	0.106168	0.122067	0.110763	0.102827	0.134592	0.111988	0.199431	0.115847	0.110122	0.199768	0.16597	0.19823	0.223693	0.219308
	0.0541384	0.0359103	0.0393192	0.0446403	0.0401682	0.0375389	0.0495177	0.0409424	0.0744021	0.0428646	0.0412692	0.0745194	0.0613465	0.0732593	0.0851436	0.0812
	0.0727531	0.0463055	0.0514677	0.0582154	0.052165	0.0488256	0.064923	0.053939	0.100415	0.0555864	0.0531471	0.100536	0.081757	0.099551	0.114877	0.111175
	0.045557	0.0304074	0.0323259	0.0370562	0.0330976	0.0319077	0.041411	0.0349353	0.0623295	0.0354924	0.0340807	0.0624267	0.052025	0.0613798	0.0705606	0.0684657
	0.0510483	0.0345271	0.0378463	0.0431034	0.0386514	0.0360632	0.0465486	0.0394796	0.0693361	0.0412994	0.03969	0.0694421	0.0580398	0.0695482	0.0795463	0.0773236
	0.045557	0.0304074	0.0323259	0.0370562	0.0330976	0.0319077	0.041411	0.0349353	0.0623295	0.0354924	0.0340807	0.0624267	0.052025	0.0613798	0.0705606	0.0684657
	0.0453061	0.029825	0.0335325	0.0379547	0.0344659	0.0316178	0.0417616	0.0353142	0.0621666	0.036017	0.0342708	0.0622665	0.0514807	0.0609921	0.0701585	0.0677235
	0.129234	0.08841	0.0958318	0.108101	0.0984208	0.0933853	0.117911	0.0998004	0.171557	0.103676	0.099741	0.169622	0.144178	0.171163	0.195184	0.188028
	0.129234	0.08841	0.0958318	0.108101	0.0984208	0.0933853	0.117911	0.0998004	0.171557	0.103676	0.099741	0.169622	0.144178	0.171163	0.195184	0.188028
	0.0453061	0.029825	0.0335325	0.0379547	0.0344659	0.0316178	0.0417616	0.0353142	0.0621666	0.036017	0.0342708	0.0622665	0.0514807	0.0609921	0.0701585	0.0677235
	0.0541384	0.0359103	0.0393192	0.0446403	0.0401682	0.0375389	0.0495177	0.0409424	0.0744021	0.0428646	0.0412692	0.0745194	0.0613465	0.0732593	0.0851436	0.0812
	0.045557	0.0304074	0.0323259	0.0370562	0.0330976	0.0319077	0.041411	0.0349353	0.0623295	0.0354924	0.0340807	0.0624267	0.052025	0.0613798	0.0705606	0.0684657
	0.0453061	0.029825	0.0335325	0.0379547	0.0344659	0.0316178	0.0417616	0.0353142	0.0621666	0.036017	0.0342708	0.0622665	0.0514807	0.0609921	0.0701585	0.0677235
	0.063538	0.0428068	0.0454275	0.051966	0.0480312	0.0447712	0.056251	0.0490577	0.0844414	0.0497683	0.0477612	0.0845739	0.0705088	0.0848057	0.09714	0.0924717
loop 3
	0.0455363	0.0303962	0.0323102	0.0370408	0.0330846	0.0318926	0.0413976	0.0349214	0.0623052	0.035478	0.0340672	0.0624024	0.0520063	0.0613561	0.0705318	0.068438
	0.0540229	0.0358319	0.0392364	0.0445445	0.0400826	0.0374581	0.0494169	0.040854	0.0742577	0.0427704	0.0411808	0.074375	0.0612225	0.0731179	0.0849813	0.0826494
	0.14942	0.0968322	0.106189	0.122086	0.110785	0.102851	0.134615	0.112011	0.199472	0.11587	0.110144	0.199795	0.166001	0.198269	0.22374	0.219339
	0.0540229	0.0358319	0.0392364	0.0445445	0.0400826	0.0374581	0.0494169	0.040854	0.0742577	0.0427704	0.0411808	0.074375	0.0612225	0.0731179	0.0849813	0.0826494
	0.0727813	0.0465791	0.0516923	0.0583847	0.052374	0.0490697	0.0650198	0.0541335	0.101703	0.0557638	0.0533473	0.101846	0.0816914	0.0993342	0.116108	0.112429
	0.0455363	0.0303962	0.0323102	0.0370408	0.0330846	0.0318926	0.0413976	0.0349214	0.0623052	0.035478	0.0340672	0.0624024	0.0520063	0.0613561	0.0705318	0.068438
	0.0544215	0.0362442	0.0396106	0.0449819	0.0404111	0.0390243	0.0484832	0.0412909	0.0731644	0.0431168	0.0414599	0.0732773	0.0601481	0.0717926	0.0819378	0.0797054
	0.0455363	0.0303962	0.0323102	0.0370408	0.0330846	0.0318926	0.0413976	0.0349214	0.0623052	0.035478	0.0340672	0.0624024	0.0520063	0.0613561	0.0705318	0.068438
	0.0452903	0.0298102	0.0335175	0.0379365	0.0344502	0.0316017	0.0417442	0.0352953	0.0621479	0.0360001	0.0342552	0.0622477	0.0514616	0.0609738	0.0701363	0.0677023
	0.137363	0.0952673	0.102911	0.115568	0.105545	0.100334	0.123734	0.107055	0.180877	0.111012	0.106902	0.18111	0.152679	0.180384	0.207322	0.199988
	0.137363	0.0952673	0.102911	0.115568	0.105545	0.100334	0.123734	0.107055	0.180877	0.111012	0.106902	0.18111	0.152679	0.180384	0.207322	0.199988
	0.0452903	0.0298102	0.0335175	0.0379365	0.0344502	0.0316017	0.0417442	0.0352953	0.0621479	0.0360001	0.0342552	0.0622477	0.0514616	0.0609738	0.0701363	0.0677023
	0.0540229	0.0358319	0.0392364	0.0445445	0.0400826	0.0374581	0.0494169	0.040854	0.0742577	0.0427704	0.0411808	0.074375	0.0612225	0.0731179	0.0849813	0.0826494
	0.0455363	0.0303962	0.0323259	0.0370408	0.0330846	0.0318926	0.0413976	0.0349214	0.0623052	0.035478	0.0340672	0.0624024	0.0520063	0.0613561	0.0705318	0.068438
	0.0452903	0.0298102	0.0335175	0.0379365	0.0344502	0.0316017	0.0417442	0.0352953	0.0621479	0.0360001	0.0342552	0.0622477	0.0514616	0.0609738	0.0701363	0.0677023
	0.061907	0.0413401	0.0455082	0.0520397	0.046527	0.0432956	0.0563111	0.0475344	0.0844745	0.0498413	0.0478476	0.084607	0.0705792	0.0830088	0.0952461	0.0925093
loop 4
	0.0455985	0.0293005	0.0323572	0.0370908	0.0331301	0.0307871	0.0414514	0.0349701	0.0623862	0.0355284	0.0341143	0.0624753	0.0520749	0.0614353	0.0706182	0.068521
	0.0540345	0.0358476	0.0392472	0.0445575	0.0400975	0.0374716	0.049427	0.0421944	0.0742577	0.0427827	0.0411961	0.074375	0.0612294	0.0731179	0.0849921	0.0826598
	0.14942	0.0968322	0.106189	0.122086	0.110785	0.102851	0.134615	0.112011	0.199472	0.11587	0.110144	0.199808	0.166001	0.198269	0.22374	0.219354
	0.0540345	0.0358476	0.0392472	0.0445575	0.0400975	0.0374716	0.049427	0.0421944	0.0742577	0.0427827	0.0411961	0.074375	0.0612294	0.0731179	0.0849921	0.0826598
	0.0707143	0.0458312	0.0497307	0.0576523	0.0516358	0.0483264	0.0642988	0.0533991	0.0995259	0.0550289	0.0526125	0.0996653	0.0809899	0.0986586	0.113882	0.11022
	0.0455985	0.0293005	0.0323572	0.0370908	0.0331301	0.0307871	0.0414514	0.0349701	0.0623862	0.0355284	0.0341143	0.0624753	0.0520749	0.0614353	0.0706182	0.068521
	0.0545339	0.0362999	0.0396702	0.0450676	0.0404726	0.0378351	0.0485738	0.0413585	0.0733337	0.0431887	0.0415233	0.0719401	0.0602782	0.0719585	0.0821252	0.0798858
	0.0455985	0.0293005	0.0323572	0.0370908	0.0331301	0.0307871	0.0414514	0.0349701	0.0623862	0.0355284	0.0341143	0.0624753	0.0520749	0.0614353	0.0706182	0.068521
	0.0452863	0.0311093	0.0335075	0.0379305	0.0344424	0.0315901	0.0417372	0.0352872	0.0621479	0.0359917	0.0342448	0.062254	0.0514616	0.0609738	0.0701437	0.0677023
	0.141424	0.0973375	0.106851	0.11764	0.109503	0.10239	0.127746	0.111012	0.187281	0.114973	0.108948	0.185287	0.156773	0.186736	0.211471	0.206486
	0.141424	0.0973375	0.106851	0.11764	0.109503	0.10239	0.127746	0.111012	0.187281	0.114973	0.108948	0.185287	0.156773	0.186736	0.211471	0.206486
	0.0452863	0.0311093	0.0335075	0.0379305	0.0344424	0.0315901	0.0417372	0.0352872	0.0621479	0.0359917	0.0342448	0.062254	0.0514616	0.0609738	0.0701437	0.0677023
	0.0540345	0.0358476	0.0392472	0.0445575	0.0400975	0.0374716	0.049427	0.0421944	0.0742577	0.0427827	0.0411961	0.074375	0.0612294	0.0731179	0.0849921	0.0826598
	0.0455985	0.0293005	0.0323572	0.0370908	0.0331301	0.0307871	0.0414514	0.0349701	0.0623862	0.0355284	0.0341143	0.0624753	0.0520749	0.0614353	0.0706182	0.068521
	0.0452863	0.0311093	0.0335075	0.0379305	0.0344424	0.0315901	0.0417372	0.0352872	0.0621479	0.0359917	0.0342448	0.062254	0.0514616	0.0609738	0.0701437	0.0677023
	0.0755133	0.0511763	0.0553718	0.0620296	0.0563712	0.0530745	0.0680678	0.0591185	0.102503	0.0597459	0.0577176	0.10069	0.0843917	0.100817	0.115419	0.110618
loop 5
	0.0455725	0.0292816	0.0323353	0.0370715	0.0331106	0.0307696	0.041429	0.0349458	0.0623538	0.0355068	0.0340941	0.0624429	0.0520437	0.0614036	0.0705894	0.0684933
	0.0552168	0.0356751	0.0390636	0.045707	0.0412307	0.0385938	0.0492002	0.042	0.0755067	0.0425861	0.0410039	0.0740501	0.0624315	0.074366	0.0846244	0.082306
	0.14942	0.0968322	0.106194	0.122093	0.110796	0.102851	0.134622	0.112016	0.199445	0.115876	0.11015	0.199781	0.16598	0.198256	0.223709	0.219308
	0.0552168	0.0356751	0.0390636	0.045707	0.0412307	0.0385938	0.0492002	0.042	0.0755067	0.0425861	0.0410039	0.0740501	0.0624315	0.074366	0.0846244	0.082306
	0.0718317	0.0456711	0.0507719	0.0587317	0.0514594	0.04816	0.0640875	0.0532142	0.100739	0.054843	0.0524318	0.0993516	0.0807386	0.0983497	0.115112	0.111446
	0.0455725	0.0292816	0.0323353	0.0370715	0.0331106	0.0307696	0.041429	0.0349458	0.0623538	0.0355068	0.0340941	0.0624429	0.0520437	0.0614036	0.0705894	0.0684933
	0.0544215	0.0374544	0.0408494	0.0449629	0.0416543	0.0389935	0.0498042	0.0425494	0.073202	0.0430989	0.0414304	0.0733055	0.0615791	0.0733243	0.0835397	0.0812931
	0.0455725	0.0292816	0.0323353	0.0370715	0.0331106	0.0307696	0.041429	0.0349458	0.0623538	0.0355068	0.0340941	0.0624429	0.0520437	0.0614036	0.0705894	0.0684933
	0.0473834	0.0318505	0.0342266	0.0386292	0.0351547	0.0323175	0.0424152	0.0360001	0.0642716	0.0366949	0.0349546	0.0643765	0.0535808	0.0630976	0.0722593	0.0698256
	0.144336	0.0995747	0.108846	0.121125	0.111448	0.10454	0.130994	0.112821	0.193575	0.116705	0.112792	0.191578	0.161428	0.193195	0.219892	0.21259
	0.144336	0.0995747	0.108846	0.121125	0.111448	0.10454	0.130994	0.112821	0.193575	0.116705	0.112792	0.191578	0.161428	0.193195	0.219892	0.21259
	0.0473834	0.0318505	0.0342266	0.0386292	0.0351547	0.0323175	0.0424152	0.0360001	0.0642716	0.0366949	0.0349546	0.0643765	0.0535808	0.0630976	0.0722593	0.0698256
	0.0552168	0.0356751	0.0390636	0.045707	0.0412307	0.0385938	0.0492002	0.042	0.0755067	0.0425861	0.0410039	0.0740501	0.0624315	0.074366	0.0846244	0.082306
	0.0455725	0.0292816	0.0323353	0.0370715	0.0331106	0.0307696	0.041429	0.0349458	0.0623538	0.0355068	0.0340941	0.0624429	0.0520437	0.0614036	0.0705894	0.0684933
	0.0473834	0.0318505	0.0342266	0.0386292	0.0351547	0.0323175	0.0424152	0.0360001	0.0642716	0.0366949	0.0349546	0.0643765	0.0535808	0.0630976	0.0722593	0.0698256
	0.0874322	0.0581042	0.0638662	0.0721821	0.064824	0.0615926	0.0781953	0.0676176	0.116354	0.0698944	0.0661795	0.116525	0.0981513	0.116592	0.13339	0.128521
loop 6
	0.0455207	0.0303821	0.0323008	0.0370293	0.0330716	0.0318805	0.0413841	0.0349075	0.062289	0.0354672	0.0340538	0.0623862	0.0519875	0.0613402	0.0705126	0.0684196
	0.0553413	0.0370354	0.0404622	0.0458058	0.0413153	0.0386704	0.049306	0.0420873	0.0756818	0.0440203	0.0410885	0.0758016	0.0625797	0.0745375	0.0864691	0.0825037
	0.149403	0.0968277	0.106194	0.122086	0.11079	0.102851	0.134607	0.112011	0.199472	0.11587	0.110144	0.199808	0.16597	0.198256	0.22374	0.219339
	0.0553413	0.0370354	0.0404622	0.0458058	0.0413153	0.0386704	0.049306	0.0420873	0.0756818	0.0440203	0.0410885	0.0758016	0.0625797	0.0745375	0.0864691	0.0825037
	0.0719329	0.0457482	0.0508546	0.0575447	0.051537	0.0482368	0.0641835	0.0532956	0.0993516	0.0549282	0.0525113	0.099491	0.0808444	0.098487	0.113695	0.110021
	0.0455207	0.0303821	0.0323008	0.0370293	0.0330716	0.0318805	0.0413841	0.0349075	0.062289	0.0354672	0.0340538	0.0623862	0.0519875	0.0613402	0.0705126	0.0684196
	0.0550976	0.036972	0.0403292	0.0456827	0.0411262	0.0397456	0.0505069	0.0432874	0.0737779	0.0438263	0.0421748	0.0738836	0.0622247	0.0739028	0.08407	0.0818386
	0.0455207	0.0303821	0.0323008	0.0370293	0.0330716	0.0318805	0.0413841	0.0349075	0.062289	0.0354672	0.0340538	0.0623862	0.0519875	0.0613402	0.0705126	0.0684196
	0.0452307	0.0310674	0.0334675	0.0378791	0.0344008	0.0315464	0.041685	0.0352466	0.062073	0.0359496	0.0342031	0.0621728	0.051395	0.0608948	0.0700549	0.0692372
	0.125484	0.0863784	0.093818	0.1062	0.0964161	0.0913575	0.11418	0.0978088	0.167814	0.1017	0.0977516	0.168052	0.140392	0.167435	0.1915	0.184318
	0.125484	0.0863784	0.093818	0.1062	0.0964161	0.0913575	0.11418	0.0978088	0.167814	0.1017	0.0977516	0.168052	0.140392	0.167435	0.1915	0.184318
	0.0452307	0.0310674	0.0334675	0.0378791	0.0344008	0.0315464	0.041685	0.0352466	0.062073	0.0359496	0.0342031	0.0621728	0.051395	0.0608948	0.0700549	0.0692372
	0.0553413	0.0370354	0.0404622	0.0458058	0.0413153	0.0386704	0.049306	0.0420873	0.0756818	0.0440203	0.0410885	0.0758016	0.0625797	0.0745375	0.0864691	0.0825037
	0.0455207	0.0303821	0.0323008	0.0370293	0.0330716	0.0318805	0.0413841	0.0349075	0.062289	0.0354672	0.0340538	0.0623862	0.0519875	0.0613402	0.0705126	0.0684196
	0.0452307	0.0310674	0.0334675	0.0378791	0.0344008	0.0315464	0.041685	0.0352466	0.062073	0.0359496	0.0342031	0.0621728	0.051395	0.0608948	0.0700549	0.0692372
	0.0993582	0.0676558	0.0735135	0.0838269	0.0762683	0.0712	0.0899251	0.0773581	0.135089	0.0796486	0.0758591	0.133156	0.112294	0.133234	0.15263	0.147616
loop 7
	0.0455674	0.0292816	0.0323353	0.0370677	0.0331106	0.0307667	0.0414245	0.0349458	0.0623457	0.0355068	0.0340908	0.0624429	0.0520375	0.0613957	0.0705798	0.0684841
	0.055199	0.0369509	0.0403654	0.0456935	0.0412154	0.0385799	0.0505803	0.0419881	0.0754975	0.0439147	0.0409924	0.0756081	0.0624244	0.0743479	0.0862596	0.0839172
	0.149386	0.0968098	0.106174	0.122067	0.110774	0.102831	0.134592	0.111994	0.199445	0.115853	0.110128	0.199768	0.16597	0.19823	0.223709	0.219308
	0.055199	0.0369509	0.0403654	0.0456935	0.0412154	0.0385799	0.0505803	0.0419881	0.0754975	0.0439147	0.0409924	0.0756081	0.0624244	0.0743479	0.0862596	0.0839172
	0.0714971	0.0451856	0.0503157	0.0583148	0.0510062	0.0476875	0.0636989	0.0527714	0.0990533	0.0556716	0.0519816	0.0991734	0.0804582	0.098189	0.113451	0.10978
	0.0455674	0.0292816	0.0323353	0.0370677	0.0331106	0.0307667	0.0414245	0.0349458	0.0623457	0.0355068	0.0340908	0.0624429	0.0520375	0.0613957	0.0705798	0.0684841
	0.0560703	0.0379244	0.0412825	0.0466444	0.042079	0.0394439	0.0501356	0.0429642	0.0747522	0.0447867	0.0431303	0.0748698	0.0631988	0.0748894	0.0850539	0.0828206
	0.0455674	0.0292816	0.0323353	0.0370677	0.0331106	0.0307667	0.0414245	0.0349458	0.0623457	0.0355068	0.0340908	0.0624429	0.0520375	0.0613957	0.0705798	0.0684841
	0.0452387	0.0310696	0.03347	0.0378851	0.0344008	0.031551	0.0416919	0.0352493	0.0620855	0.0359524	0.0342058	0.0621853	0.0514045	0.0609069	0.0700697	0.0692516
	0.128402	0.08912	0.0965959	0.107178	0.0992023	0.0941208	0.117069	0.100632	0.170912	0.104542	0.100537	0.171155	0.143381	0.170522	0.194642	0.189701
	0.128402	0.08912	0.0965959	0.107178	0.0992023	0.0941208	0.117069	0.100632	0.170912	0.104542	0.100537	0.171155	0.143381	0.170522	0.194642	0.189701
	0.0452387	0.0310696	0.03347	0.0378851	0.0344008	0.031551	0.0416919	0.0352493	0.0620855	0.0359524	0.0342058	0.0621853	0.0514045	0.0609069	0.0700697	0.0692516
	0.055199	0.0369509	0.0403654	0.0456935	0.0412154	0.0385799	0.0505803	0.0419881	0.0754975	0.0439147	0.0409924	0.0756081	0.0624244	0.0743479	0.0862596	0.0839172
	0.0455674	0.0292816	0.0323353	0.0370677	0.0331106	0.0307667	0.0414245	0.0349458	0.0623457	0.0355068	0.0340908	0.0624429	0.0520375	0.0613957	0.0705798	0.0684841
	0.0452387	0.0310696	0.03347	0.0378851	0.0344008	0.031551	0.0416919	0.0352493	0.0620855	0.0359524	0.0342058	0.0621853	0.0514045	0.0609069	0.0700697	0.0692516
	0.100011	0.0680678	0.073981	0.0825228	0.0749206	0.0715739	0.0905288	0.0778725	0.133882	0.0801427	0.0763032	0.131969	0.110988	0.131891	0.151278	0.146305
loop 8
	0.0455829	0.0292897	0.0323447	0.0370792	0.0331171	0.0307755	0.0414335	0.0349562	0.0623619	0.035514	0.0341009	0.0624591	0.0520499	0.0614115	0.070599	0.0685025
	0.055027	0.0367949	0.0402054	0.0455319	0.0410539	0.0384198	0.0504144	0.0418293	0.0753039	0.0437499	0.040831	0.0754145	0.062241	0.0741494	0.0860391	0.083705
	0.149377	0.0968053	0.106168	0.122061	0.110763	0.102822	0.134585	0.111988	0.199431	0.115847	0.110122	0.199768	0.16596	0.19823	0.223693	0.219308
	0.055027	0.0367949	0.0402054	0.0455319	0.0410539	0.0384198	0.0504144	0.0418293	0.0753039	0.0437499	0.040831	0.0754145	0.062241	0.0741494	0.0860391	0.083705
	0.0703256	0.0453185	0.0492403	0.0572022	0.0511508	0.0478248	0.0625674	0.0529231	0.0977834	0.0545649	0.0508959	0.0979017	0.0792572	0.0969172	0.112132	0.108468
	0.0455829	0.0292897	0.0323447	0.0370792	0.0331171	0.0307755	0.0414335	0.0349562	0.0623619	0.035514	0.0341009	0.0624591	0.0520499	0.0614115	0.070599	0.0685025
	0.0513717	0.0347026	0.0380472	0.0420746	0.0388513	0.0362442	0.0468309	0.0397059	0.068353	0.0402678	0.0386437	0.0684568	0.0570195	0.0685433	0.0785502	0.07633
	0.0455829	0.0292897	0.0323447	0.0370792	0.0331171	0.0307755	0.0414335	0.0349562	0.0623619	0.035514	0.0341009	0.0624591	0.0520499	0.0614115	0.070599	0.0685025
	0.0452585	0.0310895	0.0334875	0.0379093	0.0344216	0.0315717	0.0417163	0.0352683	0.0621104	0.0359721	0.034224	0.0622103	0.0514283	0.0609313	0.0700919	0.06766
	0.133694	0.0919818	0.101392	0.112086	0.10216	0.0970116	0.122116	0.10362	0.176866	0.107542	0.103509	0.177093	0.148871	0.176335	0.200794	0.195855
	0.133694	0.0919818	0.101392	0.112086	0.10216	0.0970116	0.122116	0.10362	0.176866	0.107542	0.103509	0.177093	0.148871	0.176335	0.200794	0.195855
	0.0452585	0.0310895	0.0334875	0.0379093	0.0344216	0.0315717	0.0417163	0.0352683	0.0621104	0.0359721	0.034224	0.0622103	0.0514283	0.0609313	0.0700919	0.06766
	0.055027	0.0367949	0.0402054	0.0455319	0.0410539	0.0384198	0.0504144	0.0418293	0.0753039	0.0437499	0.040831	0.0754145	0.062241	0.0741494	0.0860391	0.083705
	0.0455829	0.0292897	0.0323447	0.0370792	0.0331171	0.0307755	0.0414335	0.0349562	0.0623619	0.035514	0.0341009	0.0624591	0.0520499	0.0614115	0.070599	0.0685025
	0.0452585	0.0310895	0.0334875	0.0379093	0.0344216	0.0315717	0.0417163	0.0352683	0.0621104	0.0359721	0.034224	0.0622103	0.0514283	0.0609313	0.0700919	0.06766
	0.0575319	0.0386379	0.0428098	0.0477252	0.0438444	0.0406238	0.05197	0.0448167	0.0781831	0.0455587	0.0435935	0.0783088	0.06444	0.0767945	0.0889343	0.0861974
loop 9
	0.0455414	0.030399	0.0323165	0.0370369	0.0330878	0.0318956	0.041402	0.0349249	0.0623133	0.0354816	0.0340706	0.0624105	0.0520125	0.061364	0.0705414	0.0684472
	0.0543175	0.0360358	0.039456	0.0447927	0.0403059	0.0376667	0.0482944	0.0410847	0.0746458	0.0430121	0.0400863	0.0731974	0.0615463	0.0734978	0.0837899	0.081455
	0.149377	0.0968188	0.106174	0.122067	0.110774	0.102836	0.134592	0.111994	0.199431	0.115853	0.110128	0.199768	0.16596	0.198216	0.223693	0.219293
	0.0543175	0.0360358	0.039456	0.0447927	0.0403059	0.0376667	0.0482944	0.0410847	0.0746458	0.0430121	0.0400863	0.0731974	0.0615463	0.0734978	0.0837899	0.081455
	0.0702175	0.0452376	0.049155	0.0571131	0.0510682	0.0465426	0.062466	0.0516005	0.0976482	0.0544741	0.0508133	0.0977834	0.0791423	0.0952893	0.111991	0.108314
	0.0455414	0.030399	0.0323165	0.0370446	0.0330878	0.0318956	0.041402	0.0349249	0.0623133	0.0354816	0.0340706	0.0624105	0.0520125	0.061364	0.0705414	0.0684472
	0.0554304	0.0371448	0.0405217	0.0459326	0.0413247	0.0386706	0.0494538	0.0422271	0.0742773	0.0440575	0.0423752	0.074383	0.0611871	0.0728727	0.0830565	0.0808172
	0.0455414	0.030399	0.0323165	0.0370446	0.0330878	0.0318956	0.041402	0.0349249	0.0623133	0.0354816	0.0340706	0.0624105	0.0520125	0.061364	0.0705414	0.0684472
	0.0452426	0.031074	0.0334675	0.0378912	0.0344008	0.0315556	0.0416954	0.035252	0.0620917	0.0359552	0.0342058	0.0621916	0.0514093	0.060913	0.0700771	0.0692589
	0.138054	0.0964611	0.10399	0.116513	0.106606	0.101459	0.126534	0.108061	0.18335	0.111963	0.107942	0.183592	0.155304	0.182758	0.20958	0.202309
	0.138054	0.0964611	0.10399	0.116513	0.106606	0.101459	0.126534	0.108061	0.18335	0.111963	0.107942	0.183592	0.155304	0.182758	0.20958	0.202309
	0.0452426	0.031074	0.0334675	0.0378912	0.0344008	0.0315556	0.0416954	0.035252	0.0620917	0.0359552	0.0342058	0.0621916	0.0514093	0.060913	0.0700771	0.0692589
	0.0543175	0.0360358	0.039456	0.0447927	0.0403059	0.0376667	0.0482944	0.0410847	0.0746458	0.0430121	0.0400863	0.0731974	0.0615463	0.0734978	0.0837899	0.081455
	0.0455414	0.030399	0.0323165	0.0370446	0.0330878	0.0318956	0.041402	0.0349249	0.0623133	0.0354816	0.0340706	0.0624105	0.0520125	0.061364	0.0705414	0.0684472
	0.0452426	0.031074	0.0334675	0.0378912	0.0344008	0.0315556	0.0416954	0.035252	0.0620917	0.0359552	0.0342058	0.0621916	0.0514093	0.060913	0.0700771	0.0692589
	0.0645525	0.043788	0.047988	0.0529477	0.0490093	0.0457437	0.0589029	0.0500335	0.0873635	0.0523551	0.0487339	0.0875019	0.073305	0.0858165	0.0981744	0.0954225
loop 10
	0.045557	0.0292708	0.0323259	0.0370562	0.0330976	0.030758	0.041411	0.0349353	0.0623295	0.0354924	0.0340807	0.0624267	0.052025	0.0613798	0.0705606	0.0684657
	0.0552049	0.0356689	0.0390564	0.0443441	0.0399003	0.0372866	0.0491901	0.041992	0.0754883	0.0425779	0.0409924	0.0740411	0.060947	0.0743479	0.0846136	0.0822852
	0.14942	0.0968322	0.106189	0.122086	0.11079	0.102851	0.134615	0.112011	0.199458	0.11587	0.110144	0.199795	0.166001	0.198269	0.223725	0.219323
	0.0552049	0.0356689	0.0390564	0.0443441	0.0399003	0.0372866	0.0491901	0.041992	0.0754883	0.0425779	0.0409924	0.0740411	0.060947	0.0743479	0.0846136	0.0822852
	0.0701309	0.0451799	0.0490894	0.0570321	0.0509993	0.0476812	0.0623923	0.0527642	0.0975299	0.0543984	0.0507444	0.0976482	0.0790401	0.0966509	0.11185	0.108178
	0.045557	0.0292708	0.0323259	0.0370562	0.0330976	0.030758	0.041411	0.0349353	0.0623295	0.0354924	0.0340807	0.0624267	0.052025	0.0613798	0.0705606	0.0684657
	0.056418	0.0380807	0.0414726	0.0468964	0.042275	0.0396106	0.0504281	0.0431797	0.0753207	0.0450153	0.0433323	0.0754285	0.0621793	0.0754187	0.0856837	0.0834385
	0.045557	0.0292708	0.0323259	0.0370562	0.0330976	0.030758	0.041411	0.0349353	0.0623295	0.0354924	0.0340807	0.0624267	0.052025	0.0613798	0.0705606	0.0684657
	0.0452466	0.031085	0.03348	0.0379002	0.0344112	0.0315648	0.0417059	0.0352602	0.0620917	0.0359636	0.0342162	0.0621916	0.051414	0.060913	0.0700697	0.0676388
	0.134446	0.0907706	0.0998129	0.111744	0.102384	0.0956793	0.121372	0.103646	0.180338	0.107487	0.103697	0.178411	0.149109	0.177906	0.203918	0.196764
	0.134446	0.0907706	0.0998129	0.111744	0.102384	0.0956793	0.121372	0.103646	0.180338	0.107487	0.103697	0.178411	0.149109	0.177906	0.203918	0.196764
	0.0452466	0.031085	0.03348	0.0379002	0.0344112	0.0315648	0.0417059	0.0352602	0.0620917	0.0359636	0.0342162	0.0621916	0.051414	0.060913	0.0700697	0.0676388
	0.0552049	0.0356689	0.0390564	0.0443441	0.0399003	0.0372866	0.0491901	0.041992	0.0754883	0.0425779	0.0409924	0.0740411	0.060947	0.0743479	0.0846136	0.0822852
	0.045557	0.0292708	0.0323259	0.0370562	0.0330976	0.030758	0.041411	0.0349353	0.0623295	0.0354924	0.0340807	0.0624267	0.052025	0.0613798	0.0705606	0.0684657
	0.0452466	0.031085	0.03348	0.0379002	0.0344112	0.0315648	0.0417059	0.0352602	0.0620917	0.0359636	0.0342162	0.0621916	0.051414	0.060913	0.0700697	0.0676388
	0.13868	0.0936001	0.10174	0.115315	0.104782	0.0994916	0.126349	0.10602	0.185176	0.110567	0.10634	0.182963	0.154895	0.182834	0.209597	0.204031
loop 11
	0.0455725	0.029287	0.0323416	0.0370754	0.0331138	0.0307725	0.041429	0.0349527	0.0623538	0.0355104	0.0340975	0.062451	0.0520437	0.0614036	0.0705894	0.0684933
	0.0543984	0.0360985	0.0395208	0.0448624	0.0403728	0.037734	0.0483728	0.04115	0.0731798	0.0430817	0.0401533	0.0732858	0.0601596	0.0720375	0.083896	0.0815672
	0.149411	0.0968322	0.106189	0.122086	0.110785	0.102851	0.134615	0.112011	0.199472	0.11587	0.110139	0.199795	0.165991	0.198256	0.22374	0.219339
	0.0543984	0.0360985	0.0395208	0.0448624	0.0403728	0.037734	0.0483728	0.04115	0.0731798	0.0430817	0.0401533	0.0732858	0.0601596	0.0720375	0.083896	0.0815672
	0.0676	0.0435912	0.0475769	0.054368	0.0482804	0.0449269	0.0597812	0.0500604	0.0937656	0.0517226	0.0492608	0.0939062	0.0766087	0.0914094	0.106592	0.102932
	0.0455725	0.029287	0.0323416	0.0370754	0.0331138	0.0307725	0.041429	0.0349527	0.0623538	0.0355104	0.0340975	0.062451	0.0520437	0.0614036	0.0705894	0.0684933
	0.0561425	0.0379319	0.0412994	0.0466847	0.0420964	0.0394519	0.0501863	0.0429912	0.0748992	0.0448201	0.0431483	0.0750169	0.0632995	0.0750267	0.0852172	0.0829891
	0.0455725	0.029287	0.0323416	0.0370754	0.0331138	0.0307725	0.041429	0.0349527	0.0623538	0.0355104	0.0340975	0.062451	0.0520437	0.0614036	0.0705894	0.0684933
	0.0452426	0.0310806	0.0334775	0.0378942	0.0344086	0.0315602	0.0416989	0.0352575	0.0620917	0.0359608	0.0342136	0.0621916	0.051414	0.0609191	0.0700771	0.0676388
	0.13111	0.0901156	0.0975684	0.109868	0.100169	0.0951127	0.117807	0.101567	0.17355	0.105459	0.101507	0.171606	0.146066	0.173175	0.197266	0.190089
	0.13111	0.0901156	0.0975684	0.109868	0.100169	0.0951127	0.117807	0.101567	0.17355	0.105459	0.101507	0.171606	0.146066	0.173175	0.197266	0.190089
	0.0452426	0.0310806	0.0334775	0.0378942	0.0344086	0.0315602	0.0416989	0.0352575	0.0620917	0.0359608	0.0342136	0.0621916	0.051414	0.0609191	0.0700771	0.0676388
	0.0543984	0.0360985	0.0395208	0.0448624	0.0403728	0.037734	0.0483728	0.04115	0.0731798	0.0430817	0.0401533	0.0732858	0.0601596	0.0720375	0.083896	0.0815672
	0.0455725	0.029287	0.0323416	0.0370754	0.0331138	0.0307725	0.041429	0.0349527	0.0623538	0.0355104	0.0340975	0.062451	0.0520437	0.0614036	0.0705894	0.0684933
	0.0452426	0.0310806	0.0334775	0.0378942	0.0344086	0.0315602	0.0416989	0.0352575	0.0620917	0.0359608	0.0342136	0.0621916	0.051414	0.0609191	0.0700771	0.0676388
	0.0664107	0.0456562	0.0498451	0.0564775	0.0508548	0.0475884	0.0607928	0.0519127	0.091137	0.0542191	0.050569	0.0893836	0.0751746	0.089528	0.101941	0.0991917
loop 12
	0.0455363	0.0303934	0.0323102	0.0370408	0.0330813	0.0318926	0.0413931	0.0349179	0.0623052	0.035478	0.0340639	0.0624024	0.0520063	0.0613561	0.0705414	0.068438
	0.0553235	0.0357535	0.0391464	0.0444443	0.0399933	0.037374	0.049301	0.0420873	0.0740862	0.0426762	0.0410885	0.0741945	0.0610779	0.07295	0.0847866	0.0824621
	0.149411	0.0968277	0.106184	0.12208	0.110779	0.102846	0.134615	0.112005	0.199458	0.115865	0.110139	0.199795	0.166001	0.198256	0.223725	0.219323
	0.0553235	0.0357535	0.0391464	0.0444443	0.0399933	0.037374	0.049301	0.0420873	0.0740862	0.0426762	0.0410885	0.0741945	0.0610779	0.07295	0.0847866	0.0824621
	0.06679	0.043037	0.0469746	0.0537024	0.047675	0.0455495	0.0590618	0.0494306	0.0927188	0.051075	0.04864	0.0928438	0.0757057	0.0918408	0.105427	0.103337
	0.0455363	0.0303934	0.0323102	0.0370408	0.0330813	0.0318926	0.0413931	0.0349179	0.0623052	0.035478	0.0340639	0.0624024	0.0520063	0.0613561	0.0705414	0.068438
	0.0520922	0.0354599	0.0387975	0.0440991	0.0395987	0.0369936	0.0475632	0.0404521	0.0705123	0.0422793	0.0393844	0.0706116	0.0591293	0.0707018	0.0807523	0.078519
	0.0455363	0.0303934	0.0323102	0.0370408	0.0330813	0.0318926	0.0413931	0.0349179	0.0623052	0.035478	0.0340639	0.0624024	0.0520063	0.0613561	0.0705414	0.068438
	0.0452585	0.0310895	0.0334925	0.0379093	0.0344242	0.0315694	0.0417128	0.035271	0.0621167	0.0359749	0.0342292	0.0622165	0.0514283	0.0609434	0.0700993	0.067667
	0.137854	0.0943804	0.10378	0.114364	0.106404	0.0994006	0.124325	0.107854	0.18322	0.111784	0.107763	0.181215	0.153041	0.182768	0.207273	0.199956
	0.137854	0.0943804	0.10378	0.114364	0.106404	0.0994006	0.124325	0.107854	0.18322	0.111784	0.107763	0.181215	0.153041	0.182768	0.207273	0.199956
	0.0452585	0.0310895	0.0334925	0.0379093	0.0344242	0.0315694	0.0417128	0.035271	0.0621167	0.0359749	0.0342292	0.0622165	0.0514283	0.0609434	0.0700993	0.067667
	0.0553235	0.0357535	0.0391464	0.0444443	0.0399933	0.037374	0.049301	0.0420873	0.0740862	0.0426762	0.0410885	0.0741945	0.0610779	0.07295	0.0847866	0.0824621
	0.0455363	0.0303934	0.0323102	0.0370408	0.0330813	0.0318926	0.0413931	0.0349179	0.0623052	0.035478	0.0340639	0.0624024	0.0520063	0.0613561	0.0705414	0.068438
	0.0452585	0.0310895	0.0334925	0.0379093	0.0344242	0.0315694	0.0417128	0.035271	0.0621167	0.0359749	0.0342292	0.0622165	0.0514283	0.0609434	0.0700993	0.067667
	0.0576748	0.0400435	0.0427251	0.0477324	0.0437597	0.0405002	0.052052	0.044781	0.0786047	0.0471084	0.0450766	0.0787304	0.0646762	0.0771197	0.0894115	0.0866629
loop 13
	0.0455466	0.0304046	0.0323196	0.0370523	0.0330943	0.0319016	0.0414065	0.0349284	0.0623214	0.0354888	0.0340773	0.0624105	0.0520187	0.0613719	0.070551	0.0684564
	0.0540691	0.035857	0.0392652	0.0445837	0.0401161	0.0374851	0.0494573	0.0408886	0.0743209	0.0428073	0.0412115	0.0744292	0.0612708	0.0731709	0.0850462	0.0827222
	0.151828	0.0997287	0.108989	0.124764	0.11355	0.105676	0.137177	0.114774	0.204811	0.118579	0.112886	0.20515	0.17152	0.200147	0.232426	0.224532
	0.0540691	0.035857	0.0392652	0.0445837	0.0401161	0.0374851	0.0494573	0.0408886	0.0743209	0.0428073	0.0412115	0.0744292	0.0612708	0.0731709	0.0850462	0.0827222
	0.06749	0.0435219	0.0475039	0.0542792	0.0482055	0.0460636	0.0596881	0.0499817	0.093625	0.0516399	0.049184	0.09375	0.0764899	0.0927634	0.106444	0.104324
	0.0455466	0.0304046	0.0323196	0.0370523	0.0330943	0.0319016	0.0414065	0.0349284	0.0623214	0.0354888	0.0340773	0.0624105	0.0520187	0.0613719	0.070551	0.0684564
	0.0563393	0.0380212	0.041405	0.0468309	0.0422053	0.0395471	0.050355	0.0431168	0.0752031	0.0449486	0.0432605	0.0753109	0.0620885	0.0737971	0.0855554	0.0817394
	0.0455466	0.0304046	0.0323196	0.0370523	0.0330943	0.0319016	0.0414065	0.0349284	0.0623214	0.0354888	0.0340773	0.0624105	0.0520187	0.0613719	0.070551	0.0684564
	0.0452704	0.0297912	0.0334975	0.0379184	0.034432	0.0315809	0.0417233	0.0352791	0.0621292	0.0359833	0.0342344	0.062229	0.0514426	0.0609495	0.0701141	0.0676812
	0.155913	0.106294	0.115693	0.130149	0.12024	0.113175	0.140221	0.121688	0.206263	0.125616	0.121594	0.206548	0.173377	0.205661	0.235338	0.227899
	0.155913	0.106294	0.115693	0.130149	0.12024	0.113175	0.140221	0.121688	0.206263	0.125616	0.121594	0.206548	0.173377	0.205661	0.235338	0.227899
	0.0452704	0.0297912	0.0334975	0.0379184	0.034432	0.0315809	0.0417233	0.0352791	0.0621292	0.0359833	0.0342344	0.062229	0.0514426	0.0609495	0.0701141	0.0676812
	0.0540691	0.035857	0.0392652	0.0445837	0.0401161	0.0374851	0.0494573	0.0408886	0.0743209	0.0428073	0.0412115	0.0744292	0.0612708	0.0731709	0.0850462	0.0827222
	0.0455466	0.0304046	0.0323196	0.0370523	0.0330943	0.0319016	0.0414065	0.0349284	0.0623214	0.0354888	0.0340773	0.0624105	0.0520187	0.0613719	0.070551	0.0684564
	0.0452704	0.0297912	0.0334975	0.0379184	0.034432	0.0315809	0.0417233	0.0352791	0.0621292	0.0359833	0.0342344	0.062229	0.0514426	0.0609495	0.0701141	0.0676812
	0.0538814	0.0361267	0.0388485	0.0438758	0.0398948	0.038155	0.0482148	0.040899	0.0713408	0.0416755	0.039665	0.071456	0.0592361	0.0717184	0.0821329	0.0793813
loop 14
	0.0456036	0.029306	0.0323635	0.0370984	0.0331366	0.030793	0.0414559	0.0349736	0.0623862	0.0355356	0.0341211	0.0624834	0.050771	0.0614432	0.0706278	0.0685302
	0.0543002	0.0360264	0.0394452	0.0447753	0.0402984	0.03766	0.0482797	0.0410693	0.0730472	0.0429998	0.0400752	0.0731621	0.0615257	0.0719078	0.0837474	0.0814244
	0.149377	0.0968008	0.106163	0.122054	0.110763	0.102817	0.134585	0.111982	0.199445	0.115841	0.110117	0.199781	0.16595	0.198216	0.223709	0.219308
	0.0543002	0.0360264	0.0394452	0.0447753	0.0402984	0.03766	0.0482797	0.0410693	0.0730472	0.0429998	0.0400752	0.0731621	0.0615257	0.0719078	0.0837474	0.0814244
	0.0620133	0.0402982	0.0443479	0.0500032	0.045073	0.0416745	0.05547	0.046878	0.0853918	0.0485686	0.044843	0.0854994	0.069683	0.0844945	0.0981611	0.0945163
	0.0456036	0.029306	0.0323635	0.0370984	0.0331366	0.030793	0.0414559	0.0349736	0.0623862	0.0355356	0.0341211	0.0624834	0.050771	0.0614432	0.0706278	0.0685302
	0.0556608	0.0372492	0.0406528	0.0461041	0.0414557	0.0387821	0.0496509	0.0423708	0.0746519	0.0442054	0.0425102	0.0732491	0.0614534	0.0732208	0.0834722	0.0812282
	0.0456036	0.029306	0.0323635	0.0370984	0.0331366	0.030793	0.0414559	0.0349736	0.0623862	0.0355356	0.0341211	0.0624834	0.050771	0.0614432	0.0706278	0.0685302
	0.0452664	0.0310917	0.033495	0.0379123	0.0344294	0.031574	0.0417163	0.0352764	0.0621167	0.0359805	0.0342318	0.0622165	0.0514331	0.0609434	0.0701067	0.067667
	0.159075	0.109222	0.118657	0.133198	0.121281	0.116132	0.143296	0.124693	0.211898	0.128626	0.122626	0.209822	0.176574	0.211308	0.24112	0.233663
	0.159075	0.109222	0.118657	0.133198	0.121281	0.116132	0.143296	0.124693	0.211898	0.128626	0.122626	0.209822	0.176574	0.211308	0.24112	0.233663
	0.0452664	0.0310917	0.033495	0.0379123	0.0344294	0.031574	0.0417163	0.0352764	0.0621167	0.0359805	0.0342318	0.0622165	0.0514331	0.0609434	0.0701067	0.067667
	0.0543002	0.0360264	0.0394452	0.0447753	0.0402984	0.03766	0.0482797	0.0410693	0.0730472	0.0429998	0.0400752	0.0731621	0.0615257	0.0719078	0.0837474	0.0814244
	0.0456036	0.029306	0.0323635	0.0370984	0.0331366	0.030793	0.0414559	0.0349736	0.0623862	0.0355356	0.0341211	0.0624834	0.050771	0.0614432	0.0706278	0.0685302
	0.0452664	0.0310917	0.033495	0.0379123	0.0344294	0.031574	0.0417163	0.0352764	0.0621167	0.0359805	0.0342318	0.0622165	0.0514331	0.0609434	0.0701067	0.067667
	0.0578366	0.0386639	0.0428733	0.0478872	0.0439103	0.0406518	0.0521953	0.0449304	0.0788044	0.045673	0.0436594	0.0789301	0.064845	0.0773292	0.0896324	0.086883
loop 15
	0.0455725	0.0292816	0.0323353	0.0370677	0.0331106	0.0307667	0.0414245	0.0349458	0.0623457	0.0355068	0.0340908	0.0624429	0.0520437	0.0614036	0.0705894	0.0684841
	0.0543175	0.0360483	0.0394668	0.0447971	0.040317	0.0376802	0.0482993	0.0410885	0.0730737	0.0430162	0.0400938	0.0731798	0.0600722	0.0719337	0.0837687	0.0814448
	0.149429	0.0968412	0.10621	0.122099	0.110807	0.102861	0.134629	0.112028	0.199485	0.115888	0.110161	0.199822	0.166001	0.198269	0.223756	0.219354
	0.0543175	0.0360483	0.0394668	0.0447971	0.040317	0.0376802	0.0482993	0.0410885	0.0730737	0.0430162	0.0400938	0.0731798	0.0600722	0.0719337	0.0837687	0.0814448
	0.0593811	0.0388686	0.0429342	0.0486294	0.04367	0.0402612	0.0541195	0.0442573	0.0827431	0.045945	0.0434419	0.082858	0.068411	0.0818496	0.0939813	0.0918723
	0.0455725	0.0292816	0.0323353	0.0370677	0.0331106	0.0307667	0.0414245	0.0349458	0.0623457	0.0355068	0.0340908	0.0624429	0.0520437	0.0614036	0.0705894	0.0684841
	0.0551936	0.0381812	0.0415782	0.0457121	0.0423795	0.0397098	0.0505688	0.0432964	0.0740276	0.0451343	0.042153	0.0741333	0.062361	0.0741141	0.0843562	0.0821142
	0.0455725	0.0292816	0.0323353	0.0370677	0.0331106	0.0307667	0.0414245	0.0349458	0.0623457	0.0355068	0.0340908	0.0624429	0.0520437	0.0614036	0.0705894	0.0684841
	0.0452625	0.031085	0.0334825	0.0379063	0.0344164	0.0315648	0.0417128	0.0352656	0.0621229	0.0359692	0.0342188	0.0622228	0.0514331	0.0609434	0.0701067	0.0676741
	0.155803	0.108061	0.117494	0.132074	0.120117	0.113061	0.142145	0.121578	0.208491	0.12747	0.121469	0.208747	0.175462	0.207946	0.237656	0.230195
	0.155803	0.108061	0.117494	0.132074	0.120117	0.113061	0.142145	0.121578	0.208491	0.12747	0.121469	0.208747	0.175462	0.207946	0.237656	0.230195
	0.0452625	0.031085	0.0334825	0.0379063	0.0344164	0.0315648	0.0417128	0.0352656	0.0621229	0.0359692	0.0342188	0.0622228	0.0514331	0.0609434	0.0701067	0.0676741
	0.0543175	0.0360483	0.0394668	0.0447971	0.040317	0.0376802	0.0482993	0.0410885	0.0730737	0.0430162	0.0400938	0.0731798	0.0600722	0.0719337	0.0837687	0.0814448
	0.0455725	0.0292816	0.0323353	0.0370677	0.0331106	0.0307667	0.0414245	0.0349458	0.0623457	0.0355068	0.0340908	0.0624429	0.0520437	0.0614036	0.0705894	0.0684841
	0.0452625	0.031085	0.0334825	0.0379063	0.0344164	0.0315648	0.0417128	0.0352656	0.0621229	0.0359692	0.0342188	0.0622228	0.0514331	0.0609434	0.0701067	0.0676741
	0.0715674	0.0475164	0.0533026	0.0599123	0.0543063	0.0510334	0.0642037	0.0553539	0.09639	0.0576652	0.0540057	0.09654	0.0803827	0.0947659	0.109198	0.10643
loop 16
	0.0455311	0.0303878	0.0323071	0.0370369	0.0330781	0.0318865	0.0413886	0.0349144	0.0622971	0.0354744	0.0340605	0.0623943	0.052	0.0613481	0.0705318	0.0684288
	0.054306	0.0360201	0.0394416	0.0447753	0.0402947	0.0376533	0.049674	0.0410693	0.0746368	0.0429957	0.041396	0.0747541	0.0615394	0.073489	0.085414	0.081455
	0.14942	0.0968367	0.106199	0.122093	0.110796	0.102856	0.134622	0.112022	0.199472	0.115882	0.110155	0.199795	0.166001	0.198269	0.22374	0.219339
	0.054306	0.0360201	0.0394416	0.0447753	0.0402947	0.0376533	0.049674	0.0410693	0.0746368	0.0429957	0.041396	0.0747541	0.0615394	0.073489	0.085414	0.081455
	0.0600979	0.0385271	0.042809	0.0487912	0.0435822	0.0412383	0.0532224	0.0442078	0.081578	0.0459821	0.0446194	0.0816947	0.066703	0.0806353	0.0932351	0.0910433
	0.0455311	0.0303878	0.0323071	0.0370369	0.0330781	0.0318865	0.0413886	0.0349144	0.0622971	0.0354744	0.0340605	0.0623943	0.052	0.0613481	0.0705318	0.0684288
	0.0521693	0.0354835	0.0388321	0.0441546	0.0396344	0.0370224	0.0476254	0.0404972	0.0706387	0.0423273	0.0394241	0.070747	0.059221	0.0708192	0.0808929	0.0786646
	0.0455311	0.0303878	0.0323071	0.0370369	0.0330781	0.0318865	0.0413886	0.0349144	0.0622971	0.0354744	0.0340605	0.0623943	0.052	0.0613481	0.0705318	0.0684288
	0.0473749	0.0318413	0.0342162	0.0386198	0.0351412	0.0323079	0.0424044	0.0359917	0.0642716	0.0366862	0.0349438	0.06437	0.0535707	0.0630848	0.0722593	0.0698182
	0.130664	0.0897688	0.097202	0.109491	0.0997885	0.0947488	0.119322	0.101156	0.172976	0.105038	0.10112	0.173225	0.145569	0.172626	0.196615	0.19173
	0.130664	0.0897688	0.097202	0.109491	0.0997885	0.0947488	0.119322	0.101156	0.172976	0.105038	0.10112	0.173225	0.145569	0.172626	0.196615	0.19173
	0.0473749	0.0318413	0.0342162	0.0386198	0.0351412	0.0323079	0.0424044	0.0359917	0.0642716	0.0366862	0.0349438	0.06437	0.0535707	0.0630848	0.0722593	0.0698182
	0.054306	0.0360201	0.0394416	0.0447753	0.0402947	0.0376533	0.049674	0.0410693	0.0746368	0.0429957	0.041396	0.0747541	0.0615394	0.073489	0.085414	0.081455
	0.0455311	0.0303878	0.0323071	0.0370369	0.0330781	0.0318865	0.0413886	0.0349144	0.0622971	0.0354744	0.0340605	0.0623943	0.052	0.0613481	0.0705318	0.0684288
	0.0473749	0.0318413	0.0342162	0.0386198	0.0351412	0.0323079	0.0424044	0.0359917	0.0642716	0.0366862	0.0349438	0.06437	0.0535707	0.0630848	0.0722593	0.0698182
	0.0838528	0.056575	0.0623278	0.070557	0.0632812	0.0600463	0.0765116	0.0643158	0.112418	0.0665711	0.0646277	0.112597	0.09448	0.112686	0.129281	0.124463
loop 17
	0.0455622	0.0292762	0.032329	0.0370638	0.0331041	0.0307609	0.04142	0.0349388	0.0623376	0.0354996	0.0340874	0.0624348	0.0520312	0.0613877	0.0705702	0.0684749
	0.0554065	0.0357974	0.0391968	0.0458596	0.0413653	0.0387226	0.0493716	0.0421428	0.075774	0.0440752	0.0411423	0.0743209	0.0626573	0.0746277	0.0849272	0.0825974
	0.149403	0.0968367	0.106199	0.122093	0.110796	0.102856	0.134615	0.112016	0.199458	0.115876	0.110155	0.199795	0.165991	0.198269	0.223725	0.219323
	0.0554065	0.0357974	0.0391968	0.0458596	0.0413653	0.0387226	0.0493716	0.0421428	0.075774	0.0440752	0.0411423	0.0743209	0.0626573	0.0746277	0.0849272	0.0825974
	0.0662074	0.0424729	0.0466446	0.0537651	0.0473906	0.0451319	0.0594275	0.0492522	0.0918766	0.0509952	0.0484087	0.0904642	0.0741251	0.0894165	0.10354	0.101355
	0.0455622	0.0292762	0.032329	0.0370638	0.0331041	0.0307609	0.04142	0.0349388	0.0623376	0.0354996	0.0340874	0.0624348	0.0520312	0.0613877	0.0705702	0.0684749
	0.0563131	0.0379654	0.0413501	0.0467855	0.0421487	0.0394876	0.0503212	0.043063	0.0752227	0.0448962	0.0432021	0.0753403	0.0620809	0.0737971	0.0855788	0.0817724
	0.0455622	0.0292762	0.032329	0.0370638	0.0331041	0.0307609	0.04142	0.0349388	0.0623376	0.0354996	0.0340874	0.0624348	0.0520312	0.0613877	0.0705702	0.0684749
	0.0452545	0.031085	0.03348	0.0379032	0.0344138	0.0315648	0.0417093	0.0352629	0.0621104	0.0359664	0.0342162	0.0622103	0.0514236	0.0609252	0.0700993	0.06766
	0.158649	0.107783	0.117053	0.13127	0.121563	0.114624	0.143143	0.122935	0.210602	0.126818	0.122903	0.210867	0.175887	0.210139	0.239536	0.232139
	0.158649	0.107783	0.117053	0.13127	0.121563	0.114624	0.143143	0.122935	0.210602	0.126818	0.122903	0.210867	0.175887	0.210139	0.239536	0.232139
	0.0452545	0.031085	0.03348	0.0379032	0.0344138	0.0315648	0.0417093	0.0352629	0.0621104	0.0359664	0.0342162	0.0622103	0.0514236	0.0609252	0.0700993	0.06766
	0.0554065	0.0357974	0.0391968	0.0458596	0.0413653	0.0387226	0.0493716	0.0421428	0.075774	0.0440752	0.0411423	0.0743209	0.0626573	0.0746277	0.0849272	0.0825974
	0.0455622	0.0292762	0.032329	0.0370638	0.0331041	0.0307609	0.04142	0.0349388	0.0623376	0.0354996	0.0340874	0.0624348	0.0520312	0.0613877	0.0705702	0.0684749
	0.0452545	0.031085	0.03348	0.0379032	0.0344138	0.0315648	0.0417093	0.0352629	0.0621104	0.0359664	0.0342162	0.0622103	0.0514236	0.0609252	0.0700993	0.06766
	0.0579033	0.0387393	0.0429489	0.047952	0.0439887	0.0407305	0.052265	0.0449954	0.0788488	0.0457403	0.0437378	0.0771486	0.0649069	0.077387	0.0877874	0.0850459
loop 18
	0.0455622	0.0292762	0.032329	0.0370638	0.0331041	0.0307609	0.04142	0.0349388	0.0623376	0.0354996	0.0340874	0.0624348	0.0520312	0.0613877	0.0705702	0.0684749
	0.0544735	0.0361487	0.0395784	0.0449278	0.0404324	0.0377878	0.0484365	0.0412077	0.0732769	0.0431432	0.0402091	0.0733918	0.0602403	0.0721413	0.0840021	0.0816794
	0.149411	0.0968277	0.106189	0.122086	0.11079	0.102846	0.134607	0.112011	0.199445	0.11587	0.110144	0.199781	0.16597	0.19823	0.223709	0.219308
	0.0544735	0.0361487	0.0395784	0.0449278	0.0404324	0.0377878	0.0484365	0.0412077	0.0732769	0.0431432	0.0402091	0.0733918	0.0602403	0.0721413	0.0840021	0.0816794
	0.0586749	0.0387604	0.0417455	0.0488881	0.0437423	0.0402102	0.0532425	0.0443658	0.0827035	0.0461172	0.043512	0.0813254	0.0665684	0.0802833	0.0927121	0.0905527
	0.0455622	0.0292762	0.032329	0.0370638	0.0331041	0.0307609	0.04142	0.0349388	0.0623376	0.0354996	0.0340874	0.0624348	0.0520312	0.0613877	0.0705702	0.0684749
	0.05552	0.0383449	0.0417726	0.0459571	0.0425799	0.0398805	0.05085	0.0435119	0.0745174	0.0440528	0.042349	0.0746327	0.062747	0.0745847	0.0849058	0.0826544
	0.0455622	0.0292762	0.032329	0.0370638	0.0331041	0.0307609	0.04142	0.0349388	0.0623376	0.0354996	0.0340874	0.0624348	0.0520312	0.0613877	0.0705702	0.0684749
	0.0452585	0.0310828	0.0334825	0.0379063	0.0344138	0.0315648	0.0417128	0.0352656	0.0621229	0.0359692	0.0342188	0.0622228	0.0514283	0.0609373	0.0701067	0.0676741
	0.183603	0.126627	0.138584	0.154089	0.141291	0.133787	0.166926	0.142982	0.242037	0.149107	0.142682	0.239884	0.204424	0.241021	0.27514	0.267335
	0.183603	0.126627	0.138584	0.154089	0.141291	0.133787	0.166926	0.142982	0.242037	0.149107	0.142682	0.239884	0.204424	0.241021	0.27514	0.267335
	0.0452585	0.0310828	0.0334825	0.0379063	0.0344138	0.0315648	0.0417128	0.0352656	0.0621229	0.0359692	0.0342188	0.0622228	0.0514283	0.0609373	0.0701067	0.0676741
	0.0544735	0.0361487	0.0395784	0.0449278	0.0404324	0.0377878	0.0484365	0.0412077	0.0732769	0.0431432	0.0402091	0.0733918	0.0602403	0.0721413	0.0840021	0.0816794
	0.0455622	0.0292762	0.032329	0.0370638	0.0331041	0.0307609	0.04142	0.0349388	0.0623376	0.0354996	0.0340874	0.0624348	0.0520312	0.0613877	0.0705702	0.0684749
	0.0452585	0.0310828	0.0334825	0.0379063	0.0344138	0.0315648	0.0417128	0.0352656	0.0621229	0.0359692	0.0342188	0.0622228	0.0514283	0.0609373	0.0701067	0.0676741
	0.0591332	0.0398786	0.0425466	0.0491284	0.0435779	0.0418708	0.0534716	0.0445958	0.0782867	0.04691	0.0448882	0.0784124	0.0661583	0.0786491	0.0890492	0.0863074
loop 19
	0.0455518	0.0304074	0.0323228	0.0370523	0.0330976	0.0319047	0.041411	0.0349318	0.0623214	0.0354924	0.0340773	0.0624186	0.0520187	0.0613719	0.070551	0.0684564
	0.055199	0.0369216	0.0403394	0.0456756	0.0411923	0.0385521	0.04918	0.0419682	0.0755251	0.0438935	0.0409655	0.0756357	0.0624315	0.074366	0.084646	0.0823269
	0.149386	0.0968143	0.106179	0.122067	0.110774	0.102831	0.134592	0.111994	0.199458	0.115859	0.110133	0.199795	0.16596	0.19823	0.223725	0.219323
	0.055199	0.0369216	0.0403394	0.0456756	0.0411923	0.0385521	0.04918	0.0419682	0.0755251	0.0438935	0.0409655	0.0756357	0.0624315	0.074366	0.084646	0.0823269
	0.066117	0.0429644	0.0470282	0.0539855	0.0477522	0.0443373	0.0595026	0.0495785	0.0927124	0.0512677	0.0487511	0.0913306	0.0752475	0.0902736	0.104161	0.102025
	0.0455518	0.0304074	0.0323228	0.0370523	0.0330976	0.0319047	0.041411	0.0349318	0.0623214	0.0354924	0.0340773	0.0624186	0.0520187	0.0613719	0.070551	0.0684564
	0.0572885	0.0389205	0.0423142	0.047755	0.0431124	0.0404439	0.0512851	0.0440251	0.0762	0.0458591	0.0428789	0.07631	0.0630516	0.0747718	0.086565	0.0843104
	0.0455518	0.0304074	0.0323228	0.0370523	0.0330976	0.0319047	0.041411	0.0349318	0.0623214	0.0354924	0.0340773	0.0624186	0.0520187	0.0613719	0.070551	0.0684564
	0.0452664	0.0310917	0.0334925	0.0379123	0.0344242	0.031574	0.0417198	0.035271	0.0621229	0.0359749	0.0342292	0.0622228	0.0514378	0.0609495	0.0701067	0.0676741
	0.186712	0.131397	0.141383	0.157014	0.146183	0.138602	0.169925	0.14796	0.24799	0.154131	0.147588	0.245786	0.209967	0.246864	0.281233	0.27342
	0.186712	0.131397	0.141383	0.157014	0.146183	0.138602	0.169925	0.14796	0.24799	0.154131	0.147588	0.245786	0.209967	0.246864	0.281233	0.27342
	0.0452664	0.0310917	0.0334925	0.0379123	0.0344242	0.031574	0.0417198	0.035271	0.0621229	0.0359749	0.0342292	0.0622228	0.0514378	0.0609495	0.0701067	0.0676741
	0.055199	0.0369216	0.0403394	0.0456756	0.0411923	0.0385521	0.04918	0.0419682	0.0755251	0.0438935	0.0409655	0.0756357	0.0624315	0.074366	0.084646	0.0823269
	0.0455518	0.0304074	0.0323228	0.0370523	0.0330976	0.0319047	0.041411	0.0349318	0.0623214	0.0354924	0.0340773	0.0624186	0.0520187	0.0613719	0.070551	0.0684564
	0.0452664	0.0310917	0.0334925	0.0379123	0.0344242	0.031574	0.0417198	0.035271	0.0621229	0.0359749	0.0342292	0.0622228	0.0514378	0.0609495	0.0701067	0.0676741
	0.0575653	0.038474	0.0426676	0.0476496	0.0437002	0.0404552	0.0519496	0.0447095	0.0783754	0.0470318	0.0434493	0.0785011	0.0645412	0.076939	0.0891552	0.0864174
loop 20
	0.0455622	0.0292735	0.032329	0.03706	0.0331008	0.0307609	0.0414155	0.0349388	0.0623376	0.035496	0.034084	0.0624267	0.0520312	0.0613877	0.0705702	0.0684749
	0.0539767	0.0358068	0.039204	0.0445096	0.0400528	0.0374312	0.0493716	0.0408233	0.0741855	0.0427377	0.04115	0.0742938	0.0611605	0.0730472	0.0848948	0.0825661
	0.149394	0.0968143	0.106179	0.122074	0.110779	0.102831	0.134592	0.111999	0.199445	0.115859	0.110133	0.199781	0.16597	0.19823	0.223709	0.219308
	0.0539767	0.0358068	0.039204	0.0445096	0.0400528	0.0374312	0.0493716	0.0408233	0.0741855	0.0427377	0.04115	0.0742938	0.0611605	0.0730472	0.0848948	0.0825661
	0.065065	0.0419832	0.0460462	0.0529626	0.0467683	0.0445718	0.0584728	0.0485747	0.090072	0.050272	0.047764	0.0902016	0.0741762	0.0891577	0.103	0.0993198
	0.0455622	0.0292735	0.032329	0.03706	0.0331008	0.0307609	0.0414155	0.0349388	0.0623376	0.035496	0.034084	0.0624267	0.0520312	0.0613877	0.0705702	0.0684749
	0.0553024	0.03717	0.0405258	0.0458836	0.0413247	0.0386975	0.0493661	0.0422053	0.0739796	0.0440344	0.041105	0.0740949	0.0610022	0.0726281	0.084299	0.0805035
	0.0455622	0.0292735	0.032329	0.03706	0.0331008	0.0307609	0.0414155	0.0349388	0.0623376	0.035496	0.034084	0.0624267	0.0520312	0.0613877	0.0705702	0.0684749
	0.0452545	0.031085	0.033485	0.0379032	0.0344164	0.0315671	0.0417093	0.0352656	0.0621104	0.0359692	0.0342214	0.0622103	0.0514283	0.0609313	0.0700919	0.06766
	0.164837	0.11642	0.124756	0.138749	0.129635	0.121756	0.149908	0.129404	0.215232	0.135676	0.131078	0.213065	0.183882	0.216457	0.243581	0.238263
	0.164837	0.11642	0.124756	0.138749	0.129635	0.121756	0.149908	0.129404	0.215232	0.135676	0.131078	0.213065	0.183882	0.216457	0.243581	0.238263
	0.0452545	0.031085	0.033485	0.0379032	0.0344164	0.0315671	0.0417093	0.0352656	0.0621104	0.0359692	0.0342214	0.0622103	0.0514283	0.0609313	0.0700919	0.06766
	0.0539767	0.0358068	0.039204	0.0445096	0.0400528	0.0374312	0.0493716	0.0408233	0.0741855	0.0427377	0.04115	0.0742938	0.0611605	0.0730472	0.0848948	0.0825661
	0.0455622	0.0292735	0.032329	0.03706	0.0331008	0.0307609	0.0414155	0.0349388	0.0623376	0.035496	0.034084	0.0624267	0.0520312	0.0613877	0.0705702	0.0684749
	0.0452545	0.031085	0.033485	0.0379032	0.0344164	0.0315671	0.0417093	0.0352656	0.0621104	0.0359692	0.0342214	0.0622103	0.0514283	0.0609313	0.0700919	0.06766
	0.0523796	0.0347652	0.0389864	0.04402	0.0400354	0.0367809	0.0483696	0.0410339	0.0714944	0.0418154	0.0398056	0.071616	0.0593831	0.0700989	0.0804509	0.0777193
loop 21
	0.0455881	0.0292924	0.0323478	0.0370831	0.0331236	0.0307813	0.0414424	0.0349597	0.06237	0.0355176	0.0341042	0.0624672	0.0520624	0.0614194	0.0706086	0.0685117
	0.0541327	0.0358821	0.039294	0.0446272	0.0401459	0.0375086	0.0495077	0.0409232	0.0744202	0.0428442	0.0412461	0.0745375	0.0613465	0.0732681	0.0851652	0.0812204
	0.149386	0.0968053	0.106168	0.122061	0.110769	0.102827	0.134585	0.111988	0.199445	0.115847	0.110122	0.199781	0.16597	0.198243	0.223709	0.219308
	0.0541327	0.0358821	0.039294	0.0446272	0.0401459	0.0375086	0.0495077	0.0409232	0.0744202	0.0428442	0.0412461	0.0745375	0.0613465	0.0732681	0.0851652	0.0812204
	0.0702998	0.0447553	0.0500032	0.0568952	0.0507165	0.0473193	0.0637165	0.0525217	0.0983532	0.054202	0.0517143	0.0984842	0.0794212	0.0974353	0.113014	0.109254
	0.0455881	0.0292924	0.0323478	0.0370831	0.0331236	0.0307813	0.0414424	0.0349597	0.06237	0.0355176	0.0341042	0.0624672	0.0520624	0.0614194	0.0706086	0.0685117
	0.0553088	0.0370512	0.0404234	0.0458297	0.0412233	0.0398289	0.0493442	0.0421269	0.0741333	0.0439557	0.042275	0.0742389	0.0610614	0.0727316	0.0844707	0.0806657
	0.0455881	0.0292924	0.0323478	0.0370831	0.0331236	0.0307813	0.0414424	0.0349597	0.06237	0.0355176	0.0341042	0.0624672	0.0520624	0.0614194	0.0706086	0.0685117
	0.0452545	0.0310784	0.0334775	0.0379002	0.0344112	0.0315602	0.0417059	0.0352602	0.0621104	0.0359636	0.0342136	0.0622103	0.0514188	0.0609313	0.0700993	0.06766
	0.164444	0.116744	0.124981	0.138764	0.129812	0.12204	0.149724	0.129516	0.216522	0.135757	0.131247	0.216832	0.183236	0.217831	0.247247	0.239385
	0.164444	0.116744	0.124981	0.138764	0.129812	0.12204	0.149724	0.129516	0.216522	0.135757	0.131247	0.216832	0.183236	0.217831	0.247247	0.239385
	0.0452545	0.0310784	0.0334775	0.0379002	0.0344112	0.0315602	0.0417059	0.0352602	0.0621104	0.0359636	0.0342136	0.0622103	0.0514188	0.0609313	0.0700993	0.06766
	0.0541327	0.0358821	0.039294	0.0446272	0.0401459	0.0375086	0.0495077	0.0409232	0.0744202	0.0428442	0.0412461	0.0745375	0.0613465	0.0732681	0.0851652	0.0812204
	0.0455881	0.0292924	0.0323478	0.0370831	0.0331236	0.0307813	0.0414424	0.0349597	0.06237	0.0355176	0.0341042	0.0624672	0.0520624	0.0614194	0.0706086	0.0685117
	0.0452545	0.0310784	0.0334775	0.0379002	0.0344112	0.0315602	0.0417059	0.0352602	0.0621104	0.0359636	0.0342136	0.0622103	0.0514188	0.0609313	0.0700993	0.06766
	0.0591528	0.0399137	0.0425859	0.0491581	0.0436155	0.0419088	0.0534885	0.0446283	0.0783384	0.0469448	0.0449304	0.0784642	0.066193	0.0786934	0.0891111	0.0863667
loop 22
	0.0455414	0.0303934	0.0323102	0.0370408	0.0330846	0.0318926	0.0413976	0.0349214	0.0623133	0.035478	0.0340672	0.0624024	0.0520063	0.061364	0.0705414	0.0684472
	0.0541211	0.0359103	0.0393156	0.0446316	0.0401645	0.0375389	0.0495077	0.0409348	0.074375	0.0428564	0.0412653	0.0744923	0.0613259	0.0732328	0.0834928	0.0811694
	0.14942	0.0968367	0.106205	0.122099	0.110801	0.102856	0.134622	0.112022	0.199472	0.115882	0.110155	0.199808	0.166001	0.198269	0.22374	0.219339
	0.0541211	0.0359103	0.0393156	0.0446316	0.0401645	0.0375389	0.0495077	0.0409348	0.074375	0.0428564	0.0412653	0.0744923	0.0613259	0.0732328	0.0834928	0.0811694
	0.0657285	0.042434	0.0465356	0.0535138	0.048517	0.0450407	0.0590748	0.0490857	0.0924726	0.0507904	0.048268	0.09108	0.0749149	0.0900356	0.103996	0.101843
	0.0455414	0.0303934	0.0323102	0.0370408	0.0330846	0.0318926	0.0413976	0.0349214	0.0623133	0.035478	0.0340672	0.0624024	0.0520063	0.061364	0.0705414	0.0684472
	0.0574835	0.0389782	0.0423926	0.0478846	0.0431932	0.0405012	0.0514468	0.0441315	0.07656	0.0459669	0.0442563	0.07667	0.0632995	0.0750855	0.086957	0.0831239
	0.0455414	0.0303934	0.0323102	0.0370408	0.0330846	0.0318926	0.0413976	0.0349214	0.0623133	0.035478	0.0340672	0.0624024	0.0520063	0.061364	0.0705414	0.0684472
	0.0452545	0.0310873	0.03349	0.0379032	0.0344216	0.0315671	0.0417093	0.0352683	0.0621042	0.0359721	0.0342266	0.062204	0.0514236	0.0609313	0.0700919	0.06766
	0.159593	0.110363	0.120099	0.135123	0.122777	0.117418	0.145545	0.126341	0.211491	0.130349	0.124156	0.211776	0.177523	0.210667	0.241209	0.233639
	0.159593	0.110363	0.120099	0.135123	0.122777	0.117418	0.145545	0.126341	0.211491	0.130349	0.124156	0.211776	0.177523	0.210667	0.241209	0.233639
	0.0452545	0.0310873	0.03349	0.0379032	0.0344216	0.0315671	0.0417093	0.0352683	0.0621042	0.0359721	0.0342266	0.062204	0.0514236	0.0609313	0.0700919	0.06766
	0.0541211	0.0359103	0.0393156	0.0446316	0.0401645	0.0375389	0.0495077	0.0409348	0.074375	0.0428564	0.0412653	0.0744923	0.0613259	0.0732328	0.0834928	0.0811694
	0.0455414	0.0303934	0.0323102	0.0370408	0.0330846	0.0318926	0.0413976	0.0349214	0.0623133	0.035478	0.0340672	0.0624024	0.0520063	0.061364	0.0705414	0.0684472
	0.0452545	0.0310873	0.03349	0.0379032	0.0344216	0.0315671	0.0417093	0.0352683	0.0621042	0.0359721	0.0342266	0.062204	0.0514236	0.0609313	0.0700919	0.06766
	0.0538012	0.036106	0.0388225	0.0438287	0.0398678	0.0366249	0.0481536	0.0408653	0.0711872	0.0416434	0.0396379	0.0713024	0.0591332	0.0715776	0.0819548	0.0792112
loop 23
	0.0455311	0.0303906	0.0323071	0.0370331	0.0330781	0.0318865	0.0413886	0.0349144	0.0622971	0.0354744	0.0340605	0.0623862	0.0519938	0.0613481	0.0705222	0.0684288
	0.0540403	0.0358508	0.0392544	0.0445619	0.0401012	0.0374783	0.049432	0.0408694	0.0742667	0.0427868	0.0412	0.0743841	0.0612363	0.0731267	0.0833655	0.0810571
	0.14942	0.0968322	0.106194	0.122093	0.110796	0.102851	0.134622	0.112016	0.199445	0.115876	0.11015	0.199781	0.165991	0.198256	0.223709	0.219308
	0.0540403	0.0358508	0.0392544	0.0445619	0.0401012	0.0374783	0.049432	0.0408694	0.0742667	0.0427868	0.0412	0.0743841	0.0612363	0.0731267	0.0833655	0.0810571
	0.0705074	0.0451519	0.0491136	0.0571975	0.0510553	0.0476925	0.0626425	0.0528565	0.0983317	0.0545159	0.0507931	0.0969441	0.0795415	0.095903	0.111269	0.107584
	0.0455311	0.0303906	0.0323071	0.0370331	0.0330781	0.0318865	0.0413886	0.0349144	0.0622971	0.0354744	0.0340605	0.0623862	0.0519938	0.0613481	0.0705222	0.0684288
	0.0573826	0.0389397	0.0423447	0.047812	0.0431438	0.0404644	0.0513602	0.0440713	0.07639	0.0459032	0.0442054	0.0765	0.0631756	0.07646	0.0867669	0.0845165
	0.0455311	0.0303906	0.0323071	0.0370331	0.0330781	0.0318865	0.0413886	0.0349144	0.0622971	0.0354744	0.0340605	0.0623862	0.0519938	0.0613481	0.0705222	0.0684288
	0.0452426	0.0310784	0.0334775	0.0378942	0.0344086	0.0315579	0.0416989	0.0352575	0.0620917	0.0359608	0.0342136	0.0621916	0.0514093	0.060913	0.0700771	0.0676388
	0.153158	0.107499	0.11778	0.129589	0.120568	0.11482	0.1406	0.120331	0.200525	0.126559	0.122011	0.200801	0.169704	0.201777	0.228541	0.220775
	0.153158	0.107499	0.11778	0.129589	0.120568	0.11482	0.1406	0.120331	0.200525	0.126559	0.122011	0.200801	0.169704	0.201777	0.228541	0.220775
	0.0452426	0.0310784	0.0334775	0.0378942	0.0344086	0.0315579	0.0416989	0.0352575	0.0620917	0.0359608	0.0342136	0.0621916	0.0514093	0.060913	0.0700771	0.0676388
	0.0540403	0.0358508	0.0392544	0.0445619	0.0401012	0.0374783	0.049432	0.0408694	0.0742667	0.0427868	0.0412	0.0743841	0.0612363	0.0731267	0.0833655	0.0810571
	0.0455311	0.0303906	0.0323071	0.0370331	0.0330781	0.0318865	0.0413886	0.0349144	0.0622971	0.0354744	0.0340605	0.0623862	0.0519938	0.0613481	0.0705222	0.0684288
	0.0452426	0.0310784	0.0334775	0.0378942	0.0344086	0.0315579	0.0416989	0.0352575	0.0620917	0.0359608	0.0342136	0.0621916	0.0514093	0.060913	0.0700771	0.0676388
	0.0576414	0.0385	0.0427009	0.0476892	0.0437315	0.0404805	0.0519987	0.0447517	0.0785307	0.0470736	0.0434838	0.0786565	0.0646313	0.0770691	0.089332	0.0865783
loop 24
	0.0455881	0.0292924	0.0323478	0.0370831	0.0331236	0.0307813	0.0414424	0.0349597	0.06237	0.0355176	0.0341042	0.0624591	0.0520562	0.0614194	0.0706086	0.0685025
	0.0542597	0.0359981	0.0394164	0.0447448	0.0402649	0.0376331	0.0482405	0.0410385	0.0745555	0.0429629	0.0400454	0.0731091	0.0614774	0.0734095	0.0836838	0.0813632
	0.149411	0.0968322	0.106194	0.122086	0.110796	0.102851	0.134615	0.112016	0.199472	0.115876	0.11015	0.199795	0.16597	0.198243	0.22374	0.219339
	0.0542597	0.0359981	0.0394164	0.0447448	0.0402649	0.0376331	0.0482405	0.0410385	0.0745555	0.0429629	0.0400454	0.0731091	0.0614774	0.0734095	0.0836838	0.0813632
	0.067105	0.043645	0.0477733	0.054811	0.0485051	0.0450354	0.0604017	0.0503337	0.0924872	0.0520484	0.0495177	0.092619	0.0749149	0.0915552	0.105607	0.10186
	0.0455881	0.0292924	0.0323478	0.0370831	0.0331236	0.0307813	0.0414424	0.0349597	0.06237	0.0355176	0.0341042	0.0624591	0.0520562	0.0614194	0.0706086	0.0685025
	0.0589811	0.0406241	0.0440112	0.0494538	0.0448058	0.0421356	0.0529795	0.0457268	0.0794084	0.047558	0.0458689	0.0795251	0.0661818	0.0779572	0.0898025	0.0875556
	0.0455881	0.0292924	0.0323478	0.0370831	0.0331236	0.0307813	0.0414424	0.0349597	0.06237	0.0355176	0.0341042	0.0624591	0.0520562	0.0614194	0.0706086	0.0685025
	0.0452426	0.031074	0.0334725	0.0378912	0.0344034	0.0315533	0.0416989	0.035252	0.0620917	0.0359552	0.0342084	0.0621916	0.0514093	0.060913	0.0700771	0.0692661
	0.15704	0.110914	0.119259	0.133279	0.122054	0.116261	0.142197	0.123883	0.204822	0.128067	0.12348	0.202669	0.173721	0.206068	0.233016	0.225184
	0.15704	0.110914	0.119259	0.133279	0.122054	0.116261	0.142197	0.123883	0.204822	0.128067	0.12348	0.202669	0.173721	0.206068	0.233016	0.225184
	0.0452426	0.031074	0.0334725	0.0378912	0.0344034	0.0315533	0.0416989	0.035252	0.0620917	0.0359552	0.0342084	0.0621916	0.0514093	0.060913	0.0700771	0.0692661
	0.0542597	0.0359981	0.0394164	0.0447448	0.0402649	0.0376331	0.0482405	0.0410385	0.0745555	0.0429629	0.0400454	0.0731091	0.0614774	0.0734095	0.0836838	0.0813632
	0.0455881	0.0292924	0.0323478	0.0370831	0.0331236	0.0307813	0.0414424	0.0349597	0.06237	0.0355176	0.0341042	0.0624591	0.0520562	0.0614194	0.0706086	0.0685025
	0.0452426	0.031074	0.0334725	0.0378912	0.0344034	0.0315533	0.0416989	0.035252	0.0620917	0.0359552	0.0342084	0.0621916	0.0514093	0.060913	0.0700771	0.0692661
	0.055493	0.0379225	0.0406013	0.0455587	0.0416376	0.038409	0.0498605	0.0426344	0.0744701	0.0449564	0.0413985	0.0745941	0.0624665	0.0748765	0.0852115	0.0824735
loop 25
	0.0455674	0.0292789	0.0323322	0.0370638	0.0331041	0.0307638	0.04142	0.0349423	0.0623457	0.0354996	0.0340874	0.0624348	0.0520375	0.0613957	0.0705798	0.0684841
	0.0532238	0.0349841	0.0383954	0.0437203	0.0392436	0.0379089	0.0485982	0.0413422	0.0735155	0.0419404	0.0403394	0.0736304	0.060442	0.0723662	0.0826494	0.08032
	0.149386	0.0968143	0.106179	0.122067	0.110774	0.102831	0.134592	0.111994	0.199445	0.115853	0.110128	0.199768	0.16597	0.19823	0.223709	0.219308
	0.0532238	0.0349841	0.0383954	0.0437203	0.0392436	0.0379089	0.0485982	0.0413422	0.0735155	0.0419404	0.0403394	0.0736304	0.060442	0.0723662	0.0826494	0.08032
	0.0684385	0.0444049	0.0483802	0.056477	0.0503163	0.0469518	0.0619227	0.0508738	0.0961611	0.0537901	0.050067	0.0962901	0.07744	0.0937344	0.109046	0.105377
	0.0455674	0.0292789	0.0323322	0.0370638	0.0331041	0.0307638	0.04142	0.0349423	0.0623457	0.0354996	0.0340874	0.0624348	0.0520375	0.0613957	0.0705798	0.0684841
	0.0534419	0.0353556	0.0387052	0.0440436	0.0395035	0.0368856	0.0475269	0.0403784	0.0706116	0.0422009	0.0405504	0.0707109	0.0591504	0.070756	0.0808604	0.0786334
	0.0455674	0.0292789	0.0323322	0.0370638	0.0331041	0.0307638	0.04142	0.0349423	0.0623457	0.0354996	0.0340874	0.0624348	0.0520375	0.0613957	0.0705798	0.0684841
	0.0452506	0.0310917	0.0334875	0.0379063	0.034419	0.0315717	0.0417093	0.0352656	0.0620979	0.0359692	0.0342214	0.0621978	0.0514188	0.0609191	0.0700845	0.0676529
	0.153911	0.109904	0.118265	0.130189	0.121069	0.115275	0.141269	0.122903	0.2016	0.127094	0.122507	0.19945	0.170548	0.202865	0.229753	0.221935
	0.153911	0.109904	0.118265	0.130189	0.121069	0.115275	0.141269	0.122903	0.2016	0.127094	0.122507	0.19945	0.170548	0.202865	0.229753	0.221935
	0.0452506	0.0310917	0.0334875	0.0379063	0.034419	0.0315717	0.0417093	0.0352656	0.0620979	0.0359692	0.0342214	0.0621978	0.0514188	0.0609191	0.0700845	0.0676529
	0.0532238	0.0349841	0.0383954	0.0437203	0.0392436	0.0379089	0.0485982	0.0413422	0.0735155	0.0419404	0.0403394	0.0736304	0.060442	0.0723662	0.0826494	0.08032
	0.0455674	0.0292789	0.0323322	0.0370638	0.0331041	0.0307638	0.04142	0.0349423	0.0623457	0.0354996	0.0340874	0.0624348	0.0520375	0.0613957	0.0705798	0.0684841
	0.0452506	0.0310917	0.0334875	0.0379063	0.034419	0.0315717	0.0417093	0.0352656	0.0620979	0.0359692	0.0342214	0.0621978	0.0514188	0.0609191	0.0700845	0.0676529
	0.0612697	0.0420254	0.0446802	0.0512914	0.0457067	0.0440075	0.0555918	0.0467359	0.0822437	0.0490577	0.0470283	0.0823784	0.0682746	0.0825923	0.0930456	0.0903041
loop 26
	0.0455311	0.0303878	0.0323039	0.0370331	0.0330781	0.0318865	0.0413886	0.0349144	0.0622971	0.0354744	0.0340605	0.0623943	0.052	0.0613481	0.0705222	0.0684288
	0.0530831	0.0348934	0.0382945	0.043602	0.0391428	0.0378114	0.0484659	0.0412346	0.0733211	0.0418293	0.0402352	0.073436	0.0602807	0.0721846	0.0824309	0.08011
	0.149377	0.0968053	0.106168	0.122061	0.110763	0.102822	0.134585	0.111988	0.199445	0.115847	0.110122	0.199768	0.16596	0.19823	0.223709	0.219308
	0.0530831	0.0348934	0.0382945	0.043602	0.0391428	0.0378114	0.0484659	0.0412346	0.0733211	0.0418293	0.0402352	0.073436	0.0602807	0.0721846	0.0824309	0.08011
	0.0643614	0.0421682	0.046316	0.0520812	0.0470531	0.0435744	0.0576682	0.0488965	0.0897263	0.050627	0.0480679	0.0898516	0.0735946	0.0888005	0.102841	0.099098
	0.0455311	0.0303878	0.0323039	0.0370331	0.0330781	0.0318865	0.0413886	0.0349144	0.0622971	0.0354744	0.0340605	0.0623943	0.052	0.0613481	0.0705222	0.0684288
	0.0562409	0.0390589	0.0424841	0.0479987	0.0432829	0.0405832	0.0515739	0.0442286	0.07679	0.0460698	0.043054	0.0753697	0.0634776	0.0753011	0.0856254	0.0833711
	0.0455311	0.0303878	0.0323039	0.0370331	0.0330781	0.0318865	0.0413886	0.0349144	0.0622971	0.0354744	0.0340605	0.0623943	0.052	0.0613481	0.0705222	0.0684288
	0.045318	0.0298208	0.03353	0.0379577	0.0344659	0.0316132	0.0417685	0.0353142	0.0621916	0.036017	0.0342682	0.0622914	0.0514902	0.0610104	0.0701806	0.0677447
	0.156821	0.110815	0.119135	0.133073	0.12194	0.116155	0.142023	0.123754	0.204568	0.127931	0.123365	0.202418	0.173516	0.205811	0.232715	0.224896
	0.156821	0.110815	0.119135	0.133073	0.12194	0.116155	0.142023	0.123754	0.204568	0.127931	0.123365	0.202418	0.173516	0.205811	0.232715	0.224896
	0.045318	0.0298208	0.03353	0.0379577	0.0344659	0.0316132	0.0417685	0.0353142	0.0621916	0.036017	0.0342682	0.0622914	0.0514902	0.0610104	0.0701806	0.0677447
	0.0530831	0.0348934	0.0382945	0.043602	0.0391428	0.0378114	0.0484659	0.0412346	0.0733211	0.0418293	0.0402352	0.073436	0.0602807	0.0721846	0.0824309	0.08011
	0.0455311	0.0303878	0.0323039	0.0370331	0.0330781	0.0318865	0.0413886	0.0349144	0.0622971	0.0354744	0.0340605	0.0623943	0.052	0.0613481	0.0705222	0.0684288
	0.045318	0.0298208	0.03353	0.0379577	0.0344659	0.0316132	0.0417685	0.0353142	0.0621916	0.036017	0.0342682	0.0622914	0.0514902	0.0610104	0.0701806	0.0677447
	0.0537631	0.0360737	0.0387835	0.043788	0.0398272	0.0365912	0.0481104	0.0408288	0.0711296	0.0416055	0.0395974	0.0712448	0.059094	0.07152	0.0818928	0.079152
loop 27
	0.0455829	0.029287	0.0323416	0.0370754	0.0331171	0.0307755	0.0414335	0.0349527	0.0623619	0.035514	0.0341009	0.0624591	0.0520499	0.0614115	0.070599	0.0685025
	0.0554539	0.0358413	0.0392436	0.0445488	0.0400901	0.0374649	0.0494169	0.0421865	0.0758108	0.0427786	0.0411885	0.074357	0.0612157	0.0731002	0.0849705	0.082639
	0.149394	0.0968188	0.106179	0.122074	0.110779	0.102836	0.134592	0.111999	0.199431	0.115859	0.110133	0.199768	0.16596	0.198216	0.223693	0.219293
	0.0554539	0.0358413	0.0392436	0.0445488	0.0400901	0.0374649	0.0494169	0.0421865	0.0758108	0.0427786	0.0411885	0.074357	0.0612157	0.0731002	0.0849705	0.082639
	0.0648939	0.0421125	0.046104	0.0529553	0.0468154	0.043458	0.0583929	0.0486049	0.0910901	0.0502704	0.0477959	0.08972	0.0738879	0.0886896	0.102349	0.100251
	0.0455829	0.029287	0.0323416	0.0370754	0.0331171	0.0307755	0.0414335	0.0349527	0.0623619	0.035514	0.0341009	0.0624591	0.0520499	0.0614115	0.070599	0.0685025
	0.0584118	0.0399004	0.0433144	0.0488083	0.0441176	0.0414219	0.0523649	0.0450486	0.0774664	0.0468914	0.0438818	0.0775888	0.0642155	0.0775276	0.0878702	0.0856138
	0.0455829	0.029287	0.0323416	0.0370754	0.0331171	0.0307755	0.0414335	0.0349527	0.0623619	0.035514	0.0341009	0.0624591	0.0520499	0.0614115	0.070599	0.0685025
	0.0473792	0.0318367	0.034211	0.0386198	0.0351385	0.0323031	0.0424044	0.0359889	0.0642847	0.0366833	0.0349384	0.0643831	0.0535808	0.063104	0.0722748	0.069833
	0.155291	0.109275	0.117605	0.131547	0.120401	0.114612	0.140497	0.122209	0.202976	0.12638	0.121827	0.200828	0.171923	0.201749	0.231106	0.223277
	0.155291	0.109275	0.117605	0.131547	0.120401	0.114612	0.140497	0.122209	0.202976	0.12638	0.121827	0.200828	0.171923	0.201749	0.231106	0.223277
	0.0473792	0.0318367	0.034211	0.0386198	0.0351385	0.0323031	0.0424044	0.0359889	0.0642847	0.0366833	0.0349384	0.0643831	0.0535808	0.063104	0.0722748	0.069833
	0.0554539	0.0358413	0.0392436	0.0445488	0.0400901	0.0374649	0.0494169	0.0421865	0.0758108	0.0427786	0.0411885	0.074357	0.0612157	0.0731002	0.0849705	0.082639
	0.0455829	0.029287	0.0323416	0.0370754	0.0331171	0.0307755	0.0414335	0.0349527	0.0623619	0.035514	0.0341009	0.0624591	0.0520499	0.0614115	0.070599	0.0685025
	0.0473792	0.0318367	0.034211	0.0386198	0.0351385	0.0323031	0.0424044	0.0359889	0.0642847	0.0366833	0.0349384	0.0643831	0.0535808	0.063104	0.0722748	0.069833
	0.0577938	0.0386587	0.0428642	0.0478584	0.0439009	0.0406462	0.0521708	0.0449142	0.0786934	0.0456562	0.04365	0.0788192	0.0647887	0.0772425	0.0876144	0.0848802
loop 28
	0.0455725	0.0292816	0.0323384	0.0370715	0.0331106	0.0307696	0.041429	0.0349492	0.0623538	0.0355068	0.0340941	0.062451	0.0520437	0.0614036	0.0705894	0.0684933
	0.0553887	0.0357912	0.0391896	0.0458506	0.040038	0.0387157	0.0493564	0.0421349	0.0757463	0.0427254	0.0411346	0.0742848	0.0626291	0.0745916	0.084884	0.0825661
	0.14942	0.0968367	0.106199	0.122099	0.110801	0.102856	0.134622	0.112022	0.199472	0.115882	0.110155	0.199795	0.166001	0.198269	0.223725	0.219339
	0.0553887	0.0357912	0.0391896	0.0458506	0.040038	0.0387157	0.0493564	0.0421349	0.0757463	0.0427254	0.0411346	0.0742848	0.0626291	0.0745916	0.084884	0.0825661
	0.0623394	0.0399532	0.044139	0.0512573	0.0448883	0.0426062	0.0555942	0.0467431	0.0864104	0.0484837	0.045904	0.0865404	0.0702242	0.0854757	0.0979912	0.0958232
	0.0455725	0.0292816	0.0323384	0.0370715	0.0331106	0.0307696	0.041429	0.0349492	0.0623538	0.0355068	0.0340941	0.062451	0.0520437	0.0614036	0.0705894	0.0684933
	0.0591081	0.0406651	0.0440667	0.0495414	0.0448629	0.0421791	0.0530829	0.0457954	0.0796205	0.0476306	0.0459277	0.0781965	0.0663308	0.0781444	0.0900408	0.0877855
	0.0455725	0.0292816	0.0323384	0.0370715	0.0331106	0.0307696	0.041429	0.0349492	0.0623538	0.0355068	0.0340941	0.062451	0.0520437	0.0614036	0.0705894	0.0684933
	0.0453141	0.0298208	0.0335325	0.0379547	0.0344659	0.0316132	0.041765	0.0353115	0.0621791	0.036017	0.0342708	0.0622789	0.0514855	0.0610043	0.0701659	0.0677305
	0.152926	0.109275	0.117565	0.129358	0.120359	0.114612	0.14036	0.122153	0.200194	0.126321	0.121785	0.20047	0.171697	0.201498	0.22818	0.2204
	0.152926	0.109275	0.117565	0.129358	0.120359	0.114612	0.14036	0.122153	0.200194	0.126321	0.121785	0.20047	0.171697	0.201498	0.22818	0.2204
	0.0453141	0.0298208	0.0335325	0.0379547	0.0344659	0.0316132	0.041765	0.0353115	0.0621791	0.036017	0.0342708	0.0622789	0.0514855	0.0610043	0.0701659	0.0677305
	0.0553887	0.0357912	0.0391896	0.0458506	0.040038	0.0387157	0.0493564	0.0421349	0.0757463	0.0427254	0.0411346	0.0742848	0.0626291	0.0745916	0.084884	0.0825661
	0.0455725	0.0292816	0.0323384	0.0370715	0.0331106	0.0307696	0.041429	0.0349492	0.0623538	0.0355068	0.0340941	0.062451	0.0520437	0.0614036	0.0705894	0.0684933
	0.0453141	0.0298208	0.0335325	0.0379547	0.0344659	0.0316132	0.041765	0.0353115	0.0621791	0.036017	0.0342708	0.0622789	0.0514855	0.0610043	0.0701659	0.0677305
	0.0624612	0.0415792	0.0457975	0.052437	0.0468229	0.0451124	0.0567688	0.0478656	0.0853605	0.0501873	0.04815	0.0836325	0.0694998	0.083835	0.096236	0.093469
loop 29
	0.0455311	0.0303906	0.0323071	0.0370369	0.0330813	0.0318896	0.0413886	0.0349144	0.0622971	0.0354744	0.0340639	0.0623943	0.052	0.0613481	0.0705318	0.068438
	0.0554777	0.0371036	0.0405403	0.045909	0.041396	0.0387435	0.049427	0.0421786	0.0758938	0.0441132	0.0411692	0.0760136	0.062742	0.074736	0.085057	0.0827222
	0.14942	0.0968367	0.106199	0.122093	0.110801	0.102856	0.134622	0.112022	0.199485	0.115876	0.110155	0.199808	0.165991	0.198256	0.22374	0.219354
	0.0554777	0.0371036	0.0405403	0.045909	0.041396	0.0387435	0.049427	0.0421786	0.0758938	0.0441132	0.0411692	0.0760136	0.062742	0.074736	0.085057	0.0827222
	0.0597213	0.039082	0.0431762	0.0489093	0.0439137	0.0404785	0.0531417	0.0445025	0.0832411	0.0461981	0.0436856	0.083356	0.0674201	0.0823012	0.0945411	0.0909072
	0.0455311	0.0303906	0.0323071	0.0370369	0.0330813	0.0318896	0.0413886	0.0349144	0.0622971	0.0354744	0.0340639	0.0623943	0.052	0.0613481	0.0705318	0.068438
	0.0534175	0.0353085	0.0386591	0.0440066	0.0394598	0.038077	0.0474958	0.0403374	0.0720968	0.0421617	0.0405012	0.0707109	0.0591222	0.070747	0.0808496	0.078623
	0.0455311	0.0303906	0.0323071	0.0370369	0.0330813	0.0318896	0.0413886	0.0349144	0.0622971	0.0354744	0.0340639	0.0623943	0.052	0.0613481	0.0705318	0.068438
	0.045322	0.0298271	0.0335375	0.0379607	0.0344711	0.0316178	0.041772	0.0353196	0.0621853	0.0360226	0.034276	0.0622852	0.051495	0.0610104	0.0701806	0.0677447
	0.156344	0.110421	0.120763	0.13266	0.123552	0.117767	0.143705	0.1254	0.206325	0.129574	0.12499	0.204172	0.175221	0.20756	0.234487	0.22667
	0.156344	0.110421	0.120763	0.13266	0.123552	0.117767	0.143705	0.1254	0.206325	0.129574	0.12499	0.204172	0.175221	0.20756	0.234487	0.22667
	0.045322	0.0298271	0.0335375	0.0379607	0.0344711	0.0316178	0.041772	0.0353196	0.0621853	0.0360226	0.034276	0.0622852	0.051495	0.0610104	0.0701806	0.0677447
	0.0554777	0.0371036	0.0405403	0.045909	0.041396	0.0387435	0.049427	0.0421786	0.0758938	0.0441132	0.0411692	0.0760136	0.062742	0.074736	0.085057	0.0827222
	0.0455311	0.0303906	0.0323071	0.0370369	0.0330813	0.0318896	0.0413886	0.0349144	0.0622971	0.0354744	0.0340639	0.0623943	0.052	0.0613481	0.0705318	0.068438
	0.045322	0.0298271	0.0335375	0.0379607	0.0344711	0.0316178	0.041772	0.0353196	0.0621853	0.0360226	0.034276	0.0622852	0.051495	0.0610104	0.0701806	0.0677447
	0.0592557	0.0399651	0.0426495	0.0492586	0.0436782	0.0419612	0.053573	0.0446997	0.0784568	0.0470213	0.0449954	0.0785825	0.0662854	0.0788044	0.0892436	0.0865021
loop 30
	0.0455725	0.0292816	0.0323353	0.0370677	0.0331106	0.0307696	0.0414245	0.0349458	0.0623457	0.0355068	0.0340941	0.0624429	0.0520437	0.0613957	0.0705798	0.0684841
	0.0542944	0.0360232	0.0394416	0.044771	0.040291	0.0376566	0.0482748	0.0410655	0.0746097	0.0429916	0.0400714	0.0731621	0.0615188	0.0734625	0.0837474	0.0814244
	0.14942	0.0968322	0.106199	0.122093	0.110796	0.102851	0.134622	0.112016	0.199458	0.115876	0.11015	0.199781	0.166001	0.198256	0.223725	0.219323
	0.0542944	0.0360232	0.0394416	0.044771	0.040291	0.0376566	0.0482748	0.0410655	0.0746097	0.0429916	0.0400714	0.0731621	0.0615188	0.0734625	0.0837474	0.0814244
	0.0554909	0.0354924	0.0397192	0.044391	0.040489	0.038158	0.0487494	0.0411192	0.0766854	0.0428728	0.0402712	0.0753239	0.0620217	0.0742638	0.0866377	0.0829697
	0.0455725	0.0292816	0.0323353	0.0370677	0.0331106	0.0307696	0.0414245	0.0349458	0.0623457	0.0355068	0.0340941	0.0624429	0.0520437	0.0613957	0.0705798	0.0684841
	0.0574768	0.038909	0.0423316	0.0478431	0.0431303	0.041705	0.051418	0.0440806	0.07662	0.045913	0.0441916	0.07673	0.0647542	0.07665	0.0870283	0.0847684
	0.0455725	0.0292816	0.0323353	0.0370677	0.0331106	0.0307696	0.0414245	0.0349458	0.0623457	0.0355068	0.0340941	0.0624429	0.0520437	0.0613957	0.0705798	0.0684841
	0.0453022	0.0298102	0.033525	0.0379426	0.034458	0.0316017	0.0417546	0.0353061	0.0621666	0.0360114	0.034263	0.0622665	0.0514759	0.0609921	0.0701585	0.0677235
	0.1526	0.108557	0.116909	0.128854	0.11971	0.113912	0.139932	0.121543	0.197928	0.125737	0.121153	0.198197	0.169252	0.199178	0.225985	0.218203
	0.1526	0.108557	0.116909	0.128854	0.11971	0.113912	0.139932	0.121543	0.197928	0.125737	0.121153	0.198197	0.169252	0.199178	0.225985	0.218203
	0.0453022	0.0298102	0.033525	0.0379426	0.034458	0.0316017	0.0417546	0.0353061	0.0621666	0.0360114	0.034263	0.0622665	0.0514759	0.0609921	0.0701585	0.0677235
	0.0542944	0.0360232	0.0394416	0.044771	0.040291	0.0376566	0.0482748	0.0410655	0.0746097	0.0429916	0.0400714	0.0731621	0.0615188	0.0734625	0.0837474	0.0814244
	0.0455725	0.0292816	0.0323353	0.0370677	0.0331106	0.0307696	0.0414245	0.0349458	0.0623457	0.0355068	0.0340941	0.0624429	0.0520437	0.0613957	0.0705798	0.0684841
	0.0453022	0.0298102	0.033525	0.0379426	0.034458	0.0316017	0.0417546	0.0353061	0.0621666	0.0360114	0.034263	0.0622665	0.0514759	0.0609921	0.0701585	0.0677235
	0.0610934	0.0418563	0.0445048	0.0511128	0.0455284	0.0438319	0.0554302	0.04815	0.0820774	0.0488679	0.0468438	0.0822121	0.0681165	0.0823942	0.0928668	0.0901237
loop 31
	0.0455933	0.0293005	0.0323572	0.0370908	0.0331301	0.0307871	0.0414469	0.0349666	0.0623781	0.0355284	0.0341143	0.0624753	0.0520687	0.0614274	0.0706182	0.068521
	0.0541096	0.0358884	0.0392976	0.0446142	0.0401459	0.0375153	0.0494976	0.0409194	0.074366	0.0428401	0.0412461	0.0744833	0.061319	0.0732239	0.0851111	0.0811592
	0.149394	0.0968143	0.106179	0.122067	0.110774	0.102831	0.134592	0.111994	0.199445	0.115859	0.110133	0.199781	0.16597	0.198243	0.223709	0.219323
	0.0541096	0.0358884	0.0392976	0.0446142	0.0401459	0.0375153	0.0494976	0.0409194	0.074366	0.0428401	0.0412461	0.0744833	0.061319	0.0732239	0.0851111	0.0811592
	0.0594112	0.0387014	0.0430944	0.0492292	0.043891	0.0402145	0.0537662	0.0445249	0.0828221	0.0463419	0.0436552	0.0813936	0.0676006	0.0803171	0.0931559	0.09092
	0.0455933	0.0293005	0.0323572	0.0370908	0.0331301	0.0307871	0.0414469	0.0349666	0.0623781	0.0355284	0.0341143	0.0624753	0.0520687	0.0614274	0.0706182	0.068521
	0.058026	0.0395868	0.0429867	0.0484619	0.0450771	0.0423752	0.0533688	0.0460208	0.0785606	0.0478639	0.0448391	0.078675	0.0652536	0.0786022	0.0889699	0.0867194
	0.0455933	0.0293005	0.0323572	0.0370908	0.0331301	0.0307871	0.0414469	0.0349666	0.0623781	0.0355284	0.0341143	0.0624753	0.0520687	0.0614274	0.0706182	0.068521
	0.0453061	0.0298123	0.033525	0.0379456	0.034458	0.031604	0.0417546	0.0353061	0.0621666	0.0360086	0.034263	0.0622665	0.0514759	0.0609921	0.0701585	0.0677235
	0.160978	0.114052	0.12215	0.13569	0.12489	0.119292	0.146455	0.126606	0.212262	0.13276	0.126298	0.210146	0.179494	0.211221	0.240101	0.234887
	0.160978	0.114052	0.12215	0.13569	0.12489	0.119292	0.146455	0.126606	0.212262	0.13276	0.126298	0.210146	0.179494	0.211221	0.240101	0.234887
	0.0453061	0.0298123	0.033525	0.0379456	0.034458	0.031604	0.0417546	0.0353061	0.0621666	0.0360086	0.034263	0.0622665	0.0514759	0.0609921	0.0701585	0.0677235
	0.0541096	0.0358884	0.0392976	0.0446142	0.0401459	0.0375153	0.0494976	0.0409194	0.074366	0.0428401	0.0412461	0.0744833	0.061319	0.0732239	0.0851111	0.0811592
	0.0455933	0.0293005	0.0323572	0.0370908	0.0331301	0.0307871	0.0414469	0.0349666	0.0623781	0.0355284	0.0341143	0.0624753	0.0520687	0.0614274	0.0706182	0.068521
	0.0453061	0.0298123	0.033525	0.0379456	0.034458	0.031604	0.0417546	0.0353061	0.0621666	0.0360086	0.034263	0.0622665	0.0514759	0.0609921	0.0701585	0.0677235
	0.0598014	0.0406799	0.0448849	0.0498913	0.0459152	0.0426555	0.0541886	0.0469413	0.082521	0.0476676	0.0456562	0.0808086	0.068518	0.0810255	0.0914412	0.0887046

work load: wupwise.mips equake.mips gzip.mips equake.mips crafty.mips wupwise.mips ammp.mips wupwise.mips mcf.mips gcc.mips gcc.mips mcf.mips equake.mips wupwise.mips mcf.mips vortex.mips
