loop 0
	0.0533433	0.0358026	0.0393689	0.0449208	0.0402578	0.0375097	0.0485612	0.0410616	0.0743139	0.0430682	0.040035	0.0728148	0.0608	0.0731461	0.08377	0.0813651
	0.0571338	0.0372492	0.0404521	0.0467553	0.042532	0.0387783	0.0513948	0.043247	0.0779988	0.0450819	0.0423055	0.0781132	0.0640254	0.0769155	0.0883416	0.0861016
	0.0453141	0.0298271	0.0335375	0.0379577	0.0344711	0.0316201	0.041765	0.0353169	0.0621728	0.0360226	0.0342734	0.0622727	0.0514855	0.0609982	0.0701659	0.0677305
	0.0608913	0.0417834	0.0459892	0.0509739	0.0470213	0.0437566	0.0552641	0.0480492	0.0835839	0.0487637	0.0467533	0.0837216	0.0696059	0.0821012	0.0943977	0.0916531
	0.0378942	0.0249412	0.0283393	0.0311522	0.0279969	0.0265943	0.0346272	0.0287585	0.051918	0.0306375	0.029035	0.0520056	0.0435386	0.0508919	0.0592524	0.057024
	0.149394	0.0968098	0.106168	0.122061	0.110763	0.102827	0.134592	0.111988	0.199458	0.115847	0.110122	0.199781	0.16598	0.198243	0.223725	0.219323
	0.0453141	0.0298271	0.0335375	0.0379577	0.0344711	0.0316201	0.041765	0.0353169	0.0621728	0.0360226	0.0342734	0.0622727	0.0514855	0.0609982	0.0701659	0.0677305
	0.0378942	0.0249412	0.0283393	0.0311522	0.0279969	0.0265943	0.0346272	0.0287585	0.051918	0.0306375	0.029035	0.0520056	0.0435386	0.0508919	0.0592524	0.057024
	0.0533433	0.0358026	0.0393689	0.0449208	0.0402578	0.0375097	0.0485612	0.0410616	0.0743139	0.0430682	0.040035	0.0728148	0.0608	0.0731461	0.08377	0.0813651
	0.0571338	0.0372492	0.0404521	0.0467553	0.042532	0.0387783	0.0513948	0.043247	0.0779988	0.0450819	0.0423055	0.0781132	0.0640254	0.0769155	0.0883416	0.0861016
	0.168848	0.117743	0.127386	0.142354	0.130046	0.124769	0.154797	0.133607	0.225305	0.137581	0.133416	0.22562	0.188976	0.224571	0.257645	0.247506
	0.07285	0.0466339	0.0505239	0.0584439	0.0524318	0.0491288	0.0650884	0.054194	0.101811	0.0558272	0.0521717	0.10042	0.0817721	0.0994213	0.114628	0.112531
	0.0571338	0.0372492	0.0404521	0.0467553	0.042532	0.0387783	0.0513948	0.043247	0.0779988	0.0450819	0.0423055	0.0781132	0.0640254	0.0769155	0.0883416	0.0861016
	0.07285	0.0466339	0.0505239	0.0584439	0.0524318	0.0491288	0.0650884	0.054194	0.101811	0.0558272	0.0521717	0.10042	0.0817721	0.0994213	0.114628	0.112531
	0.0453141	0.0298271	0.0335375	0.0379577	0.0344711	0.0316201	0.041765	0.0353169	0.0621728	0.0360226	0.0342734	0.0622727	0.0514855	0.0609982	0.0701659	0.0677305
	0.0378942	0.0249412	0.0283393	0.0311522	0.0279969	0.0265943	0.0346272	0.0287585	0.051918	0.0306375	0.029035	0.0520056	0.0435386	0.0508919	0.0592524	0.057024
loop 1
	0.0536311	0.034694	0.0382375	0.0437662	0.0391267	0.0363968	0.0473994	0.0399306	0.0730715	0.0419245	0.0402612	0.0731792	0.0596016	0.0719118	0.0825048	0.0800988
	0.0553984	0.036735	0.0399718	0.0450105	0.0407798	0.0382816	0.0496509	0.0414979	0.0763	0.0433368	0.0405586	0.0748992	0.062308	0.0752227	0.0866719	0.0828543
	0.0453101	0.0298208	0.0335325	0.0379577	0.0344659	0.0316132	0.041765	0.0353142	0.0621791	0.0360198	0.0342682	0.0622789	0.0514807	0.0609982	0.0701659	0.0677305
	0.0578271	0.0387575	0.0429641	0.0479232	0.0440012	0.0407502	0.0522035	0.0449889	0.0786713	0.0457336	0.0437503	0.0788044	0.0648056	0.0772425	0.089491	0.0867391
	0.0381169	0.0251002	0.0273133	0.0313421	0.0281692	0.0267624	0.0335807	0.0289382	0.0522082	0.0296091	0.0280101	0.0522958	0.042455	0.0511797	0.058112	0.0573361
	0.149394	0.0968098	0.106168	0.122067	0.110763	0.102827	0.134592	0.111988	0.199431	0.115847	0.110122	0.199768	0.16597	0.198203	0.223693	0.219308
	0.0453101	0.0298208	0.0335325	0.0379577	0.0344659	0.0316132	0.041765	0.0353142	0.0621791	0.0360198	0.0342682	0.0622789	0.0514807	0.0609982	0.0701659	0.0677305
	0.0381169	0.0251002	0.0273133	0.0313421	0.0281692	0.0267624	0.0335807	0.0289382	0.0522082	0.0296091	0.0280101	0.0522958	0.042455	0.0511797	0.058112	0.0573361
	0.0536311	0.034694	0.0382375	0.0437662	0.0391267	0.0363968	0.0473994	0.0399306	0.0730715	0.0419245	0.0402612	0.0731792	0.0596016	0.0719118	0.0825048	0.0800988
	0.0553984	0.036735	0.0399718	0.0450105	0.0407798	0.0382816	0.0496509	0.0414979	0.0763	0.0433368	0.0405586	0.0748992	0.062308	0.0752227	0.0866719	0.0828543
	0.176815	0.122777	0.132552	0.147775	0.137274	0.129866	0.160402	0.138911	0.234354	0.142906	0.138656	0.232195	0.197318	0.233478	0.267069	0.256814
	0.0717756	0.0456355	0.0507306	0.0586809	0.0514171	0.0481216	0.0640395	0.0531698	0.100668	0.056049	0.0523885	0.099282	0.0820816	0.098281	0.115049	0.111366
	0.0553984	0.036735	0.0399718	0.0450105	0.0407798	0.0382816	0.0496509	0.0414979	0.0763	0.0433368	0.0405586	0.0748992	0.062308	0.0752227	0.0866719	0.0828543
	0.0717756	0.0456355	0.0507306	0.0586809	0.0514171	0.0481216	0.0640395	0.0531698	0.100668	0.056049	0.0523885	0.099282	0.0820816	0.098281	0.115049	0.111366
	0.0453101	0.0298208	0.0335325	0.0379577	0.0344659	0.0316132	0.041765	0.0353142	0.0621791	0.0360198	0.0342682	0.0622789	0.0514807	0.0609982	0.0701659	0.0677305
	0.0381169	0.0251002	0.0273133	0.0313421	0.0281692	0.0267624	0.0335807	0.0289382	0.0522082	0.0296091	0.0280101	0.0522958	0.042455	0.0511797	0.058112	0.0573361
loop 2
	0.0523636	0.0348232	0.0383869	0.0439289	0.0392781	0.0365329	0.0475789	0.0400837	0.0717336	0.0420845	0.0390594	0.0718389	0.05982	0.0705761	0.0827988	0.0787415
	0.0543778	0.0357526	0.0389858	0.04532	0.0397892	0.0372996	0.0486431	0.0417853	0.0752619	0.0423403	0.0408412	0.0753697	0.0612685	0.0741717	0.0856138	0.0818055
	0.0453061	0.029825	0.0335325	0.0379547	0.0344659	0.0316178	0.0417616	0.0353142	0.0621666	0.036017	0.0342708	0.0622665	0.0514807	0.0609921	0.0701585	0.0677235
	0.063538	0.0428068	0.0454275	0.051966	0.0480312	0.0447712	0.056251	0.0490577	0.0844414	0.0497683	0.0477612	0.0845739	0.0705088	0.0848057	0.09714	0.0924717
	0.03915	0.024919	0.0283105	0.0323588	0.0279704	0.02657	0.0345909	0.0299429	0.0532856	0.0306125	0.0290074	0.0519563	0.0435006	0.0522465	0.0591999	0.0584256
	0.149377	0.0968008	0.106158	0.122054	0.110758	0.102817	0.134585	0.111977	0.199445	0.115841	0.110111	0.199781	0.16597	0.198203	0.223709	0.219323
	0.0453061	0.029825	0.0335325	0.0379547	0.0344659	0.0316178	0.0417616	0.0353142	0.0621666	0.036017	0.0342708	0.0622665	0.0514807	0.0609921	0.0701585	0.0677235
	0.03915	0.024919	0.0283105	0.0323588	0.0279704	0.02657	0.0345909	0.0299429	0.0532856	0.0306125	0.0290074	0.0519563	0.0435006	0.0522465	0.0591999	0.0584256
	0.0523636	0.0348232	0.0383869	0.0439289	0.0392781	0.0365329	0.0475789	0.0400837	0.0717336	0.0420845	0.0390594	0.0718389	0.05982	0.0705761	0.0827988	0.0787415
	0.0543778	0.0357526	0.0389858	0.04532	0.0397892	0.0372996	0.0486431	0.0417853	0.0752619	0.0423403	0.0408412	0.0753697	0.0612685	0.0741717	0.0856138	0.0818055
	0.129234	0.08841	0.0958318	0.108101	0.0984208	0.0933853	0.117911	0.0998004	0.171557	0.103676	0.099741	0.169622	0.144178	0.171163	0.195184	0.188028
	0.0727531	0.0463055	0.0514677	0.0582154	0.052165	0.0488256	0.064923	0.053939	0.100415	0.0555864	0.0531471	0.100536	0.081757	0.099551	0.114877	0.111175
	0.0543778	0.0357526	0.0389858	0.04532	0.0397892	0.0372996	0.0486431	0.0417853	0.0752619	0.0423403	0.0408412	0.0753697	0.0612685	0.0741717	0.0856138	0.0818055
	0.0727531	0.0463055	0.0514677	0.0582154	0.052165	0.0488256	0.064923	0.053939	0.100415	0.0555864	0.0531471	0.100536	0.081757	0.099551	0.114877	0.111175
	0.0453061	0.029825	0.0335325	0.0379547	0.0344659	0.0316178	0.0417616	0.0353142	0.0621666	0.036017	0.0342708	0.0622665	0.0514807	0.0609921	0.0701585	0.0677235
	0.03915	0.024919	0.0283105	0.0323588	0.0279704	0.02657	0.0345909	0.0299429	0.0532856	0.0306125	0.0290074	0.0519563	0.0435006	0.0522465	0.0591999	0.0584256
loop 3
	0.0523688	0.0348372	0.0383967	0.0439408	0.0392848	0.036545	0.0475834	0.0400872	0.0717336	0.042092	0.0390695	0.0718389	0.0598262	0.0705761	0.0827988	0.0803905
	0.0551616	0.0365575	0.0397813	0.0461139	0.0405873	0.0380993	0.0507712	0.0425843	0.07599	0.0444274	0.0416374	0.07611	0.0634698	0.074909	0.0863273	0.0840815
	0.0452903	0.0298102	0.0335175	0.0379365	0.0344502	0.0316017	0.0417442	0.0352953	0.0621479	0.0360001	0.0342552	0.0622477	0.0514616	0.0609738	0.0701363	0.0677023
	0.061907	0.0413401	0.0455082	0.0520397	0.046527	0.0432956	0.0563111	0.0475344	0.0844745	0.0498413	0.0478476	0.084607	0.0705792	0.0830088	0.0952461	0.0925093
	0.038772	0.0257953	0.0279991	0.0320181	0.028853	0.0274509	0.0355027	0.0296211	0.0542309	0.0315085	0.0298973	0.0528975	0.0444268	0.0531844	0.0601395	0.0593705
	0.14942	0.0968367	0.106205	0.122099	0.110801	0.102856	0.134622	0.112022	0.199485	0.115882	0.110155	0.199822	0.165991	0.198269	0.223756	0.219354
	0.0452903	0.0298102	0.0335175	0.0379365	0.0344502	0.0316017	0.0417442	0.0352953	0.0621479	0.0360001	0.0342552	0.0622477	0.0514616	0.0609738	0.0701363	0.0677023
	0.038772	0.0257953	0.0279991	0.0320181	0.028853	0.0274509	0.0355027	0.0296211	0.0542309	0.0315085	0.0298973	0.0528975	0.0444268	0.0531844	0.0601395	0.0593705
	0.0523688	0.0348372	0.0383967	0.0439408	0.0392848	0.036545	0.0475834	0.0400872	0.0717336	0.042092	0.0390695	0.0718389	0.0598262	0.0705761	0.0827988	0.0803905
	0.0551616	0.0365575	0.0397813	0.0461139	0.0405873	0.0380993	0.0507712	0.0425843	0.07599	0.0444274	0.0416374	0.07611	0.0634698	0.074909	0.0863273	0.0840815
	0.137363	0.0952673	0.102911	0.115568	0.105545	0.100334	0.123734	0.107055	0.180877	0.111012	0.106902	0.18111	0.152679	0.180384	0.207322	0.199988
	0.0727813	0.0465791	0.0516923	0.0583847	0.052374	0.0490697	0.0650198	0.0541335	0.101703	0.0557638	0.0533473	0.101846	0.0816914	0.0993342	0.116108	0.112429
	0.0551616	0.0365575	0.0397813	0.0461139	0.0405873	0.0380993	0.0507712	0.0425843	0.07599	0.0444274	0.0416374	0.07611	0.0634698	0.074909	0.0863273	0.0840815
	0.0727813	0.0465791	0.0516923	0.0583847	0.052374	0.0490697	0.0650198	0.0541335	0.101703	0.0557638	0.0533473	0.101846	0.0816914	0.0993342	0.116108	0.112429
	0.0452903	0.0298102	0.0335175	0.0379365	0.0344502	0.0316017	0.0417442	0.0352953	0.0621479	0.0360001	0.0342552	0.0622477	0.0514616	0.0609738	0.0701363	0.0677023
	0.038772	0.0257953	0.0279991	0.0320181	0.028853	0.0274509	0.0355027	0.0296211	0.0542309	0.0315085	0.0298973	0.0528975	0.0444268	0.0531844	0.0601395	0.0593705
loop 4
	0.0523947	0.0348541	0.0384162	0.0439606	0.0393083	0.0365662	0.0476058	0.0401116	0.0717579	0.042118	0.0390897	0.0718713	0.0598512	0.0706078	0.0828283	0.0787692
	0.0581914	0.0382035	0.0414219	0.0477654	0.0422227	0.0397337	0.0524242	0.0442332	0.0791325	0.0447677	0.0432784	0.0792492	0.0650997	0.0780404	0.0895014	0.0872531
	0.0452863	0.0311093	0.0335075	0.0379305	0.0344424	0.0315901	0.0417372	0.0352872	0.0621479	0.0359917	0.0342448	0.062254	0.0514616	0.0609738	0.0701437	0.0677023
	0.0755133	0.0511763	0.0553718	0.0620296	0.0563712	0.0530745	0.0680678	0.0591185	0.102503	0.0597459	0.0577176	0.10069	0.0843917	0.100817	0.115419	0.110618
	0.0379464	0.0249763	0.0283768	0.0311938	0.0280344	0.0266308	0.0346756	0.0288	0.0520001	0.0306825	0.0290742	0.0520822	0.0436062	0.0523725	0.0593377	0.0571052
	0.14942	0.0968322	0.106194	0.122093	0.110796	0.102851	0.134622	0.112016	0.199458	0.115876	0.11015	0.199795	0.166001	0.198269	0.223725	0.219323
	0.0452863	0.0311093	0.0335075	0.0379305	0.0344424	0.0315901	0.0417372	0.0352872	0.0621479	0.0359917	0.0342448	0.062254	0.0514616	0.0609738	0.0701437	0.0677023
	0.0379464	0.0249763	0.0283768	0.0311938	0.0280344	0.0266308	0.0346756	0.0288	0.0520001	0.0306825	0.0290742	0.0520822	0.0436062	0.0523725	0.0593377	0.0571052
	0.0523947	0.0348541	0.0384162	0.0439606	0.0393083	0.0365662	0.0476058	0.0401116	0.0717579	0.042118	0.0390897	0.0718713	0.0598512	0.0706078	0.0828283	0.0787692
	0.0581914	0.0382035	0.0414219	0.0477654	0.0422227	0.0397337	0.0524242	0.0442332	0.0791325	0.0447677	0.0432784	0.0792492	0.0650997	0.0780404	0.0895014	0.0872531
	0.141424	0.0973375	0.106851	0.11764	0.109503	0.10239	0.127746	0.111012	0.187281	0.114973	0.108948	0.185287	0.156773	0.186736	0.211471	0.206486
	0.0707143	0.0458312	0.0497307	0.0576523	0.0516358	0.0483264	0.0642988	0.0533991	0.0995259	0.0550289	0.0526125	0.0996653	0.0809899	0.0986586	0.113882	0.11022
	0.0581914	0.0382035	0.0414219	0.0477654	0.0422227	0.0397337	0.0524242	0.0442332	0.0791325	0.0447677	0.0432784	0.0792492	0.0650997	0.0780404	0.0895014	0.0872531
	0.0707143	0.0458312	0.0497307	0.0576523	0.0516358	0.0483264	0.0642988	0.0533991	0.0995259	0.0550289	0.0526125	0.0996653	0.0809899	0.0986586	0.113882	0.11022
	0.0452863	0.0311093	0.0335075	0.0379305	0.0344424	0.0315901	0.0417372	0.0352872	0.0621479	0.0359917	0.0342448	0.062254	0.0514616	0.0609738	0.0701437	0.0677023
	0.0379464	0.0249763	0.0283768	0.0311938	0.0280344	0.0266308	0.0346756	0.0288	0.0520001	0.0306825	0.0290742	0.0520822	0.0436062	0.0523725	0.0593377	0.0571052
loop 5
	0.0523688	0.0348428	0.0383999	0.0439448	0.0392915	0.0365541	0.0475879	0.0400942	0.07332	0.0420994	0.0390729	0.0718308	0.05982	0.0705682	0.082789	0.0803811
	0.056254	0.036359	0.040833	0.0458689	0.0416374	0.0391473	0.0505069	0.0423577	0.07714	0.0441916	0.0414134	0.0772522	0.0631446	0.07605	0.0874951	0.0852522
	0.0473834	0.0318505	0.0342266	0.0386292	0.0351547	0.0323175	0.0424152	0.0360001	0.0642716	0.0366949	0.0349546	0.0643765	0.0535808	0.0630976	0.0722593	0.0698256
	0.0874322	0.0581042	0.0638662	0.0721821	0.064824	0.0615926	0.0781953	0.0676176	0.116354	0.0698944	0.0661795	0.116525	0.0981513	0.116592	0.13339	0.128521
	0.0379116	0.024956	0.0283547	0.0311678	0.0280123	0.0266085	0.0346453	0.0287747	0.0519453	0.030655	0.0290488	0.0520275	0.043564	0.0523177	0.0592786	0.057049
	0.149411	0.0968322	0.106194	0.122086	0.110796	0.102851	0.134615	0.112016	0.199458	0.115876	0.11015	0.199795	0.16598	0.198256	0.223725	0.219339
	0.0473834	0.0318505	0.0342266	0.0386292	0.0351547	0.0323175	0.0424152	0.0360001	0.0642716	0.0366949	0.0349546	0.0643765	0.0535808	0.0630976	0.0722593	0.0698256
	0.0379116	0.024956	0.0283547	0.0311678	0.0280123	0.0266085	0.0346453	0.0287747	0.0519453	0.030655	0.0290488	0.0520275	0.043564	0.0523177	0.0592786	0.057049
	0.0523688	0.0348428	0.0383999	0.0439448	0.0392915	0.0365541	0.0475879	0.0400942	0.07332	0.0420994	0.0390729	0.0718308	0.05982	0.0705682	0.082789	0.0803811
	0.056254	0.036359	0.040833	0.0458689	0.0416374	0.0391473	0.0505069	0.0423577	0.07714	0.0441916	0.0414134	0.0772522	0.0631446	0.07605	0.0874951	0.0852522
	0.144336	0.0995747	0.108846	0.121125	0.111448	0.10454	0.130994	0.112821	0.193575	0.116705	0.112792	0.191578	0.161428	0.193195	0.219892	0.21259
	0.0718317	0.0456711	0.0507719	0.0587317	0.0514594	0.04816	0.0640875	0.0532142	0.100739	0.054843	0.0524318	0.0993516	0.0807386	0.0983497	0.115112	0.111446
	0.056254	0.036359	0.040833	0.0458689	0.0416374	0.0391473	0.0505069	0.0423577	0.07714	0.0441916	0.0414134	0.0772522	0.0631446	0.07605	0.0874951	0.0852522
	0.0718317	0.0456711	0.0507719	0.0587317	0.0514594	0.04816	0.0640875	0.0532142	0.100739	0.054843	0.0524318	0.0993516	0.0807386	0.0983497	0.115112	0.111446
	0.0473834	0.0318505	0.0342266	0.0386292	0.0351547	0.0323175	0.0424152	0.0360001	0.0642716	0.0366949	0.0349546	0.0643765	0.0535808	0.0630976	0.0722593	0.0698256
	0.0379116	0.024956	0.0283547	0.0311678	0.0280123	0.0266085	0.0346453	0.0287747	0.0519453	0.030655	0.0290488	0.0520275	0.043564	0.0523177	0.0592786	0.057049
loop 6
	0.0535724	0.0346574	0.0382017	0.0437185	0.0390863	0.0363605	0.048774	0.0412524	0.0729887	0.0418836	0.040223	0.0730964	0.0595329	0.0718308	0.0824166	0.0800141
	0.0561622	0.0375156	0.0407429	0.0457807	0.0415486	0.039055	0.0504169	0.0422706	0.077038	0.0441037	0.042606	0.0771604	0.0630516	0.07595	0.0873862	0.0851472
	0.0452307	0.0310674	0.0334675	0.0378791	0.0344008	0.0315464	0.041685	0.0352466	0.062073	0.0359496	0.0342031	0.0621728	0.051395	0.0608948	0.0700549	0.0692372
	0.0993582	0.0676558	0.0735135	0.0838269	0.0762683	0.0712	0.0899251	0.0773581	0.135089	0.0796486	0.0758591	0.133156	0.112294	0.133234	0.15263	0.147616
	0.0391068	0.0260605	0.0282796	0.0323182	0.029141	0.0265397	0.0345546	0.0299093	0.0532238	0.0305775	0.0289751	0.0533081	0.0434499	0.0521918	0.0591343	0.0583552
	0.149386	0.0968143	0.106174	0.122067	0.110774	0.102831	0.134592	0.111994	0.199431	0.115853	0.110128	0.199768	0.16596	0.198216	0.223693	0.219308
	0.0452307	0.0310674	0.0334675	0.0378791	0.0344008	0.0315464	0.041685	0.0352466	0.062073	0.0359496	0.0342031	0.0621728	0.051395	0.0608948	0.0700549	0.0692372
	0.0391068	0.0260605	0.0282796	0.0323182	0.029141	0.0265397	0.0345546	0.0299093	0.0532238	0.0305775	0.0289751	0.0533081	0.0434499	0.0521918	0.0591343	0.0583552
	0.0535724	0.0346574	0.0382017	0.0437185	0.0390863	0.0363605	0.048774	0.0412524	0.0729887	0.0418836	0.040223	0.0730964	0.0595329	0.0718308	0.0824166	0.0800141
	0.0561622	0.0375156	0.0407429	0.0457807	0.0415486	0.039055	0.0504169	0.0422706	0.077038	0.0441037	0.042606	0.0771604	0.0630516	0.07595	0.0873862	0.0851472
	0.125484	0.0863784	0.093818	0.1062	0.0964161	0.0913575	0.11418	0.0978088	0.167814	0.1017	0.0977516	0.168052	0.140392	0.167435	0.1915	0.184318
	0.0719329	0.0457482	0.0508546	0.0575447	0.051537	0.0482368	0.0641835	0.0532956	0.0993516	0.0549282	0.0525113	0.099491	0.0808444	0.098487	0.113695	0.110021
	0.0561622	0.0375156	0.0407429	0.0457807	0.0415486	0.039055	0.0504169	0.0422706	0.077038	0.0441037	0.042606	0.0771604	0.0630516	0.07595	0.0873862	0.0851472
	0.0719329	0.0457482	0.0508546	0.0575447	0.051537	0.0482368	0.0641835	0.0532956	0.0993516	0.0549282	0.0525113	0.099491	0.0808444	0.098487	0.113695	0.110021
	0.0452307	0.0310674	0.0334675	0.0378791	0.0344008	0.0315464	0.041685	0.0352466	0.062073	0.0359496	0.0342031	0.0621728	0.051395	0.0608948	0.0700549	0.0692372
	0.0391068	0.0260605	0.0282796	0.0323182	0.029141	0.0265397	0.0345546	0.0299093	0.0532238	0.0305775	0.0289751	0.0533081	0.0434499	0.0521918	0.0591343	0.0583552
loop 7
	0.0547052	0.0357297	0.0392882	0.0448266	0.0401777	0.0374376	0.0484688	0.0409788	0.0741616	0.0429798	0.0399549	0.0742716	0.0606784	0.072997	0.0836	0.0811922
	0.0581225	0.0381923	0.041405	0.0477239	0.0422009	0.0397257	0.0523709	0.0442054	0.0790158	0.0460453	0.0432605	0.0791325	0.0650187	0.077926	0.0909664	0.0871321
	0.0452387	0.0310696	0.03347	0.0378851	0.0344008	0.031551	0.0416919	0.0352493	0.0620855	0.0359524	0.0342058	0.0621853	0.0514045	0.0609069	0.0700697	0.0692516
	0.100011	0.0680678	0.073981	0.0825228	0.0749206	0.0715739	0.0905288	0.0778725	0.133882	0.0801427	0.0763032	0.131969	0.110988	0.131891	0.151278	0.146305
	0.0388692	0.0258688	0.0280742	0.0320992	0.028929	0.027527	0.0355936	0.0297004	0.0529481	0.0303625	0.0287654	0.0530325	0.0445401	0.051907	0.0602941	0.0580608
	0.149377	0.0968008	0.106153	0.122054	0.110752	0.102817	0.134578	0.111977	0.199445	0.115835	0.110106	0.199781	0.16596	0.19823	0.223709	0.219323
	0.0452387	0.0310696	0.03347	0.0378851	0.0344008	0.031551	0.0416919	0.0352493	0.0620855	0.0359524	0.0342058	0.0621853	0.0514045	0.0609069	0.0700697	0.0692516
	0.0388692	0.0258688	0.0280742	0.0320992	0.028929	0.027527	0.0355936	0.0297004	0.0529481	0.0303625	0.0287654	0.0530325	0.0445401	0.051907	0.0602941	0.0580608
	0.0547052	0.0357297	0.0392882	0.0448266	0.0401777	0.0374376	0.0484688	0.0409788	0.0741616	0.0429798	0.0399549	0.0742716	0.0606784	0.072997	0.0836	0.0811922
	0.0581225	0.0381923	0.041405	0.0477239	0.0422009	0.0397257	0.0523709	0.0442054	0.0790158	0.0460453	0.0432605	0.0791325	0.0650187	0.077926	0.0909664	0.0871321
	0.128402	0.08912	0.0965959	0.107178	0.0992023	0.0941208	0.117069	0.100632	0.170912	0.104542	0.100537	0.171155	0.143381	0.170522	0.194642	0.189701
	0.0714971	0.0451856	0.0503157	0.0583148	0.0510062	0.0476875	0.0636989	0.0527714	0.0990533	0.0556716	0.0519816	0.0991734	0.0804582	0.098189	0.113451	0.10978
	0.0581225	0.0381923	0.041405	0.0477239	0.0422009	0.0397257	0.0523709	0.0442054	0.0790158	0.0460453	0.0432605	0.0791325	0.0650187	0.077926	0.0909664	0.0871321
	0.0714971	0.0451856	0.0503157	0.0583148	0.0510062	0.0476875	0.0636989	0.0527714	0.0990533	0.0556716	0.0519816	0.0991734	0.0804582	0.098189	0.113451	0.10978
	0.0452387	0.0310696	0.03347	0.0378851	0.0344008	0.031551	0.0416919	0.0352493	0.0620855	0.0359524	0.0342058	0.0621853	0.0514045	0.0609069	0.0700697	0.0692516
	0.0388692	0.0258688	0.0280742	0.0320992	0.028929	0.027527	0.0355936	0.0297004	0.0529481	0.0303625	0.0287654	0.0530325	0.0445401	0.051907	0.0602941	0.0580608
loop 8
	0.0538016	0.034826	0.0383804	0.043917	0.0392713	0.0365359	0.047561	0.0400698	0.0732703	0.0420733	0.0390527	0.0717822	0.0597825	0.0721143	0.0827302	0.0803246
	0.0560506	0.0374148	0.0406405	0.0469872	0.041443	0.0389513	0.0516605	0.0434535	0.0784462	0.0439974	0.0425015	0.0770278	0.064374	0.077344	0.0888467	0.0850072
	0.0452585	0.0310895	0.0334875	0.0379093	0.0344216	0.0315717	0.0417163	0.0352683	0.0621104	0.0359721	0.034224	0.0622103	0.0514283	0.0609313	0.0700919	0.06766
	0.0575319	0.0386379	0.0428098	0.0477252	0.0438444	0.0406238	0.05197	0.0448167	0.0781831	0.0455587	0.0435935	0.0783088	0.06444	0.0767945	0.0889343	0.0861974
	0.0390996	0.0260469	0.0282664	0.0323047	0.0291249	0.0265255	0.0345455	0.0298949	0.0532125	0.0305625	0.028959	0.0518906	0.0434414	0.0521808	0.0591212	0.0583488
	0.149386	0.0968143	0.106168	0.122067	0.110769	0.102831	0.134592	0.111988	0.199445	0.115847	0.110122	0.199781	0.16597	0.19823	0.223709	0.219308
	0.0452585	0.0310895	0.0334875	0.0379093	0.0344216	0.0315717	0.0417163	0.0352683	0.0621104	0.0359721	0.034224	0.0622103	0.0514283	0.0609313	0.0700919	0.06766
	0.0390996	0.0260469	0.0282664	0.0323047	0.0291249	0.0265255	0.0345455	0.0298949	0.0532125	0.0305625	0.028959	0.0518906	0.0434414	0.0521808	0.0591212	0.0583488
	0.0538016	0.034826	0.0383804	0.043917	0.0392713	0.0365359	0.047561	0.0400698	0.0732703	0.0420733	0.0390527	0.0717822	0.0597825	0.0721143	0.0827302	0.0803246
	0.0560506	0.0374148	0.0406405	0.0469872	0.041443	0.0389513	0.0516605	0.0434535	0.0784462	0.0439974	0.0425015	0.0770278	0.064374	0.077344	0.0888467	0.0850072
	0.133694	0.0919818	0.101392	0.112086	0.10216	0.0970116	0.122116	0.10362	0.176866	0.107542	0.103509	0.177093	0.148871	0.176335	0.200794	0.195855
	0.0703256	0.0453185	0.0492403	0.0572022	0.0511508	0.0478248	0.0625674	0.0529231	0.0977834	0.0545649	0.0508959	0.0979017	0.0792572	0.0969172	0.112132	0.108468
	0.0560506	0.0374148	0.0406405	0.0469872	0.041443	0.0389513	0.0516605	0.0434535	0.0784462	0.0439974	0.0425015	0.0770278	0.064374	0.077344	0.0888467	0.0850072
	0.0703256	0.0453185	0.0492403	0.0572022	0.0511508	0.0478248	0.0625674	0.0529231	0.0977834	0.0545649	0.0508959	0.0979017	0.0792572	0.0969172	0.112132	0.108468
	0.0452585	0.0310895	0.0334875	0.0379093	0.0344216	0.0315717	0.0417163	0.0352683	0.0621104	0.0359721	0.034224	0.0622103	0.0514283	0.0609313	0.0700919	0.06766
	0.0390996	0.0260469	0.0282664	0.0323047	0.0291249	0.0265255	0.0345455	0.0298949	0.0532125	0.0305625	0.028959	0.0518906	0.0434414	0.0521808	0.0591212	0.0583488
loop 9
	0.0538069	0.0348176	0.0383739	0.043917	0.0392646	0.0365269	0.047561	0.0400663	0.0732951	0.0420696	0.040404	0.0718065	0.0597888	0.0721305	0.0827596	0.0803435
	0.0563721	0.0364565	0.0396702	0.0459767	0.0417472	0.0379951	0.050625	0.0424666	0.0772828	0.0443025	0.0415233	0.077395	0.0632762	0.0762	0.0876524	0.0854038
	0.0452426	0.031074	0.0334675	0.0378912	0.0344008	0.0315556	0.0416954	0.035252	0.0620917	0.0359552	0.0342058	0.0621916	0.0514093	0.060913	0.0700771	0.0692589
	0.0645525	0.043788	0.047988	0.0529477	0.0490093	0.0457437	0.0589029	0.0500335	0.0873635	0.0523551	0.0487339	0.0875019	0.073305	0.0858165	0.0981744	0.0954225
	0.0391644	0.0249245	0.0283194	0.0311314	0.0279792	0.0265761	0.034603	0.0287447	0.0533025	0.0306225	0.0290166	0.0519727	0.0435175	0.0522629	0.0592196	0.0584448
	0.14942	0.0968322	0.106189	0.122093	0.11079	0.102851	0.134622	0.112011	0.199472	0.115876	0.110144	0.199808	0.166011	0.198269	0.22374	0.219339
	0.0452426	0.031074	0.0334675	0.0378912	0.0344008	0.0315556	0.0416954	0.035252	0.0620917	0.0359552	0.0342058	0.0621916	0.0514093	0.060913	0.0700771	0.0692589
	0.0391644	0.0249245	0.0283194	0.0311314	0.0279792	0.0265761	0.034603	0.0287447	0.0533025	0.0306225	0.0290166	0.0519727	0.0435175	0.0522629	0.0592196	0.0584448
	0.0538069	0.0348176	0.0383739	0.043917	0.0392646	0.0365269	0.047561	0.0400663	0.0732951	0.0420696	0.040404	0.0718065	0.0597888	0.0721305	0.0827596	0.0803435
	0.0563721	0.0364565	0.0396702	0.0459767	0.0417472	0.0379951	0.050625	0.0424666	0.0772828	0.0443025	0.0415233	0.077395	0.0632762	0.0762	0.0876524	0.0854038
	0.138054	0.0964611	0.10399	0.116513	0.106606	0.101459	0.126534	0.108061	0.18335	0.111963	0.107942	0.183592	0.155304	0.182758	0.20958	0.202309
	0.0702175	0.0452376	0.049155	0.0571131	0.0510682	0.0465426	0.062466	0.0516005	0.0976482	0.0544741	0.0508133	0.0977834	0.0791423	0.0952893	0.111991	0.108314
	0.0563721	0.0364565	0.0396702	0.0459767	0.0417472	0.0379951	0.050625	0.0424666	0.0772828	0.0443025	0.0415233	0.077395	0.0632762	0.0762	0.0876524	0.0854038
	0.0702175	0.0452376	0.049155	0.0571131	0.0510682	0.0465426	0.062466	0.0516005	0.0976482	0.0544741	0.0508133	0.0977834	0.0791423	0.0952893	0.111991	0.108314
	0.0452426	0.031074	0.0334675	0.0378912	0.0344008	0.0315556	0.0416954	0.035252	0.0620917	0.0359552	0.0342058	0.0621916	0.0514093	0.060913	0.0700771	0.0692589
	0.0391644	0.0249245	0.0283194	0.0311314	0.0279792	0.0265761	0.034603	0.0287447	0.0533025	0.0306225	0.0290166	0.0519727	0.0435175	0.0522629	0.0592196	0.0584448
loop 10
	0.053727	0.0347614	0.0383122	0.0438495	0.0392007	0.0364694	0.0474891	0.0400071	0.0731958	0.0420064	0.0403413	0.0717093	0.0597076	0.0720333	0.082642	0.08024
	0.0561425	0.0375192	0.040747	0.0457758	0.0415529	0.0390627	0.0504056	0.0422706	0.0770073	0.0441037	0.0426104	0.0771196	0.064469	0.07592	0.0873499	0.0851122
	0.0452466	0.031085	0.03348	0.0379002	0.0344112	0.0315648	0.0417059	0.0352602	0.0620917	0.0359636	0.0342162	0.0621916	0.051414	0.060913	0.0700697	0.0676388
	0.13868	0.0936001	0.10174	0.115315	0.104782	0.0994916	0.126349	0.10602	0.185176	0.110567	0.10634	0.182963	0.154895	0.182834	0.209597	0.204031
	0.0390888	0.0248764	0.0282642	0.032302	0.027924	0.0265255	0.0345394	0.0298949	0.0532012	0.0305625	0.028959	0.0518796	0.043433	0.0521699	0.059108	0.058336
	0.14942	0.0968322	0.106189	0.122086	0.110785	0.102851	0.134615	0.112011	0.199472	0.11587	0.110144	0.199795	0.166001	0.198269	0.22374	0.219339
	0.0452466	0.031085	0.03348	0.0379002	0.0344112	0.0315648	0.0417059	0.0352602	0.0620917	0.0359636	0.0342162	0.0621916	0.051414	0.060913	0.0700697	0.0676388
	0.0390888	0.0248764	0.0282642	0.032302	0.027924	0.0265255	0.0345394	0.0298949	0.0532012	0.0305625	0.028959	0.0518796	0.043433	0.0521699	0.059108	0.058336
	0.053727	0.0347614	0.0383122	0.0438495	0.0392007	0.0364694	0.0474891	0.0400071	0.0731958	0.0420064	0.0403413	0.0717093	0.0597076	0.0720333	0.082642	0.08024
	0.0561425	0.0375192	0.040747	0.0457758	0.0415529	0.0390627	0.0504056	0.0422706	0.0770073	0.0441037	0.0426104	0.0771196	0.064469	0.07592	0.0873499	0.0851122
	0.134446	0.0907706	0.0998129	0.111744	0.102384	0.0956793	0.121372	0.103646	0.180338	0.107487	0.103697	0.178411	0.149109	0.177906	0.203918	0.196764
	0.0701309	0.0451799	0.0490894	0.0570321	0.0509993	0.0476812	0.0623923	0.0527642	0.0975299	0.0543984	0.0507444	0.0976482	0.0790401	0.0966509	0.11185	0.108178
	0.0561425	0.0375192	0.040747	0.0457758	0.0415529	0.0390627	0.0504056	0.0422706	0.0770073	0.0441037	0.0426104	0.0771196	0.064469	0.07592	0.0873499	0.0851122
	0.0701309	0.0451799	0.0490894	0.0570321	0.0509993	0.0476812	0.0623923	0.0527642	0.0975299	0.0543984	0.0507444	0.0976482	0.0790401	0.0966509	0.11185	0.108178
	0.0452466	0.031085	0.03348	0.0379002	0.0344112	0.0315648	0.0417059	0.0352602	0.0620917	0.0359636	0.0342162	0.0621916	0.051414	0.060913	0.0700697	0.0676388
	0.0390888	0.0248764	0.0282642	0.032302	0.027924	0.0265255	0.0345394	0.0298949	0.0532012	0.0305625	0.028959	0.0518796	0.043433	0.0521699	0.059108	0.058336
loop 11
	0.0537749	0.0347979	0.0383512	0.0438932	0.0392411	0.0365057	0.047534	0.0400454	0.0732537	0.0420473	0.0403796	0.071766	0.0597576	0.0720981	0.0827106	0.0803058
	0.056523	0.0365505	0.0397694	0.0460992	0.0418529	0.0380919	0.0507544	0.0425755	0.0774868	0.0444181	0.0416289	0.07608	0.0634466	0.0748796	0.0878823	0.0840586
	0.0452426	0.0310806	0.0334775	0.0378942	0.0344086	0.0315602	0.0416989	0.0352575	0.0620917	0.0359608	0.0342136	0.0621916	0.051414	0.0609191	0.0700771	0.0676388
	0.0664107	0.0456562	0.0498451	0.0564775	0.0508548	0.0475884	0.0607928	0.0519127	0.091137	0.0542191	0.050569	0.0893836	0.0751746	0.089528	0.101941	0.0991917
	0.0387036	0.0257546	0.0279527	0.0319613	0.0288046	0.0274085	0.0354431	0.0295707	0.0541442	0.0314539	0.0298468	0.0528131	0.0443528	0.0531	0.0600453	0.0592721
	0.14942	0.0968322	0.106199	0.122093	0.110796	0.102851	0.134622	0.112016	0.199445	0.115876	0.11015	0.199781	0.165991	0.198243	0.223709	0.219323
	0.0452426	0.0310806	0.0334775	0.0378942	0.0344086	0.0315602	0.0416989	0.0352575	0.0620917	0.0359608	0.0342136	0.0621916	0.051414	0.0609191	0.0700771	0.0676388
	0.0387036	0.0257546	0.0279527	0.0319613	0.0288046	0.0274085	0.0354431	0.0295707	0.0541442	0.0314539	0.0298468	0.0528131	0.0443528	0.0531	0.0600453	0.0592721
	0.0537749	0.0347979	0.0383512	0.0438932	0.0392411	0.0365057	0.047534	0.0400454	0.0732537	0.0420473	0.0403796	0.071766	0.0597576	0.0720981	0.0827106	0.0803058
	0.056523	0.0365505	0.0397694	0.0460992	0.0418529	0.0380919	0.0507544	0.0425755	0.0774868	0.0444181	0.0416289	0.07608	0.0634466	0.0748796	0.0878823	0.0840586
	0.13111	0.0901156	0.0975684	0.109868	0.100169	0.0951127	0.117807	0.101567	0.17355	0.105459	0.101507	0.171606	0.146066	0.173175	0.197266	0.190089
	0.0676	0.0435912	0.0475769	0.054368	0.0482804	0.0449269	0.0597812	0.0500604	0.0937656	0.0517226	0.0492608	0.0939062	0.0766087	0.0914094	0.106592	0.102932
	0.056523	0.0365505	0.0397694	0.0460992	0.0418529	0.0380919	0.0507544	0.0425755	0.0774868	0.0444181	0.0416289	0.07608	0.0634466	0.0748796	0.0878823	0.0840586
	0.0676	0.0435912	0.0475769	0.054368	0.0482804	0.0449269	0.0597812	0.0500604	0.0937656	0.0517226	0.0492608	0.0939062	0.0766087	0.0914094	0.106592	0.102932
	0.0452426	0.0310806	0.0334775	0.0378942	0.0344086	0.0315602	0.0416989	0.0352575	0.0620917	0.0359608	0.0342136	0.0621916	0.051414	0.0609191	0.0700771	0.0676388
	0.0387036	0.0257546	0.0279527	0.0319613	0.0288046	0.0274085	0.0354431	0.0295707	0.0541442	0.0314539	0.0298468	0.0528131	0.0443528	0.0531	0.0600453	0.0592721
loop 12
	0.0523843	0.0348456	0.0384032	0.0439487	0.0392949	0.0365541	0.0475969	0.0401011	0.0717579	0.0421031	0.0390762	0.0718632	0.0598387	0.070592	0.0828283	0.0787692
	0.0552576	0.0366375	0.0398646	0.046207	0.0406733	0.0381812	0.0495249	0.0426757	0.07611	0.0432201	0.0417261	0.07622	0.0621415	0.0750267	0.086458	0.0842188
	0.0452585	0.0310895	0.0334925	0.0379093	0.0344242	0.0315694	0.0417128	0.035271	0.0621167	0.0359749	0.0342292	0.0622165	0.0514283	0.0609434	0.0700993	0.067667
	0.0576748	0.0400435	0.0427251	0.0477324	0.0437597	0.0405002	0.052052	0.044781	0.0786047	0.0471084	0.0450766	0.0787304	0.0646762	0.0771197	0.0894115	0.0866629
	0.0379533	0.0249818	0.0271906	0.0312068	0.028041	0.0266368	0.0346816	0.0288092	0.052011	0.0306925	0.0290811	0.0520932	0.0436104	0.0509772	0.0593508	0.0571176
	0.149394	0.0968143	0.106179	0.122067	0.110774	0.102831	0.134592	0.111994	0.199458	0.115859	0.110133	0.199795	0.16597	0.19823	0.223725	0.219323
	0.0452585	0.0310895	0.0334925	0.0379093	0.0344242	0.0315694	0.0417128	0.035271	0.0621167	0.0359749	0.0342292	0.0622165	0.0514283	0.0609434	0.0700993	0.067667
	0.0379533	0.0249818	0.0271906	0.0312068	0.028041	0.0266368	0.0346816	0.0288092	0.052011	0.0306925	0.0290811	0.0520932	0.0436104	0.0509772	0.0593508	0.0571176
	0.0523843	0.0348456	0.0384032	0.0439487	0.0392949	0.0365541	0.0475969	0.0401011	0.0717579	0.0421031	0.0390762	0.0718632	0.0598387	0.070592	0.0828283	0.0787692
	0.0552576	0.0366375	0.0398646	0.046207	0.0406733	0.0381812	0.0495249	0.0426757	0.07611	0.0432201	0.0417261	0.07622	0.0621415	0.0750267	0.086458	0.0842188
	0.137854	0.0943804	0.10378	0.114364	0.106404	0.0994006	0.124325	0.107854	0.18322	0.111784	0.107763	0.181215	0.153041	0.182768	0.207273	0.199956
	0.06679	0.043037	0.0469746	0.0537024	0.047675	0.0455495	0.0590618	0.0494306	0.0927188	0.051075	0.04864	0.0928438	0.0757057	0.0918408	0.105427	0.103337
	0.0552576	0.0366375	0.0398646	0.046207	0.0406733	0.0381812	0.0495249	0.0426757	0.07611	0.0432201	0.0417261	0.07622	0.0621415	0.0750267	0.086458	0.0842188
	0.06679	0.043037	0.0469746	0.0537024	0.047675	0.0455495	0.0590618	0.0494306	0.0927188	0.051075	0.04864	0.0928438	0.0757057	0.0918408	0.105427	0.103337
	0.0452585	0.0310895	0.0334925	0.0379093	0.0344242	0.0315694	0.0417128	0.035271	0.0621167	0.0359749	0.0342292	0.0622165	0.0514283	0.0609434	0.0700993	0.067667
	0.0379533	0.0249818	0.0271906	0.0312068	0.028041	0.0266368	0.0346816	0.0288092	0.052011	0.0306925	0.0290811	0.0520932	0.0436104	0.0509772	0.0593508	0.0571176
loop 13
	0.0537749	0.0348007	0.0383609	0.0438932	0.0392478	0.0365087	0.0475295	0.0400489	0.0732372	0.042051	0.0403866	0.0717498	0.0597513	0.0720819	0.082691	0.080287
	0.0555136	0.0368116	0.0400551	0.0451105	0.0408617	0.0383635	0.0497604	0.0415867	0.07645	0.0434266	0.0406446	0.0750463	0.0624291	0.0738548	0.0852522	0.0830116
	0.0452704	0.0297912	0.0334975	0.0379184	0.034432	0.0315809	0.0417233	0.0352791	0.0621292	0.0359833	0.0342344	0.062229	0.0514426	0.0609495	0.0701141	0.0676812
	0.0538814	0.0361267	0.0388485	0.0438758	0.0398948	0.038155	0.0482148	0.040899	0.0713408	0.0416755	0.039665	0.071456	0.0592361	0.0717184	0.0821329	0.0793813
	0.038009	0.0250207	0.0272287	0.0312458	0.028083	0.0266773	0.0347331	0.0288507	0.0520768	0.030735	0.0291226	0.0521589	0.0436738	0.0510465	0.059423	0.0571925
	0.151828	0.099743	0.109005	0.124771	0.113568	0.105686	0.137177	0.114785	0.204811	0.118591	0.112909	0.20515	0.171509	0.200133	0.232426	0.224532
	0.0452704	0.0297912	0.0334975	0.0379184	0.034432	0.0315809	0.0417233	0.0352791	0.0621292	0.0359833	0.0342344	0.062229	0.0514426	0.0609495	0.0701141	0.0676812
	0.038009	0.0250207	0.0272287	0.0312458	0.028083	0.0266773	0.0347331	0.0288507	0.0520768	0.030735	0.0291226	0.0521589	0.0436738	0.0510465	0.059423	0.0571925
	0.0537749	0.0348007	0.0383609	0.0438932	0.0392478	0.0365087	0.0475295	0.0400489	0.0732372	0.042051	0.0403866	0.0717498	0.0597513	0.0720819	0.082691	0.080287
	0.0555136	0.0368116	0.0400551	0.0451105	0.0408617	0.0383635	0.0497604	0.0415867	0.07645	0.0434266	0.0406446	0.0750463	0.0624291	0.0738548	0.0852522	0.0830116
	0.155913	0.106294	0.115693	0.130149	0.12024	0.113175	0.140221	0.121688	0.206263	0.125616	0.121594	0.206548	0.173377	0.205661	0.235338	0.227899
	0.06749	0.0435219	0.0475039	0.0542792	0.0482055	0.0460636	0.0596881	0.0499817	0.093625	0.0516399	0.049184	0.09375	0.0764899	0.0927634	0.106444	0.104324
	0.0555136	0.0368116	0.0400551	0.0451105	0.0408617	0.0383635	0.0497604	0.0415867	0.07645	0.0434266	0.0406446	0.0750463	0.0624291	0.0738548	0.0852522	0.0830116
	0.06749	0.0435219	0.0475039	0.0542792	0.0482055	0.0460636	0.0596881	0.0499817	0.093625	0.0516399	0.049184	0.09375	0.0764899	0.0927634	0.106444	0.104324
	0.0452704	0.0297912	0.0334975	0.0379184	0.034432	0.0315809	0.0417233	0.0352791	0.0621292	0.0359833	0.0342344	0.062229	0.0514426	0.0609495	0.0701141	0.0676812
	0.038009	0.0250207	0.0272287	0.0312458	0.028083	0.0266773	0.0347331	0.0288507	0.0520768	0.030735	0.0291226	0.0521589	0.0436738	0.0510465	0.059423	0.0571925
loop 14
	0.0546505	0.0356918	0.0392444	0.0447816	0.0401324	0.0373968	0.0484133	0.040932	0.0740939	0.0429336	0.0399097	0.0742124	0.0606208	0.0729308	0.08353	0.081125
	0.0574297	0.0374292	0.0406569	0.0469972	0.0414599	0.0389666	0.0516605	0.043467	0.0784045	0.0440066	0.0425146	0.0769869	0.0643502	0.0773134	0.0887974	0.0865412
	0.0452664	0.0310917	0.033495	0.0379123	0.0344294	0.031574	0.0417163	0.0352764	0.0621167	0.0359805	0.0342318	0.0622165	0.0514331	0.0609434	0.0701067	0.067667
	0.0578366	0.0386639	0.0428733	0.0478872	0.0439103	0.0406518	0.0521953	0.0449304	0.0788044	0.045673	0.0436594	0.0789301	0.064845	0.0773292	0.0896324	0.086883
	0.0389304	0.0259366	0.0281449	0.0321695	0.0290028	0.0264141	0.0356595	0.0297676	0.0529931	0.0304325	0.0288369	0.0530775	0.0432556	0.0519618	0.0603412	0.0581056
	0.149394	0.0968188	0.106179	0.122074	0.110779	0.102836	0.134592	0.111999	0.199431	0.115859	0.110133	0.199768	0.16596	0.198216	0.223693	0.219293
	0.0452664	0.0310917	0.033495	0.0379123	0.0344294	0.031574	0.0417163	0.0352764	0.0621167	0.0359805	0.0342318	0.0622165	0.0514331	0.0609434	0.0701067	0.067667
	0.0389304	0.0259366	0.0281449	0.0321695	0.0290028	0.0264141	0.0356595	0.0297676	0.0529931	0.0304325	0.0288369	0.0530775	0.0432556	0.0519618	0.0603412	0.0581056
	0.0546505	0.0356918	0.0392444	0.0447816	0.0401324	0.0373968	0.0484133	0.040932	0.0740939	0.0429336	0.0399097	0.0742124	0.0606208	0.0729308	0.08353	0.081125
	0.0574297	0.0374292	0.0406569	0.0469972	0.0414599	0.0389666	0.0516605	0.043467	0.0784045	0.0440066	0.0425146	0.0769869	0.0643502	0.0773134	0.0887974	0.0865412
	0.159075	0.109222	0.118657	0.133198	0.121281	0.116132	0.143296	0.124693	0.211898	0.128626	0.122626	0.209822	0.176574	0.211308	0.24112	0.233663
	0.0620133	0.0402982	0.0443479	0.0500032	0.045073	0.0416745	0.05547	0.046878	0.0853918	0.0485686	0.044843	0.0854994	0.069683	0.0844945	0.0981611	0.0945163
	0.0574297	0.0374292	0.0406569	0.0469972	0.0414599	0.0389666	0.0516605	0.043467	0.0784045	0.0440066	0.0425146	0.0769869	0.0643502	0.0773134	0.0887974	0.0865412
	0.0620133	0.0402982	0.0443479	0.0500032	0.045073	0.0416745	0.05547	0.046878	0.0853918	0.0485686	0.044843	0.0854994	0.069683	0.0844945	0.0981611	0.0945163
	0.0452664	0.0310917	0.033495	0.0379123	0.0344294	0.031574	0.0417163	0.0352764	0.0621167	0.0359805	0.0342318	0.0622165	0.0514331	0.0609434	0.0701067	0.067667
	0.0389304	0.0259366	0.0281449	0.0321695	0.0290028	0.0264141	0.0356595	0.0297676	0.0529931	0.0304325	0.0288369	0.0530775	0.0432556	0.0519618	0.0603412	0.0581056
loop 15
	0.0535778	0.0346715	0.0382115	0.0437344	0.0390998	0.0363726	0.0487878	0.0412632	0.0729887	0.0418947	0.0402334	0.0731047	0.0595391	0.0718389	0.0824166	0.0800141
	0.0572212	0.0372852	0.0404972	0.0468208	0.0425799	0.0388167	0.0514642	0.0433009	0.078134	0.045139	0.0423534	0.0782485	0.0641284	0.0770482	0.0884894	0.0862442
	0.0452625	0.031085	0.0334825	0.0379063	0.0344164	0.0315648	0.0417128	0.0352656	0.0621229	0.0359692	0.0342188	0.0622228	0.0514331	0.0609434	0.0701067	0.0676741
	0.0715674	0.0475164	0.0533026	0.0599123	0.0543063	0.0510334	0.0642037	0.0553539	0.09639	0.0576652	0.0540057	0.09654	0.0803827	0.0947659	0.109198	0.10643
	0.0379151	0.0249597	0.0283569	0.0311678	0.0280145	0.0266146	0.0346484	0.0287793	0.0519453	0.03066	0.0290534	0.0520275	0.043564	0.0523232	0.0592786	0.057049
	0.14942	0.0968367	0.106199	0.122099	0.110801	0.102856	0.134622	0.112022	0.199458	0.115882	0.110155	0.199781	0.165991	0.198256	0.223725	0.219323
	0.0452625	0.031085	0.0334825	0.0379063	0.0344164	0.0315648	0.0417128	0.0352656	0.0621229	0.0359692	0.0342188	0.0622228	0.0514331	0.0609434	0.0701067	0.0676741
	0.0379151	0.0249597	0.0283569	0.0311678	0.0280145	0.0266146	0.0346484	0.0287793	0.0519453	0.03066	0.0290534	0.0520275	0.043564	0.0523232	0.0592786	0.057049
	0.0535778	0.0346715	0.0382115	0.0437344	0.0390998	0.0363726	0.0487878	0.0412632	0.0729887	0.0418947	0.0402334	0.0731047	0.0595391	0.0718389	0.0824166	0.0800141
	0.0572212	0.0372852	0.0404972	0.0468208	0.0425799	0.0388167	0.0514642	0.0433009	0.078134	0.045139	0.0423534	0.0782485	0.0641284	0.0770482	0.0884894	0.0862442
	0.155803	0.108061	0.117494	0.132074	0.120117	0.113061	0.142145	0.121578	0.208491	0.12747	0.121469	0.208747	0.175462	0.207946	0.237656	0.230195
	0.0593811	0.0388686	0.0429342	0.0486294	0.04367	0.0402612	0.0541195	0.0442573	0.0827431	0.045945	0.0434419	0.082858	0.068411	0.0818496	0.0939813	0.0918723
	0.0572212	0.0372852	0.0404972	0.0468208	0.0425799	0.0388167	0.0514642	0.0433009	0.078134	0.045139	0.0423534	0.0782485	0.0641284	0.0770482	0.0884894	0.0862442
	0.0593811	0.0388686	0.0429342	0.0486294	0.04367	0.0402612	0.0541195	0.0442573	0.0827431	0.045945	0.0434419	0.082858	0.068411	0.0818496	0.0939813	0.0918723
	0.0452625	0.031085	0.0334825	0.0379063	0.0344164	0.0315648	0.0417128	0.0352656	0.0621229	0.0359692	0.0342188	0.0622228	0.0514331	0.0609434	0.0701067	0.0676741
	0.0379151	0.0249597	0.0283569	0.0311678	0.0280145	0.0266146	0.0346484	0.0287793	0.0519453	0.03066	0.0290534	0.0520275	0.043564	0.0523232	0.0592786	0.057049
loop 16
	0.0525243	0.034958	0.0385234	0.0440797	0.039416	0.0366721	0.0477315	0.0402195	0.0719199	0.0422296	0.0391973	0.0720333	0.0599885	0.0707662	0.0813459	0.0789443
	0.0564246	0.0364461	0.0409354	0.0459963	0.041743	0.0392396	0.0506531	0.042471	0.0773848	0.0443118	0.0415191	0.07597	0.0633382	0.07629	0.0877613	0.0839441
	0.0473749	0.0318413	0.0342162	0.0386198	0.0351412	0.0323079	0.0424044	0.0359917	0.0642716	0.0366862	0.0349438	0.06437	0.0535707	0.0630848	0.0722593	0.0698182
	0.0838528	0.056575	0.0623278	0.070557	0.0632812	0.0600463	0.0765116	0.0643158	0.112418	0.0665711	0.0646277	0.112597	0.09448	0.112686	0.129281	0.124463
	0.038952	0.0259269	0.0281405	0.0321749	0.0289981	0.026404	0.035672	0.02977	0.053055	0.030435	0.0288323	0.0531394	0.0432936	0.052011	0.0604084	0.058176
	0.149411	0.0968367	0.106199	0.122093	0.110796	0.102856	0.134615	0.112016	0.199472	0.115876	0.110155	0.199808	0.16598	0.198256	0.22374	0.219339
	0.0473749	0.0318413	0.0342162	0.0386198	0.0351412	0.0323079	0.0424044	0.0359917	0.0642716	0.0366862	0.0349438	0.06437	0.0535707	0.0630848	0.0722593	0.0698182
	0.038952	0.0259269	0.0281405	0.0321749	0.0289981	0.026404	0.035672	0.02977	0.053055	0.030435	0.0288323	0.0531394	0.0432936	0.052011	0.0604084	0.058176
	0.0525243	0.034958	0.0385234	0.0440797	0.039416	0.0366721	0.0477315	0.0402195	0.0719199	0.0422296	0.0391973	0.0720333	0.0599885	0.0707662	0.0813459	0.0789443
	0.0564246	0.0364461	0.0409354	0.0459963	0.041743	0.0392396	0.0506531	0.042471	0.0773848	0.0443118	0.0415191	0.07597	0.0633382	0.07629	0.0877613	0.0839441
	0.130664	0.0897688	0.097202	0.109491	0.0997885	0.0947488	0.119322	0.101156	0.172976	0.105038	0.10112	0.173225	0.145569	0.172626	0.196615	0.19173
	0.0600979	0.0385271	0.042809	0.0487912	0.0435822	0.0412383	0.0532224	0.0442078	0.081578	0.0459821	0.0446194	0.0816947	0.066703	0.0806353	0.0932351	0.0910433
	0.0564246	0.0364461	0.0409354	0.0459963	0.041743	0.0392396	0.0506531	0.042471	0.0773848	0.0443118	0.0415191	0.07597	0.0633382	0.07629	0.0877613	0.0839441
	0.0600979	0.0385271	0.042809	0.0487912	0.0435822	0.0412383	0.0532224	0.0442078	0.081578	0.0459821	0.0446194	0.0816947	0.066703	0.0806353	0.0932351	0.0910433
	0.0473749	0.0318413	0.0342162	0.0386198	0.0351412	0.0323079	0.0424044	0.0359917	0.0642716	0.0366862	0.0349438	0.06437	0.0535707	0.0630848	0.0722593	0.0698182
	0.038952	0.0259269	0.0281405	0.0321749	0.0289981	0.026404	0.035672	0.02977	0.053055	0.030435	0.0288323	0.0531394	0.0432936	0.052011	0.0604084	0.058176
loop 17
	0.0533113	0.035791	0.0393588	0.0448963	0.0402473	0.0375003	0.0485381	0.0410508	0.0742631	0.0430566	0.0400245	0.0727734	0.0607616	0.0730964	0.08371	0.0813075
	0.057033	0.0371304	0.0416078	0.0466494	0.04241	0.0399162	0.0512909	0.0431348	0.0794508	0.0449676	0.0421835	0.07803	0.0653751	0.0768237	0.0898527	0.0860066
	0.0452545	0.031085	0.03348	0.0379032	0.0344138	0.0315648	0.0417093	0.0352629	0.0621104	0.0359664	0.0342162	0.0622103	0.0514236	0.0609252	0.0700993	0.06766
	0.0579033	0.0387393	0.0429489	0.047952	0.0439887	0.0407305	0.052265	0.0449954	0.0788488	0.0457403	0.0437378	0.0771486	0.0649069	0.077387	0.0877874	0.0850459
	0.0378976	0.0249467	0.0283459	0.0311574	0.0280035	0.0266004	0.0346302	0.0287677	0.0519234	0.0306475	0.0290396	0.0520056	0.0435471	0.0523013	0.0592524	0.057024
	0.14942	0.0968322	0.106194	0.122086	0.110796	0.102851	0.134615	0.112016	0.199458	0.115876	0.11015	0.199795	0.165991	0.198256	0.223725	0.219323
	0.0452545	0.031085	0.03348	0.0379032	0.0344138	0.0315648	0.0417093	0.0352629	0.0621104	0.0359664	0.0342162	0.0622103	0.0514236	0.0609252	0.0700993	0.06766
	0.0378976	0.0249467	0.0283459	0.0311574	0.0280035	0.0266004	0.0346302	0.0287677	0.0519234	0.0306475	0.0290396	0.0520056	0.0435471	0.0523013	0.0592524	0.057024
	0.0533113	0.035791	0.0393588	0.0448963	0.0402473	0.0375003	0.0485381	0.0410508	0.0742631	0.0430566	0.0400245	0.0727734	0.0607616	0.0730964	0.08371	0.0813075
	0.057033	0.0371304	0.0416078	0.0466494	0.04241	0.0399162	0.0512909	0.0431348	0.0794508	0.0449676	0.0421835	0.07803	0.0653751	0.0768237	0.0898527	0.0860066
	0.158649	0.107783	0.117053	0.13127	0.121563	0.114624	0.143143	0.122935	0.210602	0.126818	0.122903	0.210867	0.175887	0.210139	0.239536	0.232139
	0.0662074	0.0424729	0.0466446	0.0537651	0.0473906	0.0451319	0.0594275	0.0492522	0.0918766	0.0509952	0.0484087	0.0904642	0.0741251	0.0894165	0.10354	0.101355
	0.057033	0.0371304	0.0416078	0.0466494	0.04241	0.0399162	0.0512909	0.0431348	0.0794508	0.0449676	0.0421835	0.07803	0.0653751	0.0768237	0.0898527	0.0860066
	0.0662074	0.0424729	0.0466446	0.0537651	0.0473906	0.0451319	0.0594275	0.0492522	0.0918766	0.0509952	0.0484087	0.0904642	0.0741251	0.0894165	0.10354	0.101355
	0.0452545	0.031085	0.03348	0.0379032	0.0344138	0.0315648	0.0417093	0.0352629	0.0621104	0.0359664	0.0342162	0.0622103	0.0514236	0.0609252	0.0700993	0.06766
	0.0378976	0.0249467	0.0283459	0.0311574	0.0280035	0.0266004	0.0346302	0.0287677	0.0519234	0.0306475	0.0290396	0.0520056	0.0435471	0.0523013	0.0592524	0.057024
loop 18
	0.0536524	0.0347108	0.038257	0.043786	0.0391435	0.036415	0.0474218	0.039948	0.0731047	0.0419468	0.0402821	0.0732206	0.0596265	0.0719361	0.082544	0.0801459
	0.0560178	0.0373968	0.04062	0.046967	0.0414219	0.038932	0.0516374	0.0434311	0.0784045	0.0439742	0.0424797	0.0769869	0.0643423	0.0773032	0.0887851	0.0849606
	0.0452585	0.0310828	0.0334825	0.0379063	0.0344138	0.0315648	0.0417128	0.0352656	0.0621229	0.0359692	0.0342188	0.0622228	0.0514283	0.0609373	0.0701067	0.0676741
	0.0591332	0.0398786	0.0425466	0.0491284	0.0435779	0.0418708	0.0534716	0.0445958	0.0782867	0.04691	0.0448882	0.0784124	0.0661583	0.0786491	0.0890492	0.0863074
	0.0391644	0.0249264	0.0283194	0.0323642	0.0279792	0.0265781	0.034603	0.0287424	0.0532969	0.03062	0.0290166	0.0519727	0.0435133	0.0522629	0.059213	0.0584384
	0.149394	0.0968143	0.106179	0.122067	0.110779	0.102831	0.1346	0.111999	0.199445	0.115859	0.110133	0.199781	0.16598	0.198256	0.223709	0.219323
	0.0452585	0.0310828	0.0334825	0.0379063	0.0344138	0.0315648	0.0417128	0.0352656	0.0621229	0.0359692	0.0342188	0.0622228	0.0514283	0.0609373	0.0701067	0.0676741
	0.0391644	0.0249264	0.0283194	0.0323642	0.0279792	0.0265781	0.034603	0.0287424	0.0532969	0.03062	0.0290166	0.0519727	0.0435133	0.0522629	0.059213	0.0584384
	0.0536524	0.0347108	0.038257	0.043786	0.0391435	0.036415	0.0474218	0.039948	0.0731047	0.0419468	0.0402821	0.0732206	0.0596265	0.0719361	0.082544	0.0801459
	0.0560178	0.0373968	0.04062	0.046967	0.0414219	0.038932	0.0516374	0.0434311	0.0784045	0.0439742	0.0424797	0.0769869	0.0643423	0.0773032	0.0887851	0.0849606
	0.183603	0.126627	0.138584	0.154089	0.141291	0.133787	0.166926	0.142982	0.242037	0.149107	0.142682	0.239884	0.204424	0.241021	0.27514	0.267335
	0.0586749	0.0387604	0.0417455	0.0488881	0.0437423	0.0402102	0.0532425	0.0443658	0.0827035	0.0461172	0.043512	0.0813254	0.0665684	0.0802833	0.0927121	0.0905527
	0.0560178	0.0373968	0.04062	0.046967	0.0414219	0.038932	0.0516374	0.0434311	0.0784045	0.0439742	0.0424797	0.0769869	0.0643423	0.0773032	0.0887851	0.0849606
	0.0586749	0.0387604	0.0417455	0.0488881	0.0437423	0.0402102	0.0532425	0.0443658	0.0827035	0.0461172	0.043512	0.0813254	0.0665684	0.0802833	0.0927121	0.0905527
	0.0452585	0.0310828	0.0334825	0.0379063	0.0344138	0.0315648	0.0417128	0.0352656	0.0621229	0.0359692	0.0342188	0.0622228	0.0514283	0.0609373	0.0701067	0.0676741
	0.0391644	0.0249264	0.0283194	0.0323642	0.0279792	0.0265781	0.034603	0.0287424	0.0532969	0.03062	0.0290166	0.0519727	0.0435133	0.0522629	0.059213	0.0584384
loop 19
	0.0524206	0.0348737	0.0384389	0.0439845	0.0393285	0.0365874	0.0476328	0.0401324	0.0717984	0.0421366	0.0391099	0.0719037	0.0598824	0.0706395	0.0812018	0.078806
	0.0553152	0.0366375	0.0398765	0.0449248	0.0406815	0.0381812	0.0495633	0.041405	0.07624	0.043238	0.0417388	0.07635	0.0622172	0.0751345	0.0866006	0.0827756
	0.0452664	0.0310917	0.0334925	0.0379123	0.0344242	0.031574	0.0417198	0.035271	0.0621229	0.0359749	0.0342292	0.0622228	0.0514378	0.0609495	0.0701067	0.0676741
	0.0575653	0.038474	0.0426676	0.0476496	0.0437002	0.0404552	0.0519496	0.0447095	0.0783754	0.0470318	0.0434493	0.0785011	0.0645412	0.076939	0.0891552	0.0864174
	0.0378802	0.0249301	0.0283282	0.0311392	0.0279858	0.0265822	0.0346121	0.0287516	0.0519125	0.0306325	0.0290235	0.0519946	0.0435302	0.0508813	0.0592393	0.0570115
	0.149394	0.0968143	0.106179	0.122074	0.110779	0.102831	0.134592	0.111999	0.199431	0.115859	0.110133	0.199768	0.16596	0.198216	0.223693	0.219293
	0.0452664	0.0310917	0.0334925	0.0379123	0.0344242	0.031574	0.0417198	0.035271	0.0621229	0.0359749	0.0342292	0.0622228	0.0514378	0.0609495	0.0701067	0.0676741
	0.0378802	0.0249301	0.0283282	0.0311392	0.0279858	0.0265822	0.0346121	0.0287516	0.0519125	0.0306325	0.0290235	0.0519946	0.0435302	0.0508813	0.0592393	0.0570115
	0.0524206	0.0348737	0.0384389	0.0439845	0.0393285	0.0365874	0.0476328	0.0401324	0.0717984	0.0421366	0.0391099	0.0719037	0.0598824	0.0706395	0.0812018	0.078806
	0.0553152	0.0366375	0.0398765	0.0449248	0.0406815	0.0381812	0.0495633	0.041405	0.07624	0.043238	0.0417388	0.07635	0.0622172	0.0751345	0.0866006	0.0827756
	0.186712	0.131397	0.141383	0.157014	0.146183	0.138602	0.169925	0.14796	0.24799	0.154131	0.147588	0.245786	0.209967	0.246864	0.281233	0.27342
	0.066117	0.0429644	0.0470282	0.0539855	0.0477522	0.0443373	0.0595026	0.0495785	0.0927124	0.0512677	0.0487511	0.0913306	0.0752475	0.0902736	0.104161	0.102025
	0.0553152	0.0366375	0.0398765	0.0449248	0.0406815	0.0381812	0.0495633	0.041405	0.07624	0.043238	0.0417388	0.07635	0.0622172	0.0751345	0.0866006	0.0827756
	0.066117	0.0429644	0.0470282	0.0539855	0.0477522	0.0443373	0.0595026	0.0495785	0.0927124	0.0512677	0.0487511	0.0913306	0.0752475	0.0902736	0.104161	0.102025
	0.0452664	0.0310917	0.0334925	0.0379123	0.0344242	0.031574	0.0417198	0.035271	0.0621229	0.0359749	0.0342292	0.0622228	0.0514378	0.0609495	0.0701067	0.0676741
	0.0378802	0.0249301	0.0283282	0.0311392	0.0279858	0.0265822	0.0346121	0.0287516	0.0519125	0.0306325	0.0290235	0.0519946	0.0435302	0.0508813	0.0592393	0.0570115
loop 20
	0.053759	0.0347867	0.0383414	0.0438773	0.039231	0.0364936	0.0475161	0.0400315	0.0732372	0.0420324	0.0403692	0.0717417	0.0597389	0.0720738	0.082691	0.0802776
	0.0553984	0.0367246	0.0399639	0.0450057	0.0407716	0.0382742	0.0496454	0.0414937	0.07631	0.0433278	0.0418275	0.07642	0.0623004	0.0752227	0.0866838	0.0844364
	0.0452545	0.031085	0.033485	0.0379032	0.0344164	0.0315671	0.0417093	0.0352656	0.0621104	0.0359692	0.0342214	0.0622103	0.0514283	0.0609313	0.0700919	0.06766
	0.0523796	0.0347652	0.0389864	0.04402	0.0400354	0.0367809	0.0483696	0.0410339	0.0714944	0.0418154	0.0398056	0.071616	0.0593831	0.0700989	0.0804509	0.0777193
	0.0389376	0.0259153	0.0281272	0.0321587	0.028982	0.0275778	0.0356563	0.0297532	0.0530325	0.03042	0.0288184	0.0531169	0.0432725	0.0519946	0.0603882	0.0581504
	0.149377	0.0968053	0.106168	0.122061	0.110769	0.102822	0.134585	0.111988	0.199458	0.115847	0.110122	0.199781	0.16596	0.19823	0.223725	0.219323
	0.0452545	0.031085	0.033485	0.0379032	0.0344164	0.0315671	0.0417093	0.0352656	0.0621104	0.0359692	0.0342214	0.0622103	0.0514283	0.0609313	0.0700919	0.06766
	0.0389376	0.0259153	0.0281272	0.0321587	0.028982	0.0275778	0.0356563	0.0297532	0.0530325	0.03042	0.0288184	0.0531169	0.0432725	0.0519946	0.0603882	0.0581504
	0.053759	0.0347867	0.0383414	0.0438773	0.039231	0.0364936	0.0475161	0.0400315	0.0732372	0.0420324	0.0403692	0.0717417	0.0597389	0.0720738	0.082691	0.0802776
	0.0553984	0.0367246	0.0399639	0.0450057	0.0407716	0.0382742	0.0496454	0.0414937	0.07631	0.0433278	0.0418275	0.07642	0.0623004	0.0752227	0.0866838	0.0844364
	0.164837	0.11642	0.124756	0.138749	0.129635	0.121756	0.149908	0.129404	0.215232	0.135676	0.131078	0.213065	0.183882	0.216457	0.243581	0.238263
	0.065065	0.0419832	0.0460462	0.0529626	0.0467683	0.0445718	0.0584728	0.0485747	0.090072	0.050272	0.047764	0.0902016	0.0741762	0.0891577	0.103	0.0993198
	0.0553984	0.0367246	0.0399639	0.0450057	0.0407716	0.0382742	0.0496454	0.0414937	0.07631	0.0433278	0.0418275	0.07642	0.0623004	0.0752227	0.0866838	0.0844364
	0.065065	0.0419832	0.0460462	0.0529626	0.0467683	0.0445718	0.0584728	0.0485747	0.090072	0.050272	0.047764	0.0902016	0.0741762	0.0891577	0.103	0.0993198
	0.0452545	0.031085	0.033485	0.0379032	0.0344164	0.0315671	0.0417093	0.0352656	0.0621104	0.0359692	0.0342214	0.0622103	0.0514283	0.0609313	0.0700919	0.06766
	0.0389376	0.0259153	0.0281272	0.0321587	0.028982	0.0275778	0.0356563	0.0297532	0.0530325	0.03042	0.0288184	0.0531169	0.0432725	0.0519946	0.0603882	0.0581504
loop 21
	0.053679	0.0347164	0.03827	0.0438019	0.039157	0.036421	0.0474442	0.0399619	0.0731544	0.0419617	0.0402961	0.0732703	0.059664	0.0719847	0.0826028	0.0802023
	0.0573624	0.0373392	0.0405668	0.0469166	0.041367	0.0388744	0.0515855	0.0433772	0.0783629	0.04522	0.0424187	0.0784878	0.0642948	0.0772624	0.0887482	0.0865056
	0.0452545	0.0310784	0.0334775	0.0379002	0.0344112	0.0315602	0.0417059	0.0352602	0.0621104	0.0359636	0.0342136	0.0622103	0.0514188	0.0609313	0.0700993	0.06766
	0.0591528	0.0399137	0.0425859	0.0491581	0.0436155	0.0419088	0.0534885	0.0446283	0.0783384	0.0469448	0.0449304	0.0784642	0.066193	0.0786934	0.0891111	0.0863667
	0.0379568	0.0249892	0.0271948	0.0312068	0.0280477	0.0266449	0.0346877	0.0288115	0.0520001	0.030695	0.029088	0.0520822	0.0436147	0.0509719	0.0593377	0.0571114
	0.14942	0.0968412	0.106205	0.122099	0.110807	0.102856	0.134622	0.112022	0.199485	0.115882	0.110161	0.199822	0.165991	0.198269	0.223756	0.219354
	0.0452545	0.0310784	0.0334775	0.0379002	0.0344112	0.0315602	0.0417059	0.0352602	0.0621104	0.0359636	0.0342136	0.0622103	0.0514188	0.0609313	0.0700993	0.06766
	0.0379568	0.0249892	0.0271948	0.0312068	0.0280477	0.0266449	0.0346877	0.0288115	0.0520001	0.030695	0.029088	0.0520822	0.0436147	0.0509719	0.0593377	0.0571114
	0.053679	0.0347164	0.03827	0.0438019	0.039157	0.036421	0.0474442	0.0399619	0.0731544	0.0419617	0.0402961	0.0732703	0.059664	0.0719847	0.0826028	0.0802023
	0.0573624	0.0373392	0.0405668	0.0469166	0.041367	0.0388744	0.0515855	0.0433772	0.0783629	0.04522	0.0424187	0.0784878	0.0642948	0.0772624	0.0887482	0.0865056
	0.164444	0.116744	0.124981	0.138764	0.129812	0.12204	0.149724	0.129516	0.216522	0.135757	0.131247	0.216832	0.183236	0.217831	0.247247	0.239385
	0.0702998	0.0447553	0.0500032	0.0568952	0.0507165	0.0473193	0.0637165	0.0525217	0.0983532	0.054202	0.0517143	0.0984842	0.0794212	0.0974353	0.113014	0.109254
	0.0573624	0.0373392	0.0405668	0.0469166	0.041367	0.0388744	0.0515855	0.0433772	0.0783629	0.04522	0.0424187	0.0784878	0.0642948	0.0772624	0.0887482	0.0865056
	0.0702998	0.0447553	0.0500032	0.0568952	0.0507165	0.0473193	0.0637165	0.0525217	0.0983532	0.054202	0.0517143	0.0984842	0.0794212	0.0974353	0.113014	0.109254
	0.0452545	0.0310784	0.0334775	0.0379002	0.0344112	0.0315602	0.0417059	0.0352602	0.0621104	0.0359636	0.0342136	0.0622103	0.0514188	0.0609313	0.0700993	0.06766
	0.0379568	0.0249892	0.0271948	0.0312068	0.0280477	0.0266449	0.0346877	0.0288115	0.0520001	0.030695	0.029088	0.0520822	0.0436147	0.0509719	0.0593377	0.0571114
loop 22
	0.0536204	0.0347024	0.0382472	0.0437662	0.0391334	0.0364059	0.0473949	0.0399306	0.073055	0.0419282	0.0402682	0.0731709	0.0595891	0.0719037	0.0824852	0.0800894
	0.055584	0.0368359	0.0400829	0.0451533	0.0408945	0.0383858	0.0498152	0.0416247	0.07659	0.043467	0.0406733	0.0751737	0.0625199	0.07397	0.0854038	0.0831576
	0.0452545	0.0310873	0.03349	0.0379032	0.0344216	0.0315671	0.0417093	0.0352683	0.0621042	0.0359721	0.0342266	0.062204	0.0514236	0.0609313	0.0700919	0.06766
	0.0538012	0.036106	0.0388225	0.0438287	0.0398678	0.0366249	0.0481536	0.0408653	0.0711872	0.0416434	0.0396379	0.0713024	0.0591332	0.0715776	0.0819548	0.0792112
	0.0391392	0.0249079	0.0282973	0.0323425	0.0279571	0.0265579	0.0345818	0.0299309	0.0532688	0.0306	0.0289935	0.0519399	0.0434879	0.0522356	0.0591802	0.0584064
	0.14942	0.0968367	0.106199	0.122093	0.110796	0.102856	0.134622	0.112016	0.199458	0.115876	0.110155	0.199795	0.166001	0.198269	0.223725	0.219323
	0.0452545	0.0310873	0.03349	0.0379032	0.0344216	0.0315671	0.0417093	0.0352683	0.0621042	0.0359721	0.0342266	0.062204	0.0514236	0.0609313	0.0700919	0.06766
	0.0391392	0.0249079	0.0282973	0.0323425	0.0279571	0.0265579	0.0345818	0.0299309	0.0532688	0.0306	0.0289935	0.0519399	0.0434879	0.0522356	0.0591802	0.0584064
	0.0536204	0.0347024	0.0382472	0.0437662	0.0391334	0.0364059	0.0473949	0.0399306	0.073055	0.0419282	0.0402682	0.0731709	0.0595891	0.0719037	0.0824852	0.0800894
	0.055584	0.0368359	0.0400829	0.0451533	0.0408945	0.0383858	0.0498152	0.0416247	0.07659	0.043467	0.0406733	0.0751737	0.0625199	0.07397	0.0854038	0.0831576
	0.159593	0.110363	0.120099	0.135123	0.122777	0.117418	0.145545	0.126341	0.211491	0.130349	0.124156	0.211776	0.177523	0.210667	0.241209	0.233639
	0.0657285	0.042434	0.0465356	0.0535138	0.048517	0.0450407	0.0590748	0.0490857	0.0924726	0.0507904	0.048268	0.09108	0.0749149	0.0900356	0.103996	0.101843
	0.055584	0.0368359	0.0400829	0.0451533	0.0408945	0.0383858	0.0498152	0.0416247	0.07659	0.043467	0.0406733	0.0751737	0.0625199	0.07397	0.0854038	0.0831576
	0.0657285	0.042434	0.0465356	0.0535138	0.048517	0.0450407	0.0590748	0.0490857	0.0924726	0.0507904	0.048268	0.09108	0.0749149	0.0900356	0.103996	0.101843
	0.0452545	0.0310873	0.03349	0.0379032	0.0344216	0.0315671	0.0417093	0.0352683	0.0621042	0.0359721	0.0342266	0.062204	0.0514236	0.0609313	0.0700919	0.06766
	0.0391392	0.0249079	0.0282973	0.0323425	0.0279571	0.0265579	0.0345818	0.0299309	0.0532688	0.0306	0.0289935	0.0519399	0.0434879	0.0522356	0.0591802	0.0584064
loop 23
	0.0524102	0.0348681	0.0384292	0.0439805	0.0393218	0.0365783	0.0476238	0.0401255	0.0717741	0.0421329	0.0391031	0.0718875	0.0598637	0.0706236	0.0811826	0.0787876
	0.0562212	0.0375588	0.040788	0.0458346	0.0415951	0.0391012	0.0504731	0.0423185	0.0771196	0.04415	0.0413712	0.0772318	0.0631213	0.07603	0.0874709	0.0852288
	0.0452426	0.0310784	0.0334775	0.0378942	0.0344086	0.0315579	0.0416989	0.0352575	0.0620917	0.0359608	0.0342136	0.0621916	0.0514093	0.060913	0.0700771	0.0676388
	0.0576414	0.0385	0.0427009	0.0476892	0.0437315	0.0404805	0.0519987	0.0447517	0.0785307	0.0470736	0.0434838	0.0786565	0.0646313	0.0770691	0.089332	0.0865783
	0.0378733	0.0249245	0.0283216	0.0311366	0.0279814	0.0265761	0.034609	0.028747	0.0519015	0.030625	0.0290189	0.0519837	0.0435217	0.0508706	0.0592261	0.0569991
	0.14942	0.0968367	0.106194	0.122086	0.110796	0.102856	0.134615	0.112016	0.199472	0.115876	0.11015	0.199795	0.165991	0.198269	0.223725	0.219339
	0.0452426	0.0310784	0.0334775	0.0378942	0.0344086	0.0315579	0.0416989	0.0352575	0.0620917	0.0359608	0.0342136	0.0621916	0.0514093	0.060913	0.0700771	0.0676388
	0.0378733	0.0249245	0.0283216	0.0311366	0.0279814	0.0265761	0.034609	0.028747	0.0519015	0.030625	0.0290189	0.0519837	0.0435217	0.0508706	0.0592261	0.0569991
	0.0524102	0.0348681	0.0384292	0.0439805	0.0393218	0.0365783	0.0476238	0.0401255	0.0717741	0.0421329	0.0391031	0.0718875	0.0598637	0.0706236	0.0811826	0.0787876
	0.0562212	0.0375588	0.040788	0.0458346	0.0415951	0.0391012	0.0504731	0.0423185	0.0771196	0.04415	0.0413712	0.0772318	0.0631213	0.07603	0.0874709	0.0852288
	0.153158	0.107499	0.11778	0.129589	0.120568	0.11482	0.1406	0.120331	0.200525	0.126559	0.122011	0.200801	0.169704	0.201777	0.228541	0.220775
	0.0705074	0.0451519	0.0491136	0.0571975	0.0510553	0.0476925	0.0626425	0.0528565	0.0983317	0.0545159	0.0507931	0.0969441	0.0795415	0.095903	0.111269	0.107584
	0.0562212	0.0375588	0.040788	0.0458346	0.0415951	0.0391012	0.0504731	0.0423185	0.0771196	0.04415	0.0413712	0.0772318	0.0631213	0.07603	0.0874709	0.0852288
	0.0705074	0.0451519	0.0491136	0.0571975	0.0510553	0.0476925	0.0626425	0.0528565	0.0983317	0.0545159	0.0507931	0.0969441	0.0795415	0.095903	0.111269	0.107584
	0.0452426	0.0310784	0.0334775	0.0378942	0.0344086	0.0315579	0.0416989	0.0352575	0.0620917	0.0359608	0.0342136	0.0621916	0.0514093	0.060913	0.0700771	0.0676388
	0.0378733	0.0249245	0.0283216	0.0311366	0.0279814	0.0265761	0.034609	0.028747	0.0519015	0.030625	0.0290189	0.0519837	0.0435217	0.0508706	0.0592261	0.0569991
loop 24
	0.0537536	0.0347951	0.0383447	0.0438773	0.0392343	0.0365027	0.0475161	0.040035	0.0732206	0.0420361	0.0403726	0.0717336	0.0597264	0.0720576	0.0826714	0.0802682
	0.058847	0.0389282	0.0421356	0.0484566	0.0429283	0.0404521	0.0531012	0.0449438	0.0812763	0.0467754	0.0439835	0.0813865	0.0671957	0.0801574	0.0916608	0.0894136
	0.0452426	0.031074	0.0334725	0.0378912	0.0344034	0.0315533	0.0416989	0.035252	0.0620917	0.0359552	0.0342084	0.0621916	0.0514093	0.060913	0.0700771	0.0692661
	0.055493	0.0379225	0.0406013	0.0455587	0.0416376	0.038409	0.0498605	0.0426344	0.0744701	0.0449564	0.0413985	0.0745941	0.0624665	0.0748765	0.0852115	0.0824735
	0.0389412	0.0259153	0.0281294	0.0321641	0.0289866	0.0263918	0.0343973	0.029758	0.0530381	0.0304225	0.0288207	0.0531225	0.0432767	0.0519946	0.060395	0.0581568
	0.149394	0.0968143	0.106179	0.122067	0.110774	0.102831	0.134592	0.111994	0.199431	0.115853	0.110128	0.199768	0.16596	0.198216	0.223693	0.219293
	0.0452426	0.031074	0.0334725	0.0378912	0.0344034	0.0315533	0.0416989	0.035252	0.0620917	0.0359552	0.0342084	0.0621916	0.0514093	0.060913	0.0700771	0.0692661
	0.0389412	0.0259153	0.0281294	0.0321641	0.0289866	0.0263918	0.0343973	0.029758	0.0530381	0.0304225	0.0288207	0.0531225	0.0432767	0.0519946	0.060395	0.0581568
	0.0537536	0.0347951	0.0383447	0.0438773	0.0392343	0.0365027	0.0475161	0.040035	0.0732206	0.0420361	0.0403726	0.0717336	0.0597264	0.0720576	0.0826714	0.0802682
	0.058847	0.0389282	0.0421356	0.0484566	0.0429283	0.0404521	0.0531012	0.0449438	0.0812763	0.0467754	0.0439835	0.0813865	0.0671957	0.0801574	0.0916608	0.0894136
	0.15704	0.110914	0.119259	0.133279	0.122054	0.116261	0.142197	0.123883	0.204822	0.128067	0.12348	0.202669	0.173721	0.206068	0.233016	0.225184
	0.067105	0.043645	0.0477733	0.054811	0.0485051	0.0450354	0.0604017	0.0503337	0.0924872	0.0520484	0.0495177	0.092619	0.0749149	0.0915552	0.105607	0.10186
	0.058847	0.0389282	0.0421356	0.0484566	0.0429283	0.0404521	0.0531012	0.0449438	0.0812763	0.0467754	0.0439835	0.0813865	0.0671957	0.0801574	0.0916608	0.0894136
	0.067105	0.043645	0.0477733	0.054811	0.0485051	0.0450354	0.0604017	0.0503337	0.0924872	0.0520484	0.0495177	0.092619	0.0749149	0.0915552	0.105607	0.10186
	0.0452426	0.031074	0.0334725	0.0378912	0.0344034	0.0315533	0.0416989	0.035252	0.0620917	0.0359552	0.0342084	0.0621916	0.0514093	0.060913	0.0700771	0.0692661
	0.0389412	0.0259153	0.0281294	0.0321641	0.0289866	0.0263918	0.0343973	0.029758	0.0530381	0.0304225	0.0288207	0.0531225	0.0432767	0.0519946	0.060395	0.0581568
loop 25
	0.0533966	0.0358551	0.0394227	0.0435757	0.0403135	0.0375661	0.0486167	0.0411156	0.0727486	0.0417422	0.0400907	0.0728645	0.0608512	0.0715959	0.08382	0.0814035
	0.057154	0.0372204	0.0417092	0.0467502	0.0425146	0.0400115	0.0513948	0.043238	0.0780612	0.0450724	0.042288	0.0781757	0.0640492	0.0769665	0.0884155	0.0861729
	0.0452506	0.0310917	0.0334875	0.0379063	0.034419	0.0315717	0.0417093	0.0352656	0.0620979	0.0359692	0.0342214	0.0621978	0.0514188	0.0609191	0.0700845	0.0676529
	0.0612697	0.0420254	0.0446802	0.0512914	0.0457067	0.0440075	0.0555918	0.0467359	0.0822437	0.0490577	0.0470283	0.0823784	0.0682746	0.0825923	0.0930456	0.0903041
	0.0379568	0.0249818	0.0271906	0.0312042	0.0280433	0.0266368	0.0346846	0.0288092	0.052011	0.0306925	0.0290834	0.0520932	0.0436147	0.0509825	0.0593508	0.0571176
	0.149386	0.0968143	0.106179	0.122067	0.110774	0.102831	0.134592	0.111994	0.199458	0.115853	0.110128	0.199781	0.16596	0.19823	0.223725	0.219323
	0.0452506	0.0310917	0.0334875	0.0379063	0.034419	0.0315717	0.0417093	0.0352656	0.0620979	0.0359692	0.0342214	0.0621978	0.0514188	0.0609191	0.0700845	0.0676529
	0.0379568	0.0249818	0.0271906	0.0312042	0.0280433	0.0266368	0.0346846	0.0288092	0.052011	0.0306925	0.0290834	0.0520932	0.0436147	0.0509825	0.0593508	0.0571176
	0.0533966	0.0358551	0.0394227	0.0435757	0.0403135	0.0375661	0.0486167	0.0411156	0.0727486	0.0417422	0.0400907	0.0728645	0.0608512	0.0715959	0.08382	0.0814035
	0.057154	0.0372204	0.0417092	0.0467502	0.0425146	0.0400115	0.0513948	0.043238	0.0780612	0.0450724	0.042288	0.0781757	0.0640492	0.0769665	0.0884155	0.0861729
	0.153911	0.109904	0.118265	0.130189	0.121069	0.115275	0.141269	0.122903	0.2016	0.127094	0.122507	0.19945	0.170548	0.202865	0.229753	0.221935
	0.0684385	0.0444049	0.0483802	0.056477	0.0503163	0.0469518	0.0619227	0.0508738	0.0961611	0.0537901	0.050067	0.0962901	0.07744	0.0937344	0.109046	0.105377
	0.057154	0.0372204	0.0417092	0.0467502	0.0425146	0.0400115	0.0513948	0.043238	0.0780612	0.0450724	0.042288	0.0781757	0.0640492	0.0769665	0.0884155	0.0861729
	0.0684385	0.0444049	0.0483802	0.056477	0.0503163	0.0469518	0.0619227	0.0508738	0.0961611	0.0537901	0.050067	0.0962901	0.07744	0.0937344	0.109046	0.105377
	0.0452506	0.0310917	0.0334875	0.0379063	0.034419	0.0315717	0.0417093	0.0352656	0.0620979	0.0359692	0.0342214	0.0621978	0.0514188	0.0609191	0.0700845	0.0676529
	0.0379568	0.0249818	0.0271906	0.0312042	0.0280433	0.0266368	0.0346846	0.0288092	0.052011	0.0306925	0.0290834	0.0520932	0.0436147	0.0509825	0.0593508	0.0571176
loop 26
	0.053759	0.034781	0.038335	0.0438733	0.0392209	0.0364876	0.0475161	0.040028	0.0732372	0.0420287	0.0403622	0.0717498	0.0597389	0.0720738	0.082691	0.080287
	0.0552704	0.0366166	0.0398488	0.0462021	0.0406569	0.0381589	0.0495304	0.042667	0.07617	0.0432111	0.0417092	0.07629	0.0621642	0.0750757	0.0865293	0.0842761
	0.045318	0.0298208	0.03353	0.0379577	0.0344659	0.0316132	0.0417685	0.0353142	0.0621916	0.036017	0.0342682	0.0622914	0.0514902	0.0610104	0.0701806	0.0677447
	0.0537631	0.0360737	0.0387835	0.043788	0.0398272	0.0365912	0.0481104	0.0408288	0.0711296	0.0416055	0.0395974	0.0712448	0.059094	0.07152	0.0818928	0.079152
	0.038988	0.0259792	0.0281913	0.0322182	0.0290511	0.0264566	0.0344487	0.0298156	0.0530606	0.0304825	0.0288852	0.053145	0.0433189	0.052033	0.0604151	0.058176
	0.149394	0.0968143	0.106179	0.122067	0.110774	0.102831	0.134592	0.111999	0.199445	0.115859	0.110133	0.199768	0.16597	0.19823	0.223709	0.219308
	0.045318	0.0298208	0.03353	0.0379577	0.0344659	0.0316132	0.0417685	0.0353142	0.0621916	0.036017	0.0342682	0.0622914	0.0514902	0.0610104	0.0701806	0.0677447
	0.038988	0.0259792	0.0281913	0.0322182	0.0290511	0.0264566	0.0344487	0.0298156	0.0530606	0.0304825	0.0288852	0.053145	0.0433189	0.052033	0.0604151	0.058176
	0.053759	0.034781	0.038335	0.0438733	0.0392209	0.0364876	0.0475161	0.040028	0.0732372	0.0420287	0.0403622	0.0717498	0.0597389	0.0720738	0.082691	0.080287
	0.0552704	0.0366166	0.0398488	0.0462021	0.0406569	0.0381589	0.0495304	0.042667	0.07617	0.0432111	0.0417092	0.07629	0.0621642	0.0750757	0.0865293	0.0842761
	0.156821	0.110815	0.119135	0.133073	0.12194	0.116155	0.142023	0.123754	0.204568	0.127931	0.123365	0.202418	0.173516	0.205811	0.232715	0.224896
	0.0643614	0.0421682	0.046316	0.0520812	0.0470531	0.0435744	0.0576682	0.0488965	0.0897263	0.050627	0.0480679	0.0898516	0.0735946	0.0888005	0.102841	0.099098
	0.0552704	0.0366166	0.0398488	0.0462021	0.0406569	0.0381589	0.0495304	0.042667	0.07617	0.0432111	0.0417092	0.07629	0.0621642	0.0750757	0.0865293	0.0842761
	0.0643614	0.0421682	0.046316	0.0520812	0.0470531	0.0435744	0.0576682	0.0488965	0.0897263	0.050627	0.0480679	0.0898516	0.0735946	0.0888005	0.102841	0.099098
	0.045318	0.0298208	0.03353	0.0379577	0.0344659	0.0316132	0.0417685	0.0353142	0.0621916	0.036017	0.0342682	0.0622914	0.0514902	0.0610104	0.0701806	0.0677447
	0.038988	0.0259792	0.0281913	0.0322182	0.0290511	0.0264566	0.0344487	0.0298156	0.0530606	0.0304825	0.0288852	0.053145	0.0433189	0.052033	0.0604151	0.058176
loop 27
	0.052602	0.0350001	0.0385754	0.0427491	0.0394698	0.0367174	0.0478034	0.0402752	0.0720333	0.0409104	0.0392512	0.0721467	0.0600821	0.0708692	0.0814707	0.0790733
	0.0562934	0.0375444	0.040788	0.0458591	0.0415951	0.0390858	0.0505181	0.0423316	0.0772726	0.0441638	0.042654	0.077395	0.0632143	0.07617	0.0876524	0.0854038
	0.0473792	0.0318367	0.034211	0.0386198	0.0351385	0.0323031	0.0424044	0.0359889	0.0642847	0.0366833	0.0349384	0.0643831	0.0535808	0.063104	0.0722748	0.069833
	0.0577938	0.0386587	0.0428642	0.0478584	0.0439009	0.0406462	0.0521708	0.0449142	0.0786934	0.0456562	0.04365	0.0788192	0.0647887	0.0772425	0.0876144	0.0848802
	0.0390672	0.0260334	0.0282487	0.0322831	0.0291087	0.0265133	0.0345183	0.0298756	0.0531675	0.0305425	0.0289428	0.0532519	0.0434034	0.0521315	0.0590687	0.0582976
	0.14942	0.0968367	0.106199	0.122093	0.110801	0.102856	0.134622	0.112022	0.199472	0.115882	0.110155	0.199795	0.166001	0.198269	0.22374	0.219339
	0.0473792	0.0318367	0.034211	0.0386198	0.0351385	0.0323031	0.0424044	0.0359889	0.0642847	0.0366833	0.0349384	0.0643831	0.0535808	0.063104	0.0722748	0.069833
	0.0390672	0.0260334	0.0282487	0.0322831	0.0291087	0.0265133	0.0345183	0.0298756	0.0531675	0.0305425	0.0289428	0.0532519	0.0434034	0.0521315	0.0590687	0.0582976
	0.052602	0.0350001	0.0385754	0.0427491	0.0394698	0.0367174	0.0478034	0.0402752	0.0720333	0.0409104	0.0392512	0.0721467	0.0600821	0.0708692	0.0814707	0.0790733
	0.0562934	0.0375444	0.040788	0.0458591	0.0415951	0.0390858	0.0505181	0.0423316	0.0772726	0.0441638	0.042654	0.077395	0.0632143	0.07617	0.0876524	0.0854038
	0.155291	0.109275	0.117605	0.131547	0.120401	0.114612	0.140497	0.122209	0.202976	0.12638	0.121827	0.200828	0.171923	0.201749	0.231106	0.223277
	0.0648939	0.0421125	0.046104	0.0529553	0.0468154	0.043458	0.0583929	0.0486049	0.0910901	0.0502704	0.0477959	0.08972	0.0738879	0.0886896	0.102349	0.100251
	0.0562934	0.0375444	0.040788	0.0458591	0.0415951	0.0390858	0.0505181	0.0423316	0.0772726	0.0441638	0.042654	0.077395	0.0632143	0.07617	0.0876524	0.0854038
	0.0648939	0.0421125	0.046104	0.0529553	0.0468154	0.043458	0.0583929	0.0486049	0.0910901	0.0502704	0.0477959	0.08972	0.0738879	0.0886896	0.102349	0.100251
	0.0473792	0.0318367	0.034211	0.0386198	0.0351385	0.0323031	0.0424044	0.0359889	0.0642847	0.0366833	0.0349384	0.0643831	0.0535808	0.063104	0.0722748	0.069833
	0.0390672	0.0260334	0.0282487	0.0322831	0.0291087	0.0265133	0.0345183	0.0298756	0.0531675	0.0305425	0.0289428	0.0532519	0.0434034	0.0521315	0.0590687	0.0582976
loop 28
	0.0535511	0.0359455	0.0381725	0.0436947	0.039056	0.0376602	0.0487508	0.0412236	0.0729722	0.0418538	0.0401916	0.0730881	0.0610304	0.0718146	0.082397	0.0800047
	0.0574297	0.0374076	0.0406323	0.0469872	0.0414346	0.0389436	0.0516548	0.043449	0.0784358	0.0452962	0.0424928	0.0770176	0.064366	0.0773338	0.0888344	0.0865768
	0.0453141	0.0298208	0.0335325	0.0379547	0.0344659	0.0316132	0.041765	0.0353115	0.0621791	0.036017	0.0342708	0.0622789	0.0514855	0.0610043	0.0701659	0.0677305
	0.0624612	0.0415792	0.0457975	0.052437	0.0468229	0.0451124	0.0567688	0.0478656	0.0853605	0.0501873	0.04815	0.0836325	0.0694998	0.083835	0.096236	0.093469
	0.0381274	0.025102	0.0273176	0.0313499	0.0281758	0.0267644	0.034845	0.0289428	0.0522246	0.0296139	0.0280145	0.0523122	0.0424673	0.0511957	0.0581312	0.0573548
	0.14942	0.0968367	0.106199	0.122093	0.110801	0.102856	0.134622	0.112022	0.199472	0.115882	0.110155	0.199795	0.166001	0.198269	0.22374	0.219339
	0.0453141	0.0298208	0.0335325	0.0379547	0.0344659	0.0316132	0.041765	0.0353115	0.0621791	0.036017	0.0342708	0.0622789	0.0514855	0.0610043	0.0701659	0.0677305
	0.0381274	0.025102	0.0273176	0.0313499	0.0281758	0.0267644	0.034845	0.0289428	0.0522246	0.0296139	0.0280145	0.0523122	0.0424673	0.0511957	0.0581312	0.0573548
	0.0535511	0.0359455	0.0381725	0.0436947	0.039056	0.0376602	0.0487508	0.0412236	0.0729722	0.0418538	0.0401916	0.0730881	0.0610304	0.0718146	0.082397	0.0800047
	0.0574297	0.0374076	0.0406323	0.0469872	0.0414346	0.0389436	0.0516548	0.043449	0.0784358	0.0452962	0.0424928	0.0770176	0.064366	0.0773338	0.0888344	0.0865768
	0.152926	0.109275	0.117565	0.129358	0.120359	0.114612	0.14036	0.122153	0.200194	0.126321	0.121785	0.20047	0.171697	0.201498	0.22818	0.2204
	0.0623394	0.0399532	0.044139	0.0512573	0.0448883	0.0426062	0.0555942	0.0467431	0.0864104	0.0484837	0.045904	0.0865404	0.0702242	0.0854757	0.0979912	0.0958232
	0.0574297	0.0374076	0.0406323	0.0469872	0.0414346	0.0389436	0.0516548	0.043449	0.0784358	0.0452962	0.0424928	0.0770176	0.064366	0.0773338	0.0888344	0.0865768
	0.0623394	0.0399532	0.044139	0.0512573	0.0448883	0.0426062	0.0555942	0.0467431	0.0864104	0.0484837	0.045904	0.0865404	0.0702242	0.0854757	0.0979912	0.0958232
	0.0453141	0.0298208	0.0335325	0.0379547	0.0344659	0.0316132	0.041765	0.0353115	0.0621791	0.036017	0.0342708	0.0622789	0.0514855	0.0610043	0.0701659	0.0677305
	0.0381274	0.025102	0.0273176	0.0313499	0.0281758	0.0267644	0.034845	0.0289428	0.0522246	0.0296139	0.0280145	0.0523122	0.0424673	0.0511957	0.0581312	0.0573548
loop 29
	0.052431	0.0348822	0.0384487	0.0439924	0.0393386	0.0365934	0.0476418	0.0401429	0.0718065	0.0421515	0.03912	0.0719199	0.0598886	0.0706474	0.081221	0.0788244
	0.0572212	0.0372348	0.0417303	0.0467956	0.042532	0.0400274	0.0514526	0.043265	0.0781861	0.045101	0.0423055	0.0783005	0.0641363	0.0770686	0.088551	0.0863036
	0.045322	0.0298271	0.0335375	0.0379607	0.0344711	0.0316178	0.041772	0.0353196	0.0621853	0.0360226	0.034276	0.0622852	0.051495	0.0610104	0.0701806	0.0677447
	0.0592557	0.0399651	0.0426495	0.0492586	0.0436782	0.0419612	0.053573	0.0446997	0.0784568	0.0470213	0.0449954	0.0785825	0.0662854	0.0788044	0.0892436	0.0865021
	0.0388044	0.0258262	0.0280322	0.0320505	0.0288852	0.0274826	0.035534	0.0296524	0.0528581	0.030315	0.0287217	0.0529481	0.0444617	0.0518194	0.0601932	0.0579648
	0.14942	0.0968322	0.106194	0.122093	0.110796	0.102851	0.134622	0.112016	0.199445	0.115876	0.11015	0.199781	0.16598	0.198256	0.223709	0.219323
	0.045322	0.0298271	0.0335375	0.0379607	0.0344711	0.0316178	0.041772	0.0353196	0.0621853	0.0360226	0.034276	0.0622852	0.051495	0.0610104	0.0701806	0.0677447
	0.0388044	0.0258262	0.0280322	0.0320505	0.0288852	0.0274826	0.035534	0.0296524	0.0528581	0.030315	0.0287217	0.0529481	0.0444617	0.0518194	0.0601932	0.0579648
	0.052431	0.0348822	0.0384487	0.0439924	0.0393386	0.0365934	0.0476418	0.0401429	0.0718065	0.0421515	0.03912	0.0719199	0.0598886	0.0706474	0.081221	0.0788244
	0.0572212	0.0372348	0.0417303	0.0467956	0.042532	0.0400274	0.0514526	0.043265	0.0781861	0.045101	0.0423055	0.0783005	0.0641363	0.0770686	0.088551	0.0863036
	0.156344	0.110421	0.120763	0.13266	0.123552	0.117767	0.143705	0.1254	0.206325	0.129574	0.12499	0.204172	0.175221	0.20756	0.234487	0.22667
	0.0597213	0.039082	0.0431762	0.0489093	0.0439137	0.0404785	0.0531417	0.0445025	0.0832411	0.0461981	0.0436856	0.083356	0.0674201	0.0823012	0.0945411	0.0909072
	0.0572212	0.0372348	0.0417303	0.0467956	0.042532	0.0400274	0.0514526	0.043265	0.0781861	0.045101	0.0423055	0.0783005	0.0641363	0.0770686	0.088551	0.0863036
	0.0597213	0.039082	0.0431762	0.0489093	0.0439137	0.0404785	0.0531417	0.0445025	0.0832411	0.0461981	0.0436856	0.083356	0.0674201	0.0823012	0.0945411	0.0909072
	0.045322	0.0298271	0.0335375	0.0379607	0.0344711	0.0316178	0.041772	0.0353196	0.0621853	0.0360226	0.034276	0.0622852	0.051495	0.0610104	0.0701806	0.0677447
	0.0388044	0.0258262	0.0280322	0.0320505	0.0288852	0.0274826	0.035534	0.0296524	0.0528581	0.030315	0.0287217	0.0529481	0.0444617	0.0518194	0.0601932	0.0579648
loop 30
	0.0537003	0.0347529	0.0383025	0.0438297	0.0391906	0.0364603	0.0474667	0.0399897	0.0731461	0.0419878	0.0403274	0.073262	0.0596702	0.0719847	0.082593	0.0801835
	0.0563787	0.0364321	0.0409149	0.0459669	0.0417261	0.0392242	0.0506137	0.0424449	0.0773032	0.044284	0.0414979	0.0774256	0.063284	0.07622	0.0876766	0.0854271
	0.0453022	0.0298102	0.033525	0.0379426	0.034458	0.0316017	0.0417546	0.0353061	0.0621666	0.0360114	0.034263	0.0622665	0.0514759	0.0609921	0.0701585	0.0677235
	0.0610934	0.0418563	0.0445048	0.0511128	0.0455284	0.0438319	0.0554302	0.04815	0.0820774	0.0488679	0.0468438	0.0822121	0.0681165	0.0823942	0.0928668	0.0901237
	0.03811	0.0250946	0.0273091	0.0313342	0.0281647	0.0267563	0.0348268	0.0289313	0.0522082	0.03082	0.0292078	0.0522903	0.0437837	0.0511744	0.0595739	0.0573361
	0.149403	0.0968277	0.106194	0.122086	0.11079	0.102851	0.134607	0.112011	0.199472	0.11587	0.110144	0.199808	0.16597	0.198256	0.22374	0.219339
	0.0453022	0.0298102	0.033525	0.0379426	0.034458	0.0316017	0.0417546	0.0353061	0.0621666	0.0360114	0.034263	0.0622665	0.0514759	0.0609921	0.0701585	0.0677235
	0.03811	0.0250946	0.0273091	0.0313342	0.0281647	0.0267563	0.0348268	0.0289313	0.0522082	0.03082	0.0292078	0.0522903	0.0437837	0.0511744	0.0595739	0.0573361
	0.0537003	0.0347529	0.0383025	0.0438297	0.0391906	0.0364603	0.0474667	0.0399897	0.0731461	0.0419878	0.0403274	0.073262	0.0596702	0.0719847	0.082593	0.0801835
	0.0563787	0.0364321	0.0409149	0.0459669	0.0417261	0.0392242	0.0506137	0.0424449	0.0773032	0.044284	0.0414979	0.0774256	0.063284	0.07622	0.0876766	0.0854271
	0.1526	0.108557	0.116909	0.128854	0.11971	0.113912	0.139932	0.121543	0.197928	0.125737	0.121153	0.198197	0.169252	0.199178	0.225985	0.218203
	0.0554909	0.0354924	0.0397192	0.044391	0.040489	0.038158	0.0487494	0.0411192	0.0766854	0.0428728	0.0402712	0.0753239	0.0620217	0.0742638	0.0866377	0.0829697
	0.0563787	0.0364321	0.0409149	0.0459669	0.0417261	0.0392242	0.0506137	0.0424449	0.0773032	0.044284	0.0414979	0.0774256	0.063284	0.07622	0.0876766	0.0854271
	0.0554909	0.0354924	0.0397192	0.044391	0.040489	0.038158	0.0487494	0.0411192	0.0766854	0.0428728	0.0402712	0.0753239	0.0620217	0.0742638	0.0866377	0.0829697
	0.0453022	0.0298102	0.033525	0.0379426	0.034458	0.0316017	0.0417546	0.0353061	0.0621666	0.0360114	0.034263	0.0622665	0.0514759	0.0609921	0.0701585	0.0677235
	0.03811	0.0250946	0.0273091	0.0313342	0.0281647	0.0267563	0.0348268	0.0289313	0.0522082	0.03082	0.0292078	0.0522903	0.0437837	0.0511744	0.0595739	0.0573361
loop 31
	0.0536257	0.034694	0.0382407	0.0437622	0.0391267	0.0363968	0.0473949	0.0399271	0.073055	0.0419245	0.0402612	0.0731626	0.0595891	0.0718875	0.0824852	0.08008
	0.0569523	0.0383003	0.0415317	0.0478898	0.0423316	0.0398369	0.0525665	0.0443534	0.0793659	0.0448867	0.0433907	0.0794826	0.065286	0.0782485	0.0897523	0.0875072
	0.0453061	0.0298123	0.033525	0.0379456	0.034458	0.031604	0.0417546	0.0353061	0.0621666	0.0360086	0.034263	0.0622665	0.0514759	0.0609921	0.0701585	0.0677235
	0.0598014	0.0406799	0.0448849	0.0498913	0.0459152	0.0426555	0.0541886	0.0469413	0.082521	0.0476676	0.0456562	0.0808086	0.068518	0.0810255	0.0914412	0.0887046
	0.0379673	0.0249911	0.0271991	0.0312146	0.0280521	0.026647	0.0346937	0.0288184	0.052022	0.0307025	0.0290926	0.0521041	0.0436274	0.0509932	0.0593639	0.0571364
	0.149386	0.0968098	0.106174	0.122067	0.110774	0.102831	0.134592	0.111994	0.199445	0.115853	0.110128	0.199781	0.16597	0.19823	0.223709	0.219308
	0.0453061	0.0298123	0.033525	0.0379456	0.034458	0.031604	0.0417546	0.0353061	0.0621666	0.0360086	0.034263	0.0622665	0.0514759	0.0609921	0.0701585	0.0677235
	0.0379673	0.0249911	0.0271991	0.0312146	0.0280521	0.026647	0.0346937	0.0288184	0.052022	0.0307025	0.0290926	0.0521041	0.0436274	0.0509932	0.0593639	0.0571364
	0.0536257	0.034694	0.0382407	0.0437622	0.0391267	0.0363968	0.0473949	0.0399271	0.073055	0.0419245	0.0402612	0.0731626	0.0595891	0.0718875	0.0824852	0.08008
	0.0569523	0.0383003	0.0415317	0.0478898	0.0423316	0.0398369	0.0525665	0.0443534	0.0793659	0.0448867	0.0433907	0.0794826	0.065286	0.0782485	0.0897523	0.0875072
	0.160978	0.114052	0.12215	0.13569	0.12489	0.119292	0.146455	0.126606	0.212262	0.13276	0.126298	0.210146	0.179494	0.211221	0.240101	0.234887
	0.0594112	0.0387014	0.0430944	0.0492292	0.043891	0.0402145	0.0537662	0.0445249	0.0828221	0.0463419	0.0436552	0.0813936	0.0676006	0.0803171	0.0931559	0.09092
	0.0569523	0.0383003	0.0415317	0.0478898	0.0423316	0.0398369	0.0525665	0.0443534	0.0793659	0.0448867	0.0433907	0.0794826	0.065286	0.0782485	0.0897523	0.0875072
	0.0594112	0.0387014	0.0430944	0.0492292	0.043891	0.0402145	0.0537662	0.0445249	0.0828221	0.0463419	0.0436552	0.0813936	0.0676006	0.0803171	0.0931559	0.09092
	0.0453061	0.0298123	0.033525	0.0379456	0.034458	0.031604	0.0417546	0.0353061	0.0621666	0.0360086	0.034263	0.0622665	0.0514759	0.0609921	0.0701585	0.0677235
	0.0379673	0.0249911	0.0271991	0.0312146	0.0280521	0.026647	0.0346937	0.0288184	0.052022	0.0307025	0.0290926	0.0521041	0.0436274	0.0509932	0.0593639	0.0571364

work load: twolf.mips vpr.mips mcf.mips vortex.mips parser.mips bzip2.mips mcf.mips parser.mips twolf.mips vpr.mips gcc.mips crafty.mips vpr.mips crafty.mips mcf.mips parser.mips
