loop 0
	0.149394	0.0968143	0.106179	0.122067
	0.0571338	0.0372492	0.0404521	0.0467553
	0.0533433	0.0358026	0.0393689	0.0449208
	0.0453141	0.0298271	0.0335375	0.0379577
loop 1
	0.149386	0.0968098	0.106163	0.122061
	0.0553984	0.036735	0.0399718	0.0450105
	0.0536311	0.034694	0.0382375	0.0437662
	0.0453101	0.0298208	0.0335325	0.0379577
loop 2
	0.149386	0.0968098	0.106168	0.122067
	0.0543778	0.0357526	0.0389858	0.04532
	0.0523636	0.0348232	0.0383869	0.0439289
	0.0453061	0.029825	0.0335325	0.0379547
loop 3
	0.14942	0.0968322	0.106189	0.122086
	0.0551616	0.0365575	0.0397813	0.0461139
	0.0523688	0.0348372	0.0383967	0.0439408
	0.0452903	0.0298102	0.0335175	0.0379365
loop 4
	0.14942	0.0968322	0.106189	0.122086
	0.0581914	0.0382035	0.0414219	0.0477654
	0.0523947	0.0348541	0.0384162	0.0439606
	0.0452863	0.0311093	0.0335075	0.0379305
loop 5
	0.14942	0.0968322	0.106194	0.122093
	0.056254	0.036359	0.040833	0.0458689
	0.0523688	0.0348428	0.0383999	0.0439448
	0.0473834	0.0318505	0.0342266	0.0386292
loop 6
	0.149403	0.0968277	0.106194	0.122086
	0.0561622	0.0375156	0.0407429	0.0457807
	0.0535724	0.0346574	0.0382017	0.0437185
	0.0452307	0.0310674	0.0334675	0.0378791
loop 7
	0.149386	0.0968098	0.106174	0.122067
	0.0581225	0.0381923	0.041405	0.0477239
	0.0547052	0.0357297	0.0392882	0.0448266
	0.0452387	0.0310696	0.03347	0.0378851
loop 8
	0.149377	0.0968053	0.106168	0.122061
	0.0560506	0.0374148	0.0406405	0.0469872
	0.0538016	0.034826	0.0383804	0.043917
	0.0452585	0.0310895	0.0334875	0.0379093
loop 9
	0.149377	0.0968188	0.106174	0.122067
	0.0563721	0.0364565	0.0396702	0.0459767
	0.0538069	0.0348176	0.0383739	0.043917
	0.0452426	0.031074	0.0334675	0.0378912
loop 10
	0.14942	0.0968322	0.106189	0.122086
	0.0561425	0.0375192	0.040747	0.0457758
	0.053727	0.0347614	0.0383122	0.0438495
	0.0452466	0.031085	0.03348	0.0379002
loop 11
	0.149411	0.0968322	0.106189	0.122086
	0.056523	0.0365505	0.0397694	0.0460992
	0.0537749	0.0347979	0.0383512	0.0438932
	0.0452426	0.0310806	0.0334775	0.0378942
loop 12
	0.149411	0.0968277	0.106184	0.12208
	0.0552576	0.0366375	0.0398646	0.046207
	0.0523843	0.0348456	0.0384032	0.0439487
	0.0452585	0.0310895	0.0334925	0.0379093
loop 13
	0.151828	0.0997287	0.108989	0.124764
	0.0555136	0.0368116	0.0400551	0.0451105
	0.0537749	0.0348007	0.0383609	0.0438932
	0.0452704	0.0297912	0.0334975	0.0379184
loop 14
	0.149377	0.0968008	0.106163	0.122054
	0.0574297	0.0374292	0.0406569	0.0469972
	0.0546505	0.0356918	0.0392444	0.0447816
	0.0452664	0.0310917	0.033495	0.0379123
loop 15
	0.149429	0.0968412	0.10621	0.122099
	0.0572212	0.0372852	0.0404972	0.0468208
	0.0535778	0.0346715	0.0382115	0.0437344
	0.0452625	0.031085	0.0334825	0.0379063
loop 16
	0.14942	0.0968367	0.106199	0.122093
	0.0564246	0.0364461	0.0409354	0.0459963
	0.0525243	0.034958	0.0385234	0.0440797
	0.0473749	0.0318413	0.0342162	0.0386198
loop 17
	0.149403	0.0968367	0.106199	0.122093
	0.057033	0.0371304	0.0416078	0.0466494
	0.0533113	0.035791	0.0393588	0.0448963
	0.0452545	0.031085	0.03348	0.0379032
loop 18
	0.149411	0.0968277	0.106189	0.122086
	0.0560178	0.0373968	0.04062	0.046967
	0.0536524	0.0347108	0.038257	0.043786
	0.0452585	0.0310828	0.0334825	0.0379063
loop 19
	0.149386	0.0968143	0.106179	0.122067
	0.0553152	0.0366375	0.0398765	0.0449248
	0.0524206	0.0348737	0.0384389	0.0439845
	0.0452664	0.0310917	0.0334925	0.0379123
loop 20
	0.149394	0.0968143	0.106179	0.122074
	0.0553984	0.0367246	0.0399639	0.0450057
	0.053759	0.0347867	0.0383414	0.0438773
	0.0452545	0.031085	0.033485	0.0379032
loop 21
	0.149386	0.0968053	0.106168	0.122061
	0.0573624	0.0373392	0.0405668	0.0469166
	0.053679	0.0347164	0.03827	0.0438019
	0.0452545	0.0310784	0.0334775	0.0379002
loop 22
	0.14942	0.0968367	0.106205	0.122099
	0.055584	0.0368359	0.0400829	0.0451533
	0.0536204	0.0347024	0.0382472	0.0437662
	0.0452545	0.0310873	0.03349	0.0379032
loop 23
	0.14942	0.0968322	0.106194	0.122093
	0.0562212	0.0375588	0.040788	0.0458346
	0.0524102	0.0348681	0.0384292	0.0439805
	0.0452426	0.0310784	0.0334775	0.0378942
loop 24
	0.149411	0.0968322	0.106194	0.122086
	0.058847	0.0389282	0.0421356	0.0484566
	0.0537536	0.0347951	0.0383447	0.0438773
	0.0452426	0.031074	0.0334725	0.0378912
loop 25
	0.149386	0.0968143	0.106179	0.122067
	0.057154	0.0372204	0.0417092	0.0467502
	0.0533966	0.0358551	0.0394227	0.0435757
	0.0452506	0.0310917	0.0334875	0.0379063
loop 26
	0.149377	0.0968053	0.106168	0.122061
	0.0552704	0.0366166	0.0398488	0.0462021
	0.053759	0.034781	0.038335	0.0438733
	0.045318	0.0298208	0.03353	0.0379577
loop 27
	0.149394	0.0968188	0.106179	0.122074
	0.0562934	0.0375444	0.040788	0.0458591
	0.052602	0.0350001	0.0385754	0.0427491
	0.0473792	0.0318367	0.034211	0.0386198
loop 28
	0.14942	0.0968367	0.106199	0.122099
	0.0574297	0.0374076	0.0406323	0.0469872
	0.0535511	0.0359455	0.0381725	0.0436947
	0.0453141	0.0298208	0.0335325	0.0379547
loop 29
	0.14942	0.0968367	0.106199	0.122093
	0.0572212	0.0372348	0.0417303	0.0467956
	0.052431	0.0348822	0.0384487	0.0439924
	0.045322	0.0298271	0.0335375	0.0379607
loop 30
	0.14942	0.0968322	0.106199	0.122093
	0.0563787	0.0364321	0.0409149	0.0459669
	0.0537003	0.0347529	0.0383025	0.0438297
	0.0453022	0.0298102	0.033525	0.0379426
loop 31
	0.149394	0.0968143	0.106179	0.122067
	0.0569523	0.0383003	0.0415317	0.0478898
	0.0536257	0.034694	0.0382407	0.0437622
	0.0453061	0.0298123	0.033525	0.0379456

work load: gzip.mips vpr.mips twolf.mips mcf.mips
