loop 0
	0.0742128	0.0492372	0.0533012	0.0611473	0.054325	0.0512098	0.06699	0.056732
	0.0512335	0.034609	0.0379847	0.0432386	0.038826	0.0362231	0.0466864	0.0395877
	0.0571338	0.0372492	0.0404521	0.0467553	0.042532	0.0387783	0.0513948	0.043247
	0.0571338	0.0372492	0.0404521	0.0467553	0.042532	0.0387783	0.0513948	0.043247
	0.149394	0.0968098	0.106168	0.122061	0.110763	0.102827	0.134592	0.111988
	0.0551456	0.0368989	0.0403133	0.0456397	0.0411616	0.0385277	0.0491346	0.0419365
	0.0742485	0.0488022	0.0532839	0.0609646	0.0540624	0.0502752	0.0670264	0.056096
	0.07285	0.0466339	0.0505239	0.0584439	0.0524318	0.0491288	0.0650884	0.054194
loop 1
	0.0741926	0.0492228	0.0532849	0.0611322	0.0543124	0.0511944	0.0669727	0.056714
	0.0511951	0.0345848	0.0379533	0.0418898	0.0387936	0.0361971	0.0466626	0.0395542
	0.0553984	0.036735	0.0399718	0.0450105	0.0407798	0.0382816	0.0496509	0.0414979
	0.0553984	0.036735	0.0399718	0.0450105	0.0407798	0.0382816	0.0496509	0.0414979
	0.149394	0.0968098	0.106168	0.122067	0.110763	0.102827	0.134592	0.111988
	0.05415	0.0359229	0.0393336	0.044649	0.0401831	0.0375523	0.0481474	0.040954
	0.0747602	0.0499311	0.0545832	0.0625444	0.0553887	0.0514675	0.0673206	0.0574921
	0.0717756	0.0456355	0.0507306	0.0586809	0.0514171	0.0481216	0.0640395	0.0531698
loop 2
	0.0742128	0.0492372	0.0533012	0.0611473	0.054325	0.0512059	0.06699	0.056732
	0.05256	0.0345727	0.0379394	0.0431879	0.0387792	0.0361841	0.0466388	0.0395431
	0.0543778	0.0357526	0.0389858	0.04532	0.0397892	0.0372996	0.0486431	0.0417853
	0.0543778	0.0357526	0.0389858	0.04532	0.0397892	0.0372996	0.0486431	0.0417853
	0.149377	0.0968008	0.106158	0.122054	0.110758	0.102817	0.134585	0.111977
	0.0541384	0.0359103	0.0393192	0.0446403	0.0401682	0.0375389	0.0495177	0.0409424
	0.0728156	0.0472556	0.0517556	0.059459	0.0525443	0.0501139	0.0655542	0.0545735
	0.0727531	0.0463055	0.0514677	0.0582154	0.052165	0.0488256	0.064923	0.053939
loop 3
	0.0742128	0.0492372	0.0532972	0.0611473	0.054325	0.0512059	0.06699	0.0567275
	0.0512389	0.0345969	0.0379707	0.0432344	0.0388116	0.0362101	0.0466911	0.0395766
	0.0551616	0.0365575	0.0397813	0.0461139	0.0405873	0.0380993	0.0507712	0.0425843
	0.0551616	0.0365575	0.0397813	0.0461139	0.0405873	0.0380993	0.0507712	0.0425843
	0.14942	0.0968367	0.106205	0.122099	0.110801	0.102856	0.134622	0.112022
	0.0540229	0.0358319	0.0392364	0.0445445	0.0400826	0.0374581	0.0494169	0.040854
	0.0731456	0.0478038	0.052267	0.0599125	0.0544335	0.050642	0.0659502	0.0550581
	0.0727813	0.0465791	0.0516923	0.0583847	0.052374	0.0490697	0.0650198	0.0541335
loop 4
	0.0741993	0.0492264	0.053289	0.0611372	0.0543166	0.0511982	0.0669785	0.0567185
	0.0514306	0.0335048	0.0368593	0.0420864	0.0376957	0.0351138	0.046872	0.0384552
	0.0581914	0.0382035	0.0414219	0.0477654	0.0422227	0.0397337	0.0524242	0.0442332
	0.0581914	0.0382035	0.0414219	0.0477654	0.0422227	0.0397337	0.0524242	0.0442332
	0.14942	0.0968322	0.106194	0.122093	0.110796	0.102851	0.134622	0.112016
	0.0540345	0.0358476	0.0392472	0.0445575	0.0400975	0.0374716	0.049427	0.0421944
	0.0722442	0.046893	0.0513563	0.0589974	0.05214	0.0497356	0.0650473	0.0541476
	0.0707143	0.0458312	0.0497307	0.0576523	0.0516358	0.0483264	0.0642988	0.0533991
loop 5
	0.0742128	0.0492372	0.0532972	0.0611473	0.054325	0.0512059	0.06699	0.0567275
	0.0502685	0.0336536	0.0370208	0.0422707	0.0378628	0.0352675	0.0457267	0.0386244
	0.056254	0.036359	0.040833	0.0458689	0.0416374	0.0391473	0.0505069	0.0423577
	0.056254	0.036359	0.040833	0.0458689	0.0416374	0.0391473	0.0505069	0.0423577
	0.149411	0.0968322	0.106194	0.122086	0.110796	0.102851	0.134615	0.112016
	0.0552168	0.0356751	0.0390636	0.045707	0.0412307	0.0385938	0.0492002	0.042
	0.0750556	0.0490086	0.053584	0.0614436	0.0558024	0.0519125	0.0676674	0.0564686
	0.0718317	0.0456711	0.0507719	0.0587317	0.0514594	0.04816	0.0640875	0.0532142
loop 6
	0.0742061	0.0492336	0.0532972	0.0611423	0.0543208	0.0512021	0.0669843	0.0568307
	0.051562	0.0348299	0.0382249	0.0435133	0.0390708	0.0364505	0.0469863	0.039837
	0.0561622	0.0375156	0.0407429	0.0457807	0.0415486	0.039055	0.0504169	0.0422706
	0.0561622	0.0375156	0.0407429	0.0457807	0.0415486	0.039055	0.0504169	0.0422706
	0.149386	0.0968143	0.106174	0.122067	0.110774	0.102831	0.134592	0.111994
	0.0553413	0.0370354	0.0404622	0.0458058	0.0413153	0.0386704	0.049306	0.0420873
	0.0727957	0.0482503	0.0528412	0.0592384	0.0536417	0.0497768	0.0654368	0.0557112
	0.0719329	0.0457482	0.0508546	0.0575447	0.051537	0.0482368	0.0641835	0.0532956
loop 7
	0.0742061	0.0492336	0.0532972	0.0611473	0.054325	0.0512059	0.06699	0.0567275
	0.0525319	0.0345425	0.0379081	0.0431542	0.0387504	0.0361549	0.0466054	0.0395096
	0.0581225	0.0381923	0.041405	0.0477239	0.0422009	0.0397257	0.0523709	0.0442054
	0.0581225	0.0381923	0.041405	0.0477239	0.0422009	0.0397257	0.0523709	0.0442054
	0.149377	0.0968008	0.106153	0.122054	0.110752	0.102817	0.134578	0.111977
	0.055199	0.0369509	0.0403654	0.0456935	0.0412154	0.0385799	0.0505803	0.0419881
	0.074431	0.0476072	0.0534321	0.0611091	0.0542145	0.050434	0.0657315	0.0562496
	0.0714971	0.0451856	0.0503157	0.0583148	0.0510062	0.0476875	0.0636989	0.0527714
loop 8
	0.0742128	0.0492372	0.0533012	0.0611524	0.0543293	0.0512098	0.0669958	0.056732
	0.0516715	0.0336419	0.0370175	0.0422707	0.0378559	0.0352549	0.0457406	0.0386208
	0.0560506	0.0374148	0.0406405	0.0469872	0.041443	0.0389513	0.0516605	0.0434535
	0.0560506	0.0374148	0.0406405	0.0469872	0.041443	0.0389513	0.0516605	0.0434535
	0.149386	0.0968143	0.106168	0.122067	0.110769	0.102831	0.134592	0.111988
	0.055027	0.0367949	0.0402054	0.0455319	0.0410539	0.0384198	0.0504144	0.0418293
	0.0725391	0.0470547	0.0515419	0.0592316	0.0523248	0.0499008	0.0653086	0.0543605
	0.0703256	0.0453185	0.0492403	0.0572022	0.0511508	0.0478248	0.0625674	0.0529231
loop 9
	0.0742061	0.04923	0.0532931	0.0611372	0.0543166	0.0511982	0.0669843	0.056723
	0.0514963	0.0335486	0.0369064	0.0421356	0.0377445	0.0351577	0.0455834	0.0385056
	0.0563721	0.0364565	0.0396702	0.0459767	0.0417472	0.0379951	0.050625	0.0424666
	0.0563721	0.0364565	0.0396702	0.0459767	0.0417472	0.0379951	0.050625	0.0424666
	0.14942	0.0968322	0.106189	0.122093	0.11079	0.102851	0.134622	0.112011
	0.0543175	0.0360358	0.039456	0.0447927	0.0403059	0.0376667	0.0482944	0.0410847
	0.0719585	0.0467019	0.0511481	0.0587632	0.0519262	0.0495277	0.0647859	0.0539286
	0.0702175	0.0452376	0.049155	0.0571131	0.0510682	0.0465426	0.062466	0.0516005
loop 10
	0.0742061	0.0492372	0.0532972	0.0611473	0.054325	0.0512059	0.06699	0.0567275
	0.0515127	0.0335573	0.0369165	0.0421478	0.0377549	0.0351671	0.0455973	0.0385128
	0.0561425	0.0375192	0.040747	0.0457758	0.0415529	0.0390627	0.0504056	0.0422706
	0.0561425	0.0375192	0.040747	0.0457758	0.0415529	0.0390627	0.0504056	0.0422706
	0.14942	0.0968322	0.106189	0.122086	0.110785	0.102851	0.134615	0.112011
	0.0552049	0.0356689	0.0390564	0.0443441	0.0399003	0.0372866	0.0491901	0.041992
	0.078163	0.0503885	0.0564413	0.0644044	0.0572425	0.0533194	0.0706829	0.0593574
	0.0701309	0.0451799	0.0490894	0.0570321	0.0509993	0.0476812	0.0623923	0.0527642
loop 11
	0.0742128	0.0492408	0.0533012	0.0611524	0.0543293	0.0512098	0.0669958	0.056732
	0.051343	0.0346514	0.0380369	0.0433147	0.0388764	0.0362686	0.0467863	0.0396473
	0.056523	0.0365505	0.0397694	0.0460992	0.0418529	0.0380919	0.0507544	0.0425755
	0.056523	0.0365505	0.0397694	0.0460992	0.0418529	0.0380919	0.0507544	0.0425755
	0.14942	0.0968322	0.106199	0.122093	0.110796	0.102851	0.134622	0.112016
	0.0543984	0.0360985	0.0395208	0.0448624	0.0403728	0.037734	0.0483728	0.04115
	0.0718932	0.0476672	0.0522	0.0599687	0.0529948	0.0491702	0.0646314	0.0550419
	0.0676	0.0435912	0.0475769	0.054368	0.0482804	0.0449269	0.0597812	0.0500604
loop 12
	0.0741993	0.04923	0.0532931	0.0611372	0.0543166	0.0511982	0.0669843	0.056723
	0.0516825	0.0336769	0.0370444	0.0422953	0.0378872	0.0352925	0.0457545	0.0386496
	0.0552576	0.0366375	0.0398646	0.046207	0.0406733	0.0381812	0.0495249	0.0426757
	0.0552576	0.0366375	0.0398646	0.046207	0.0406733	0.0381812	0.0495249	0.0426757
	0.149394	0.0968143	0.106179	0.122067	0.110774	0.102831	0.134592	0.111994
	0.0553235	0.0357535	0.0391464	0.0444443	0.0399933	0.037374	0.049301	0.0420873
	0.0745078	0.0476979	0.0521457	0.0597855	0.0543058	0.0505271	0.0658125	0.0549458
	0.06679	0.043037	0.0469746	0.0537024	0.047675	0.0455495	0.0590618	0.0494306
loop 13
	0.0742061	0.0492372	0.0532972	0.0611473	0.054325	0.0512059	0.06699	0.0567275
	0.0516003	0.0336186	0.0369805	0.0422257	0.0378211	0.0352298	0.0456759	0.0385812
	0.0555136	0.0368116	0.0400551	0.0451105	0.0408617	0.0383635	0.0497604	0.0415867
	0.0555136	0.0368116	0.0400551	0.0451105	0.0408617	0.0383635	0.0497604	0.0415867
	0.151828	0.099743	0.109005	0.124771	0.113568	0.105686	0.137177	0.114785
	0.0540691	0.035857	0.0392652	0.0445837	0.0401161	0.0374851	0.0494573	0.0408886
	0.0715231	0.0460865	0.0505599	0.0582164	0.051345	0.0489318	0.0642984	0.053361
	0.06749	0.0435219	0.0475039	0.0542792	0.0482055	0.0460636	0.0596881	0.0499817
loop 14
	0.0742128	0.0492372	0.0533012	0.0611473	0.0543293	0.0512098	0.0669958	0.056732
	0.0513156	0.0346695	0.0367652	0.0419881	0.0376018	0.0362848	0.0467673	0.039651
	0.0574297	0.0374292	0.0406569	0.0469972	0.0414599	0.0389666	0.0516605	0.043467
	0.0574297	0.0374292	0.0406569	0.0469972	0.0414599	0.0389666	0.0516605	0.043467
	0.149394	0.0968188	0.106179	0.122074	0.110779	0.102836	0.134592	0.111999
	0.0543002	0.0360264	0.0394452	0.0447753	0.0402984	0.03766	0.0482797	0.0410693
	0.0755547	0.048323	0.0542504	0.0620555	0.0550359	0.0511896	0.0667359	0.0571072
	0.0620133	0.0402982	0.0443479	0.0500032	0.045073	0.0416745	0.05547	0.046878
loop 15
	0.0741993	0.0492264	0.053289	0.0611372	0.0543124	0.0511982	0.0669785	0.0567185
	0.0504123	0.0337527	0.0371285	0.0423936	0.0379707	0.0353709	0.0458562	0.038736
	0.0572212	0.0372852	0.0404972	0.0468208	0.0425799	0.0388167	0.0514642	0.0433009
	0.0572212	0.0372852	0.0404972	0.0468208	0.0425799	0.0388167	0.0514642	0.0433009
	0.14942	0.0968367	0.106199	0.122099	0.110801	0.102856	0.134622	0.112022
	0.0543175	0.0360483	0.0394668	0.0447971	0.040317	0.0376802	0.0482993	0.0410885
	0.0741888	0.0481621	0.0527456	0.0605819	0.0549678	0.0510731	0.0667899	0.0556078
	0.0593811	0.0388686	0.0429342	0.0486294	0.04367	0.0402612	0.0541195	0.0442573
loop 16
	0.0742195	0.049248	0.0533094	0.0611625	0.0543377	0.0512175	0.0670016	0.0568532
	0.0505509	0.0338548	0.0359664	0.0411982	0.0368022	0.0354744	0.0459857	0.0388476
	0.0564246	0.0364461	0.0409354	0.0459963	0.041743	0.0392396	0.0506531	0.042471
	0.0564246	0.0364461	0.0409354	0.0459963	0.041743	0.0392396	0.0506531	0.042471
	0.149411	0.0968367	0.106199	0.122093	0.110796	0.102856	0.134615	0.112016
	0.054306	0.0360201	0.0394416	0.0447753	0.0402947	0.0376533	0.049674	0.0410693
	0.0736442	0.0481113	0.0526136	0.0603147	0.0533966	0.049597	0.0664038	0.0554388
	0.0600979	0.0385271	0.042809	0.0487912	0.0435822	0.0412383	0.0532224	0.0442078
loop 17
	0.0742128	0.0492372	0.0533012	0.0611473	0.054325	0.0512098	0.06699	0.056732
	0.0514634	0.0335311	0.0368829	0.0421192	0.0377236	0.0351389	0.0455603	0.038484
	0.057033	0.0371304	0.0416078	0.0466494	0.04241	0.0399162	0.0512909	0.0431348
	0.057033	0.0371304	0.0416078	0.0466494	0.04241	0.0399162	0.0512909	0.0431348
	0.14942	0.0968322	0.106194	0.122086	0.110796	0.102851	0.134615	0.112016
	0.0554065	0.0357974	0.0391968	0.0458596	0.0413653	0.0387226	0.0493716	0.0421428
	0.0722903	0.0469175	0.0513844	0.0590318	0.0521631	0.0497569	0.0650869	0.054178
	0.0662074	0.0424729	0.0466446	0.0537651	0.0473906	0.0451319	0.0594275	0.0492522
loop 18
	0.0741926	0.0492228	0.0532849	0.0611322	0.0543124	0.0511944	0.0669727	0.056714
	0.0533933	0.0341855	0.0375182	0.0440348	0.0383508	0.0370477	0.0474712	0.0403966
	0.0560178	0.0373968	0.04062	0.046967	0.0414219	0.038932	0.0516374	0.0434311
	0.0560178	0.0373968	0.04062	0.046967	0.0414219	0.038932	0.0516374	0.0434311
	0.149394	0.0968143	0.106179	0.122067	0.110779	0.102831	0.1346	0.111999
	0.0544735	0.0361487	0.0395784	0.0449278	0.0404324	0.0377878	0.0484365	0.0412077
	0.071977	0.0467117	0.0511594	0.0587769	0.0533136	0.0495384	0.0648017	0.0539407
	0.0586749	0.0387604	0.0417455	0.0488881	0.0437423	0.0402102	0.0532425	0.0443658
loop 19
	0.0742128	0.0492372	0.0533012	0.0611473	0.054325	0.0512059	0.06699	0.056732
	0.0522056	0.0342975	0.037647	0.0428711	0.038484	0.0358982	0.0476574	0.0392417
	0.0553152	0.0366375	0.0398765	0.0449248	0.0406815	0.0381812	0.0495633	0.041405
	0.0553152	0.0366375	0.0398765	0.0449248	0.0406815	0.0381812	0.0495633	0.041405
	0.149394	0.0968143	0.106179	0.122074	0.110779	0.102831	0.134592	0.111999
	0.055199	0.0369216	0.0403394	0.0456756	0.0411923	0.0385521	0.04918	0.0419682
	0.076467	0.0502952	0.0548907	0.0627997	0.0571301	0.0532181	0.069047	0.0578048
	0.066117	0.0429644	0.0470282	0.0539855	0.0477522	0.0443373	0.0595026	0.0495785
loop 20
	0.0742128	0.0492372	0.0532972	0.0611473	0.054325	0.0512059	0.06699	0.0567275
	0.0524644	0.0345122	0.0378698	0.0431119	0.0387072	0.0361191	0.0465578	0.0394686
	0.0553984	0.0367246	0.0399639	0.0450057	0.0407716	0.0382742	0.0496454	0.0414937
	0.0553984	0.0367246	0.0399639	0.0450057	0.0407716	0.0382742	0.0496454	0.0414937
	0.149377	0.0968053	0.106168	0.122061	0.110769	0.102822	0.134585	0.111988
	0.0539767	0.0358068	0.039204	0.0445096	0.0400528	0.0374312	0.0493716	0.0408233
	0.0735437	0.0476966	0.052245	0.0600307	0.0544401	0.0505829	0.0662037	0.0550967
	0.065065	0.0419832	0.0460462	0.0529626	0.0467683	0.0445718	0.0584728	0.0485747
loop 21
	0.0741993	0.0492264	0.053289	0.0611372	0.0543166	0.0511982	0.0669785	0.0567185
	0.0511732	0.0345788	0.0379429	0.0431922	0.0387864	0.0361906	0.0466388	0.0395431
	0.0573624	0.0373392	0.0405668	0.0469166	0.041367	0.0388744	0.0515855	0.0433772
	0.0573624	0.0373392	0.0405668	0.0469166	0.041367	0.0388744	0.0515855	0.0433772
	0.14942	0.0968412	0.106205	0.122099	0.110807	0.102856	0.134622	0.112022
	0.0541327	0.0358821	0.039294	0.0446272	0.0401459	0.0375086	0.0495077	0.0409232
	0.071894	0.0466235	0.0524345	0.0586874	0.0532187	0.0494478	0.0647225	0.0552516
	0.0702998	0.0447553	0.0500032	0.0568952	0.0507165	0.0473193	0.0637165	0.0525217
loop 22
	0.0742128	0.0492372	0.0532972	0.0611473	0.054325	0.0512059	0.06699	0.0567275
	0.0514854	0.0335282	0.0368896	0.0421274	0.0377271	0.0351357	0.0469197	0.0384876
	0.055584	0.0368359	0.0400829	0.0451533	0.0408945	0.0383858	0.0498152	0.0416247
	0.055584	0.0368359	0.0400829	0.0451533	0.0408945	0.0383858	0.0498152	0.0416247
	0.14942	0.0968367	0.106199	0.122093	0.110796	0.102856	0.134622	0.112016
	0.0541211	0.0359103	0.0393156	0.0446316	0.0401645	0.0375389	0.0495077	0.0409348
	0.0725484	0.0470694	0.0515475	0.0592316	0.0523306	0.0499167	0.0653166	0.0543605
	0.0657285	0.042434	0.0465356	0.0535138	0.048517	0.0450407	0.0590748	0.0490857
loop 23
	0.0742061	0.0492336	0.0532972	0.0611423	0.0543208	0.0512021	0.0669843	0.0568307
	0.0525881	0.0345878	0.0379568	0.0432049	0.0387972	0.0362004	0.0466626	0.039558
	0.0562212	0.0375588	0.040788	0.0458346	0.0415951	0.0391012	0.0504731	0.0423185
	0.0562212	0.0375588	0.040788	0.0458346	0.0415951	0.0391012	0.0504731	0.0423185
	0.14942	0.0968367	0.106194	0.122086	0.110796	0.102856	0.134615	0.112016
	0.0540403	0.0358508	0.0392544	0.0445619	0.0401012	0.0374783	0.049432	0.0408694
	0.0729009	0.0475921	0.0520475	0.0596867	0.0542084	0.050423	0.0657153	0.0548459
	0.0705074	0.0451519	0.0491136	0.0571975	0.0510553	0.0476925	0.0626425	0.0528565
loop 24
	0.0742061	0.0492336	0.0532972	0.0611473	0.054325	0.0512059	0.06699	0.0567275
	0.0513101	0.0346635	0.0380438	0.0433063	0.0388872	0.0362783	0.0467578	0.0396473
	0.058847	0.0389282	0.0421356	0.0484566	0.0429283	0.0404521	0.0531012	0.0449438
	0.058847	0.0389282	0.0421356	0.0484566	0.0429283	0.0404521	0.0531012	0.0449438
	0.149394	0.0968143	0.106179	0.122067	0.110774	0.102831	0.134592	0.111994
	0.0542597	0.0359981	0.0394164	0.0447448	0.0402649	0.0376331	0.0482405	0.0410385
	0.0773602	0.049548	0.0556022	0.0620857	0.0564108	0.052482	0.0683397	0.0585152
	0.067105	0.043645	0.0477733	0.054811	0.0485051	0.0450354	0.0604017	0.0503337
loop 25
	0.0742128	0.0492372	0.0533012	0.0611524	0.0543293	0.0512098	0.0669958	0.056732
	0.0514634	0.0335253	0.0368795	0.042111	0.0377201	0.0351357	0.0469054	0.0384804
	0.057154	0.0372204	0.0417092	0.0467502	0.0425146	0.0400115	0.0513948	0.043238
	0.057154	0.0372204	0.0417092	0.0467502	0.0425146	0.0400115	0.0513948	0.043238
	0.149386	0.0968143	0.106179	0.122067	0.110774	0.102831	0.134592	0.111994
	0.0532238	0.0349841	0.0383954	0.0437203	0.0392436	0.0379089	0.0485982	0.0413422
	0.0716224	0.0475006	0.05202	0.0583105	0.05281	0.0490044	0.0643836	0.0548351
	0.0684385	0.0444049	0.0483802	0.056477	0.0503163	0.0469518	0.0619227	0.0508738
loop 26
	0.0742061	0.04923	0.0532931	0.0611372	0.0543166	0.0511982	0.0669843	0.056723
	0.0513649	0.0334611	0.0368089	0.0420291	0.0376435	0.0350636	0.0468149	0.0396956
	0.0552704	0.0366166	0.0398488	0.0462021	0.0406569	0.0381589	0.0495304	0.042667
	0.0552704	0.0366166	0.0398488	0.0462021	0.0406569	0.0381589	0.0495304	0.042667
	0.149394	0.0968143	0.106179	0.122067	0.110774	0.102831	0.134592	0.111999
	0.0530831	0.0348934	0.0382945	0.043602	0.0391428	0.0378114	0.0484659	0.0412346
	0.0742965	0.0489162	0.0533847	0.061044	0.0541659	0.0503956	0.0670927	0.0561792
	0.0643614	0.0421682	0.046316	0.0520812	0.0470531	0.0435744	0.0576682	0.0488965
loop 27
	0.0742061	0.0492372	0.0532972	0.0611473	0.054325	0.0512059	0.06699	0.0567275
	0.0524587	0.0344729	0.037835	0.0430823	0.0386748	0.0360801	0.046534	0.0394389
	0.0562934	0.0375444	0.040788	0.0458591	0.0415951	0.0390858	0.0505181	0.0423316
	0.0562934	0.0375444	0.040788	0.0458591	0.0415951	0.0390858	0.0505181	0.0423316
	0.14942	0.0968367	0.106199	0.122093	0.110801	0.102856	0.134622	0.112022
	0.0554539	0.0358413	0.0392436	0.0445488	0.0400901	0.0374649	0.0494169	0.0421865
	0.0723087	0.0469322	0.0513956	0.0590387	0.0521804	0.0497729	0.0650948	0.0541902
	0.0648939	0.0421125	0.046104	0.0529553	0.0468154	0.043458	0.0583929	0.0486049
loop 28
	0.0742128	0.0492408	0.0533012	0.0611524	0.0543293	0.0512098	0.0669958	0.056732
	0.0504017	0.0337498	0.0371251	0.0423895	0.0379673	0.0353678	0.0458516	0.0387324
	0.0574297	0.0374076	0.0406323	0.0469872	0.0414346	0.0389436	0.0516548	0.043449
	0.0574297	0.0374076	0.0406323	0.0469872	0.0414346	0.0389436	0.0516548	0.043449
	0.14942	0.0968367	0.106199	0.122093	0.110801	0.102856	0.134622	0.112022
	0.0553887	0.0357912	0.0391896	0.0458506	0.040038	0.0387157	0.0493564	0.0421349
	0.0747921	0.0488322	0.0533933	0.0612249	0.0556017	0.0517263	0.0674244	0.0562689
	0.0623394	0.0399532	0.044139	0.0512573	0.0448883	0.0426062	0.0555942	0.0467431
loop 29
	0.0741993	0.04923	0.0532931	0.0611372	0.0543166	0.0511982	0.0669843	0.056723
	0.0514854	0.0335398	0.0368964	0.0421315	0.037734	0.0351483	0.0469197	0.0384948
	0.0572212	0.0372348	0.0417303	0.0467956	0.042532	0.0400274	0.0514526	0.043265
	0.0572212	0.0372348	0.0417303	0.0467956	0.042532	0.0400274	0.0514526	0.043265
	0.14942	0.0968322	0.106194	0.122093	0.110796	0.102851	0.134622	0.112016
	0.0554777	0.0371036	0.0405403	0.045909	0.041396	0.0387435	0.049427	0.0421786
	0.0740321	0.0480396	0.0526106	0.0604441	0.0534107	0.0509452	0.0666552	0.05548
	0.0597213	0.039082	0.0431762	0.0489093	0.0439137	0.0404785	0.0531417	0.0445025
loop 30
	0.0742061	0.0492372	0.0532972	0.0611473	0.054325	0.0512059	0.06699	0.0567275
	0.0512335	0.034609	0.0379812	0.0419185	0.0388224	0.0362199	0.0466911	0.039584
	0.0563787	0.0364321	0.0409149	0.0459669	0.0417261	0.0392242	0.0506137	0.0424449
	0.0563787	0.0364321	0.0409149	0.0459669	0.0417261	0.0392242	0.0506137	0.0424449
	0.149403	0.0968277	0.106194	0.122086	0.11079	0.102851	0.134607	0.112011
	0.0542944	0.0360232	0.0394416	0.044771	0.040291	0.0376566	0.0482748	0.0410655
	0.0730985	0.0477231	0.0521862	0.0598349	0.0543484	0.0505599	0.0658935	0.0549895
	0.0554909	0.0354924	0.0397192	0.044391	0.040489	0.038158	0.0487494	0.0411192
loop 31
	0.0742128	0.0492372	0.0533012	0.0611473	0.0543293	0.0512098	0.0669958	0.056732
	0.0524756	0.0345122	0.0378733	0.0431119	0.0387108	0.0361224	0.0465578	0.0394686
	0.0569523	0.0383003	0.0415317	0.0478898	0.0423316	0.0398369	0.0525665	0.0443534
	0.0569523	0.0383003	0.0415317	0.0478898	0.0423316	0.0398369	0.0525665	0.0443534
	0.149386	0.0968098	0.106174	0.122067	0.110774	0.102831	0.134592	0.111994
	0.0541096	0.0358884	0.0392976	0.0446142	0.0401459	0.0375153	0.0494976	0.0409194
	0.0722442	0.0468538	0.0513169	0.0589836	0.0534796	0.0496876	0.0650393	0.0541233
	0.0594112	0.0387014	0.0430944	0.0492292	0.043891	0.0402145	0.0537662	0.0445249

work load: gap.mips mesa.mips vpr.mips vpr.mips bzip2.mips equake.mips swim.mips crafty.mips
