loop 0
	4.62367	3.04377	3.33865	3.80738
	5.43908	3.5605	3.9093	4.46509
	7.01848	4.57452	5.02631	5.75639
	7.00542	4.61928	5.07207	5.76289
loop 1
	4.47661	2.94847	3.23356	3.68096
	5.34809	3.48498	3.83151	4.38195
	7.0095	4.56477	5.0168	5.74668
	8.06064	5.32773	5.83689	6.64307
loop 2
	4.47364	2.94621	3.21856	3.67811
	5.43823	3.55797	3.90517	4.45682
	7.00863	4.56477	5.0168	5.73178
	7.00179	4.62395	5.06296	5.77093
loop 3
	4.5724	3.0123	3.29563	3.76624
	5.32851	3.47787	3.82415	4.37529
	7.0428	4.59071	5.04443	5.76227
	8.14648	5.38337	5.89897	6.70765
loop 4
	4.54835	3.00243	3.28563	3.74298
	5.67304	3.73638	4.08812	4.66291
	7.02336	4.57445	5.01365	5.74409
	7.62489	5.03252	5.52292	6.27502
loop 5
	4.55686	2.99916	3.28214	3.75182
	5.3162	3.47349	3.8086	4.36106
	7.01036	4.56523	5.01733	5.74798
	7.44903	4.91511	5.37622	6.13619
loop 6
	4.54442	2.98769	3.28321	3.74004
	5.46847	3.56831	3.92649	4.48937
	7.03268	4.5736	5.02578	5.75509
	7.74365	5.12224	5.61183	6.37861
loop 7
	4.56273	2.99356	3.2889	3.74558
	5.31673	3.47586	3.8105	4.36239
	7.01036	4.56523	5.01787	5.74733
	7.67201	5.06497	5.53717	6.31404
loop 8
	4.56141	3.00504	3.28782	3.75734
	5.58297	3.65435	4.0125	4.57582
	7.0069	4.56384	5.01574	5.73113
	7.74663	5.1206	5.6111	6.37875
loop 9
	4.60102	3.02272	3.31709	3.78517
	5.61898	3.66244	4.03374	4.61044
	7.04454	4.59163	5.0455	5.76422
	7.82677	5.16025	5.65077	6.44433
loop 10
	4.55877	3.0034	3.28593	3.74197
	5.50929	3.59199	3.95061	4.51507
	7.02076	4.57214	5.02477	5.7415
	6.38023	4.19208	4.59581	5.23948
loop 11
	4.53677	2.99164	3.27482	3.73187
	5.47092	3.57425	3.93175	4.49345
	7.02196	4.57637	5.02844	5.74473
	5.57897	3.66262	4.01738	4.58046
loop 12
	4.59259	3.0258	3.30796	3.77641
	6.30656	4.1706	4.57581	5.19993
	7.01935	4.57499	5.02685	5.74278
	6.19004	4.08571	4.47505	5.10245
loop 13
	4.57033	3.00176	3.29672	3.76648
	5.32631	3.4857	3.82277	4.36586
	7.00863	4.56431	5.01627	5.74603
	6.1061	4.01283	4.39713	5.01568
loop 14
	4.56901	3.00105	3.29591	3.7524
	5.49356	3.58266	3.94067	4.50245
	7.00863	4.56431	5.01627	5.73178
	6.59969	4.31156	4.73724	5.41248
loop 15
	4.55965	2.99146	3.28647	3.74295
	5.3667	3.50148	3.84819	4.39952
	7.05792	4.59024	5.0439	5.77658
	6.65558	4.34138	4.76626	5.45479
loop 16
	4.44681	2.92528	3.20924	3.66733
	5.54151	3.61937	3.97657	4.53787
	7.00828	4.56052	5.01312	5.74409
	6.64665	4.34219	4.77075	5.45183
loop 17
	4.47388	2.9405	3.22406	3.68162
	5.61898	3.67106	4.03053	4.60848
	7.02109	4.57545	5.02791	5.74408
	6.60488	4.30533	4.73051	5.41943
loop 18
	4.46614	2.94436	3.2285	3.67369
	5.53408	3.61178	3.96903	4.53005
	7.02196	4.56338	5.01521	5.74473
	6.64093	4.32592	4.75112	5.43989
loop 19
	4.43503	2.92369	3.20851	3.65485
	5.54792	3.62382	3.9817	4.54316
	7.00863	4.56431	5.0168	5.74603
	6.07161	3.99231	4.37988	4.98876
loop 20
	4.44367	2.92033	3.20464	3.66347
	5.50046	3.58685	3.94266	4.50121
	7.00863	4.56431	5.01627	5.74603
	6.17299	4.06012	4.45398	5.07975
loop 21
	4.48246	2.949	3.2325	3.69018
	5.81163	3.80714	4.18106	4.76565
	7.04454	4.59071	5.04496	5.76292
	6.60855	4.30728	4.73275	5.42217
loop 22
	4.45245	2.93222	3.21588	3.67369
	5.63895	3.6708	4.0362	4.61711
	7.02336	4.57445	5.01365	5.74409
	6.64974	4.33464	4.76028	5.44845
loop 23
	4.44893	2.92708	3.21105	3.65621
	5.70514	3.70764	4.07395	4.66845
	7.02109	4.56246	5.01415	5.74343
	6.65264	4.34904	4.77776	5.45774
loop 24
	4.52763	2.98536	3.26814	3.72437
	5.78422	3.76334	4.12825	4.73507
	7.00776	4.56384	5.01574	5.74538
	6.64605	4.33228	4.75757	5.44569
loop 25
	4.56844	2.99706	3.29267	3.74985
	5.70013	3.72435	4.08084	4.6684
	7.0095	4.56477	5.0168	5.74668
	6.624	4.32109	4.74689	5.43682
loop 26
	4.54616	2.98885	3.27188	3.74168
	5.53891	3.61115	3.9667	4.5385
	7.02196	4.57637	5.02898	5.74473
	6.64298	4.33945	4.76805	5.44798
loop 27
	4.54573	2.98815	3.27108	3.74102
	5.72072	3.72976	4.09701	4.68112
	7.04715	4.57952	5.03328	5.76552
	6.64457	4.3311	4.75621	5.44403
loop 28
	4.51192	2.96893	3.25166	3.7214
	5.29172	3.45452	3.80126	4.3391
	7.0225	4.57353	5.01312	5.74345
	6.75794	4.41854	4.84537	5.55159
loop 29
	4.4533	2.93358	3.21718	3.66194
	4.63588	3.05811	3.35414	3.82068
	7.02109	4.562	5.01415	5.74408
	6.52089	4.2561	4.68317	5.34592
loop 30
	4.49314	2.95064	3.24591	3.70243
	3.62066	2.3849	2.62051	2.97777
	7.00776	4.56384	5.01627	5.74603
	6.60857	4.31133	4.73609	5.42416
loop 31
	4.45203	2.932	3.21562	3.67337
	3.62993	2.39377	2.6294	2.98684
	7.00776	4.56384	5.01627	5.74538
	6.67785	4.36228	4.79034	5.4842

work load: equake.mips parser.mips swim.mips gap.mips
