loop 0
	0.168848	0.117743	0.127386	0.142354
	0.0455985	0.0293005	0.0323572	0.0370908
	0.07285	0.0466339	0.0505239	0.0584439
	0.0742128	0.0492372	0.0533012	0.0611473
loop 1
	0.176815	0.122777	0.132552	0.147775
	0.0455725	0.0292816	0.0323353	0.0370677
	0.0717756	0.0456355	0.0507306	0.0586809
	0.0741926	0.0492228	0.0532849	0.0611322
loop 2
	0.129234	0.08841	0.0958318	0.108101
	0.0455311	0.0303906	0.0323071	0.0370369
	0.0727531	0.0463055	0.0514677	0.0582154
	0.0742128	0.0492372	0.0533012	0.0611473
loop 3
	0.137363	0.0952673	0.102911	0.115568
	0.0455518	0.0304046	0.0323196	0.0370523
	0.0727813	0.0465791	0.0516923	0.0583847
	0.0742128	0.0492372	0.0532972	0.0611473
loop 4
	0.141424	0.0973375	0.106851	0.11764
	0.0455725	0.0292816	0.0323384	0.0370715
	0.0707143	0.0458312	0.0497307	0.0576523
	0.0741993	0.0492264	0.053289	0.0611372
loop 5
	0.144336	0.0995747	0.108846	0.121125
	0.0455363	0.0303934	0.0323102	0.0370408
	0.0718317	0.0456711	0.0507719	0.0587317
	0.0742128	0.0492372	0.0532972	0.0611473
loop 6
	0.125484	0.0863784	0.093818	0.1062
	0.0455622	0.0292789	0.0323322	0.0370638
	0.0719329	0.0457482	0.0508546	0.0575447
	0.0742061	0.0492336	0.0532972	0.0611423
loop 7
	0.128402	0.08912	0.0965959	0.107178
	0.0455933	0.0292978	0.0323541	0.0370908
	0.0714971	0.0451856	0.0503157	0.0583148
	0.0742061	0.0492336	0.0532972	0.0611473
loop 8
	0.133694	0.0919818	0.101392	0.112086
	0.0455466	0.0304018	0.0323196	0.0370485
	0.0703256	0.0453185	0.0492403	0.0572022
	0.0742128	0.0492372	0.0533012	0.0611524
loop 9
	0.138054	0.0964611	0.10399	0.116513
	0.0455363	0.0303934	0.0323102	0.0370408
	0.0702175	0.0452376	0.049155	0.0571131
	0.0742061	0.04923	0.0532931	0.0611372
loop 10
	0.134446	0.0907706	0.0998129	0.111744
	0.0455674	0.0292789	0.0323322	0.0370677
	0.0701309	0.0451799	0.0490894	0.0570321
	0.0742061	0.0492372	0.0532972	0.0611473
loop 11
	0.13111	0.0901156	0.0975684	0.109868
	0.0455518	0.0304046	0.0323228	0.0370562
	0.0676	0.0435912	0.0475769	0.054368
	0.0742128	0.0492408	0.0533012	0.0611524
loop 12
	0.137854	0.0943804	0.10378	0.114364
	0.0455414	0.030399	0.0323133	0.0370446
	0.06679	0.043037	0.0469746	0.0537024
	0.0741993	0.04923	0.0532931	0.0611372
loop 13
	0.155913	0.106294	0.115693	0.130149
	0.0455518	0.0304046	0.0323228	0.0370523
	0.06749	0.0435219	0.0475039	0.0542792
	0.0742061	0.0492372	0.0532972	0.0611473
loop 14
	0.159075	0.109222	0.118657	0.133198
	0.0455725	0.0292816	0.0323384	0.0370715
	0.0620133	0.0402982	0.0443479	0.0500032
	0.0742128	0.0492372	0.0533012	0.0611473
loop 15
	0.155803	0.108061	0.117494	0.132074
	0.0455414	0.030399	0.0323165	0.0370485
	0.0593811	0.0388686	0.0429342	0.0486294
	0.0741993	0.0492264	0.053289	0.0611372
loop 16
	0.130664	0.0897688	0.097202	0.109491
	0.045557	0.0292735	0.0323259	0.03706
	0.0600979	0.0385271	0.042809	0.0487912
	0.0742195	0.049248	0.0533094	0.0611625
loop 17
	0.158649	0.107783	0.117053	0.13127
	0.0455777	0.0292843	0.0323384	0.0370754
	0.0662074	0.0424729	0.0466446	0.0537651
	0.0742128	0.0492372	0.0533012	0.0611473
loop 18
	0.183603	0.126627	0.138584	0.154089
	0.045557	0.0304074	0.0323259	0.0370562
	0.0586749	0.0387604	0.0417455	0.0488881
	0.0741926	0.0492228	0.0532849	0.0611322
loop 19
	0.186712	0.131397	0.141383	0.157014
	0.0455363	0.0303934	0.0323102	0.0370408
	0.066117	0.0429644	0.0470282	0.0539855
	0.0742128	0.0492372	0.0533012	0.0611473
loop 20
	0.164837	0.11642	0.124756	0.138749
	0.0455985	0.0293005	0.0323572	0.0370908
	0.065065	0.0419832	0.0460462	0.0529626
	0.0742128	0.0492372	0.0532972	0.0611473
loop 21
	0.164444	0.116744	0.124981	0.138764
	0.0455725	0.0292816	0.0323384	0.0370715
	0.0702998	0.0447553	0.0500032	0.0568952
	0.0741993	0.0492264	0.053289	0.0611372
loop 22
	0.159593	0.110363	0.120099	0.135123
	0.0455259	0.030385	0.0323008	0.0370293
	0.0657285	0.042434	0.0465356	0.0535138
	0.0742128	0.0492372	0.0532972	0.0611473
loop 23
	0.153158	0.107499	0.11778	0.129589
	0.0455622	0.0292762	0.032329	0.0370638
	0.0705074	0.0451519	0.0491136	0.0571975
	0.0742061	0.0492336	0.0532972	0.0611423
loop 24
	0.15704	0.110914	0.119259	0.133279
	0.0455777	0.0292897	0.0323447	0.0370792
	0.067105	0.043645	0.0477733	0.054811
	0.0742061	0.0492336	0.0532972	0.0611473
loop 25
	0.153911	0.109904	0.118265	0.130189
	0.0455466	0.030399	0.0323165	0.0370485
	0.0684385	0.0444049	0.0483802	0.056477
	0.0742128	0.0492372	0.0533012	0.0611524
loop 26
	0.156821	0.110815	0.119135	0.133073
	0.045557	0.0292708	0.0323228	0.0370562
	0.0643614	0.0421682	0.046316	0.0520812
	0.0742061	0.04923	0.0532931	0.0611372
loop 27
	0.155291	0.109275	0.117605	0.131547
	0.0455777	0.029287	0.0323416	0.0370754
	0.0648939	0.0421125	0.046104	0.0529553
	0.0742061	0.0492372	0.0532972	0.0611473
loop 28
	0.152926	0.109275	0.117565	0.129358
	0.0455363	0.0303934	0.0323102	0.0370408
	0.0623394	0.0399532	0.044139	0.0512573
	0.0742128	0.0492408	0.0533012	0.0611524
loop 29
	0.156344	0.110421	0.120763	0.13266
	0.0455466	0.0304018	0.0323196	0.0370485
	0.0597213	0.039082	0.0431762	0.0489093
	0.0741993	0.04923	0.0532931	0.0611372
loop 30
	0.1526	0.108557	0.116909	0.128854
	0.0455985	0.0293005	0.0323572	0.0370908
	0.0554909	0.0354924	0.0397192	0.044391
	0.0742061	0.0492372	0.0532972	0.0611473
loop 31
	0.160978	0.114052	0.12215	0.13569
	0.0455725	0.0292816	0.0323353	0.0370677
	0.0594112	0.0387014	0.0430944	0.0492292
	0.0742128	0.0492372	0.0533012	0.0611473

work load: gcc.mips wupwise.mips crafty.mips gap.mips
