loop 0
	0.0551456	0.0368989	0.0403133	0.0456397	0.0411616	0.0385277	0.0491346	0.0419365
	0.0378942	0.0249412	0.0283393	0.0311522	0.0279969	0.0265943	0.0346272	0.0287585
	0.149394	0.0968143	0.106179	0.122067	0.110774	0.102831	0.134592	0.111994
	0.0742485	0.0488022	0.0532839	0.0609646	0.0540624	0.0502752	0.0670264	0.056096
	0.0571338	0.0372492	0.0404521	0.0467553	0.042532	0.0387783	0.0513948	0.043247
	0.0551456	0.0368989	0.0403133	0.0456397	0.0411616	0.0385277	0.0491346	0.0419365
	0.0608913	0.0417834	0.0459892	0.0509739	0.0470213	0.0437566	0.0552641	0.0480492
	0.0523471	0.0355238	0.0388897	0.0442656	0.039694	0.0370584	0.0477654	0.0405709
loop 1
	0.05415	0.0359229	0.0393336	0.044649	0.0401831	0.0375523	0.0481474	0.040954
	0.0381169	0.0251002	0.0273133	0.0313421	0.0281692	0.0267624	0.0335807	0.0289382
	0.149386	0.0968098	0.106163	0.122061	0.110763	0.102827	0.134592	0.111988
	0.0747602	0.0499311	0.0545832	0.0625444	0.0553887	0.0514675	0.0673206	0.0574921
	0.0553984	0.036735	0.0399718	0.0450105	0.0407798	0.0382816	0.0496509	0.0414979
	0.05415	0.0359229	0.0393336	0.044649	0.0401831	0.0375523	0.0481474	0.040954
	0.0578271	0.0387575	0.0429641	0.0479232	0.0440012	0.0407502	0.0522035	0.0449889
	0.0541532	0.037332	0.040706	0.0447772	0.0415106	0.0388667	0.0495797	0.0423882
loop 2
	0.0541384	0.0359103	0.0393192	0.0446403	0.0401682	0.0375389	0.0495177	0.0409424
	0.03915	0.024919	0.0283105	0.0323588	0.0279704	0.02657	0.0345909	0.0299429
	0.149386	0.0968098	0.106168	0.122067	0.110763	0.102827	0.134592	0.111988
	0.0728156	0.0472556	0.0517556	0.059459	0.0525443	0.0501139	0.0655542	0.0545735
	0.0543778	0.0357526	0.0389858	0.04532	0.0397892	0.0372996	0.0486431	0.0417853
	0.0541384	0.0359103	0.0393192	0.0446403	0.0401682	0.0375389	0.0495177	0.0409424
	0.063538	0.0428068	0.0454275	0.051966	0.0480312	0.0447712	0.056251	0.0490577
	0.0510483	0.0345271	0.0378463	0.0431034	0.0386514	0.0360632	0.0465486	0.0394796
loop 3
	0.0540229	0.0358319	0.0392364	0.0445445	0.0400826	0.0374581	0.0494169	0.040854
	0.038772	0.0257953	0.0279991	0.0320181	0.028853	0.0274509	0.0355027	0.0296211
	0.14942	0.0968322	0.106189	0.122086	0.110785	0.102851	0.134615	0.112011
	0.0731456	0.0478038	0.052267	0.0599125	0.0544335	0.050642	0.0659502	0.0550581
	0.0551616	0.0365575	0.0397813	0.0461139	0.0405873	0.0380993	0.0507712	0.0425843
	0.0540229	0.0358319	0.0392364	0.0445445	0.0400826	0.0374581	0.0494169	0.040854
	0.061907	0.0413401	0.0455082	0.0520397	0.046527	0.0432956	0.0563111	0.0475344
	0.0544215	0.0362442	0.0396106	0.0449819	0.0404111	0.0390243	0.0484832	0.0412909
loop 4
	0.0540345	0.0358476	0.0392472	0.0445575	0.0400975	0.0374716	0.049427	0.0421944
	0.0379464	0.0249763	0.0283768	0.0311938	0.0280344	0.0266308	0.0346756	0.0288
	0.14942	0.0968322	0.106189	0.122086	0.110785	0.102851	0.134615	0.112011
	0.0722442	0.046893	0.0513563	0.0589974	0.05214	0.0497356	0.0650473	0.0541476
	0.0581914	0.0382035	0.0414219	0.0477654	0.0422227	0.0397337	0.0524242	0.0442332
	0.0540345	0.0358476	0.0392472	0.0445575	0.0400975	0.0374716	0.049427	0.0421944
	0.0755133	0.0511763	0.0553718	0.0620296	0.0563712	0.0530745	0.0680678	0.0591185
	0.0545339	0.0362999	0.0396702	0.0450676	0.0404726	0.0378351	0.0485738	0.0413585
loop 5
	0.0552168	0.0356751	0.0390636	0.045707	0.0412307	0.0385938	0.0492002	0.042
	0.0379116	0.024956	0.0283547	0.0311678	0.0280123	0.0266085	0.0346453	0.0287747
	0.14942	0.0968322	0.106194	0.122093	0.110796	0.102851	0.134622	0.112016
	0.0750556	0.0490086	0.053584	0.0614436	0.0558024	0.0519125	0.0676674	0.0564686
	0.056254	0.036359	0.040833	0.0458689	0.0416374	0.0391473	0.0505069	0.0423577
	0.0552168	0.0356751	0.0390636	0.045707	0.0412307	0.0385938	0.0492002	0.042
	0.0874322	0.0581042	0.0638662	0.0721821	0.064824	0.0615926	0.0781953	0.0676176
	0.0544215	0.0374544	0.0408494	0.0449629	0.0416543	0.0389935	0.0498042	0.0425494
loop 6
	0.0553413	0.0370354	0.0404622	0.0458058	0.0413153	0.0386704	0.049306	0.0420873
	0.0391068	0.0260605	0.0282796	0.0323182	0.029141	0.0265397	0.0345546	0.0299093
	0.149403	0.0968277	0.106194	0.122086	0.11079	0.102851	0.134607	0.112011
	0.0727957	0.0482503	0.0528412	0.0592384	0.0536417	0.0497768	0.0654368	0.0557112
	0.0561622	0.0375156	0.0407429	0.0457807	0.0415486	0.039055	0.0504169	0.0422706
	0.0553413	0.0370354	0.0404622	0.0458058	0.0413153	0.0386704	0.049306	0.0420873
	0.0993582	0.0676558	0.0735135	0.0838269	0.0762683	0.0712	0.0899251	0.0773581
	0.0550976	0.036972	0.0403292	0.0456827	0.0411262	0.0397456	0.0505069	0.0432874
loop 7
	0.055199	0.0369509	0.0403654	0.0456935	0.0412154	0.0385799	0.0505803	0.0419881
	0.0388692	0.0258688	0.0280742	0.0320992	0.028929	0.027527	0.0355936	0.0297004
	0.149386	0.0968098	0.106174	0.122067	0.110774	0.102831	0.134592	0.111994
	0.074431	0.0476072	0.0534321	0.0611091	0.0542145	0.050434	0.0657315	0.0562496
	0.0581225	0.0381923	0.041405	0.0477239	0.0422009	0.0397257	0.0523709	0.0442054
	0.055199	0.0369509	0.0403654	0.0456935	0.0412154	0.0385799	0.0505803	0.0419881
	0.100011	0.0680678	0.073981	0.0825228	0.0749206	0.0715739	0.0905288	0.0778725
	0.0560703	0.0379244	0.0412825	0.0466444	0.042079	0.0394439	0.0501356	0.0429642
loop 8
	0.055027	0.0367949	0.0402054	0.0455319	0.0410539	0.0384198	0.0504144	0.0418293
	0.0390996	0.0260469	0.0282664	0.0323047	0.0291249	0.0265255	0.0345455	0.0298949
	0.149377	0.0968053	0.106168	0.122061	0.110763	0.102822	0.134585	0.111988
	0.0725391	0.0470547	0.0515419	0.0592316	0.0523248	0.0499008	0.0653086	0.0543605
	0.0560506	0.0374148	0.0406405	0.0469872	0.041443	0.0389513	0.0516605	0.0434535
	0.055027	0.0367949	0.0402054	0.0455319	0.0410539	0.0384198	0.0504144	0.0418293
	0.0575319	0.0386379	0.0428098	0.0477252	0.0438444	0.0406238	0.05197	0.0448167
	0.0513717	0.0347026	0.0380472	0.0420746	0.0388513	0.0362442	0.0468309	0.0397059
loop 9
	0.0543175	0.0360358	0.039456	0.0447927	0.0403059	0.0376667	0.0482944	0.0410847
	0.0391644	0.0249245	0.0283194	0.0311314	0.0279792	0.0265761	0.034603	0.0287447
	0.149377	0.0968188	0.106174	0.122067	0.110774	0.102836	0.134592	0.111994
	0.0719585	0.0467019	0.0511481	0.0587632	0.0519262	0.0495277	0.0647859	0.0539286
	0.0563721	0.0364565	0.0396702	0.0459767	0.0417472	0.0379951	0.050625	0.0424666
	0.0543175	0.0360358	0.039456	0.0447927	0.0403059	0.0376667	0.0482944	0.0410847
	0.0645525	0.043788	0.047988	0.0529477	0.0490093	0.0457437	0.0589029	0.0500335
	0.0554304	0.0371448	0.0405217	0.0459326	0.0413247	0.0386706	0.0494538	0.0422271
loop 10
	0.0552049	0.0356689	0.0390564	0.0443441	0.0399003	0.0372866	0.0491901	0.041992
	0.0390888	0.0248764	0.0282642	0.032302	0.027924	0.0265255	0.0345394	0.0298949
	0.14942	0.0968322	0.106189	0.122086	0.11079	0.102851	0.134615	0.112011
	0.078163	0.0503885	0.0564413	0.0644044	0.0572425	0.0533194	0.0706829	0.0593574
	0.0561425	0.0375192	0.040747	0.0457758	0.0415529	0.0390627	0.0504056	0.0422706
	0.0552049	0.0356689	0.0390564	0.0443441	0.0399003	0.0372866	0.0491901	0.041992
	0.13868	0.0936001	0.10174	0.115315	0.104782	0.0994916	0.126349	0.10602
	0.056418	0.0380807	0.0414726	0.0468964	0.042275	0.0396106	0.0504281	0.0431797
loop 11
	0.0543984	0.0360985	0.0395208	0.0448624	0.0403728	0.037734	0.0483728	0.04115
	0.0387036	0.0257546	0.0279527	0.0319613	0.0288046	0.0274085	0.0354431	0.0295707
	0.149411	0.0968322	0.106189	0.122086	0.110785	0.102851	0.134615	0.112011
	0.0718932	0.0476672	0.0522	0.0599687	0.0529948	0.0491702	0.0646314	0.0550419
	0.056523	0.0365505	0.0397694	0.0460992	0.0418529	0.0380919	0.0507544	0.0425755
	0.0543984	0.0360985	0.0395208	0.0448624	0.0403728	0.037734	0.0483728	0.04115
	0.0664107	0.0456562	0.0498451	0.0564775	0.0508548	0.0475884	0.0607928	0.0519127
	0.0561425	0.0379319	0.0412994	0.0466847	0.0420964	0.0394519	0.0501863	0.0429912
loop 12
	0.0553235	0.0357535	0.0391464	0.0444443	0.0399933	0.037374	0.049301	0.0420873
	0.0379533	0.0249818	0.0271906	0.0312068	0.028041	0.0266368	0.0346816	0.0288092
	0.149411	0.0968277	0.106184	0.12208	0.110779	0.102846	0.134615	0.112005
	0.0745078	0.0476979	0.0521457	0.0597855	0.0543058	0.0505271	0.0658125	0.0549458
	0.0552576	0.0366375	0.0398646	0.046207	0.0406733	0.0381812	0.0495249	0.0426757
	0.0553235	0.0357535	0.0391464	0.0444443	0.0399933	0.037374	0.049301	0.0420873
	0.0576748	0.0400435	0.0427251	0.0477324	0.0437597	0.0405002	0.052052	0.044781
	0.0520922	0.0354599	0.0387975	0.0440991	0.0395987	0.0369936	0.0475632	0.0404521
loop 13
	0.0540691	0.035857	0.0392652	0.0445837	0.0401161	0.0374851	0.0494573	0.0408886
	0.038009	0.0250207	0.0272287	0.0312458	0.028083	0.0266773	0.0347331	0.0288507
	0.151828	0.0997287	0.108989	0.124764	0.11355	0.105676	0.137177	0.114774
	0.0715231	0.0460865	0.0505599	0.0582164	0.051345	0.0489318	0.0642984	0.053361
	0.0555136	0.0368116	0.0400551	0.0451105	0.0408617	0.0383635	0.0497604	0.0415867
	0.0540691	0.035857	0.0392652	0.0445837	0.0401161	0.0374851	0.0494573	0.0408886
	0.0538814	0.0361267	0.0388485	0.0438758	0.0398948	0.038155	0.0482148	0.040899
	0.0563393	0.0380212	0.041405	0.0468309	0.0422053	0.0395471	0.050355	0.0431168
loop 14
	0.0543002	0.0360264	0.0394452	0.0447753	0.0402984	0.03766	0.0482797	0.0410693
	0.0389304	0.0259366	0.0281449	0.0321695	0.0290028	0.0264141	0.0356595	0.0297676
	0.149377	0.0968008	0.106163	0.122054	0.110763	0.102817	0.134585	0.111982
	0.0755547	0.048323	0.0542504	0.0620555	0.0550359	0.0511896	0.0667359	0.0571072
	0.0574297	0.0374292	0.0406569	0.0469972	0.0414599	0.0389666	0.0516605	0.043467
	0.0543002	0.0360264	0.0394452	0.0447753	0.0402984	0.03766	0.0482797	0.0410693
	0.0578366	0.0386639	0.0428733	0.0478872	0.0439103	0.0406518	0.0521953	0.0449304
	0.0556608	0.0372492	0.0406528	0.0461041	0.0414557	0.0387821	0.0496509	0.0423708
loop 15
	0.0543175	0.0360483	0.0394668	0.0447971	0.040317	0.0376802	0.0482993	0.0410885
	0.0379151	0.0249597	0.0283569	0.0311678	0.0280145	0.0266146	0.0346484	0.0287793
	0.149429	0.0968412	0.10621	0.122099	0.110807	0.102861	0.134629	0.112028
	0.0741888	0.0481621	0.0527456	0.0605819	0.0549678	0.0510731	0.0667899	0.0556078
	0.0572212	0.0372852	0.0404972	0.0468208	0.0425799	0.0388167	0.0514642	0.0433009
	0.0543175	0.0360483	0.0394668	0.0447971	0.040317	0.0376802	0.0482993	0.0410885
	0.0715674	0.0475164	0.0533026	0.0599123	0.0543063	0.0510334	0.0642037	0.0553539
	0.0551936	0.0381812	0.0415782	0.0457121	0.0423795	0.0397098	0.0505688	0.0432964
loop 16
	0.054306	0.0360201	0.0394416	0.0447753	0.0402947	0.0376533	0.049674	0.0410693
	0.038952	0.0259269	0.0281405	0.0321749	0.0289981	0.026404	0.035672	0.02977
