loop 0
	0.149394	0.0968143	0.106179	0.122067	0.110774	0.102831	0.134592	0.111994	0.199431	0.115859	0.110133	0.199768	0.16596	0.198216	0.223693	0.219293
	0.168848	0.117743	0.127386	0.142354	0.130046	0.124769	0.154797	0.133607	0.225305	0.137581	0.133416	0.22562	0.188976	0.224571	0.257645	0.247506
	0.07285	0.0466339	0.0505239	0.0584439	0.0524318	0.0491288	0.0650884	0.054194	0.101811	0.0558272	0.0521717	0.10042	0.0817721	0.0994213	0.114628	0.112531
	0.0512335	0.034609	0.0379847	0.0432386	0.038826	0.0362231	0.0466864	0.0395877	0.071138	0.0401813	0.0386136	0.0712505	0.0583142	0.0700227	0.0801187	0.0778297
	0.0453141	0.0298271	0.0335375	0.0379577	0.0344711	0.0316201	0.041765	0.0353169	0.0621728	0.0360226	0.0342734	0.0622727	0.0514855	0.0609982	0.0701659	0.0677305
	0.0453141	0.0298271	0.0335375	0.0379577	0.0344711	0.0316201	0.041765	0.0353169	0.0621728	0.0360226	0.0342734	0.0622727	0.0514855	0.0609982	0.0701659	0.0677305
	0.0571338	0.0372492	0.0404521	0.0467553	0.042532	0.0387783	0.0513948	0.043247	0.0779988	0.0450819	0.0423055	0.0781132	0.0640254	0.0769155	0.0883416	0.0861016
	0.0453141	0.0298271	0.0335375	0.0379577	0.0344711	0.0316201	0.041765	0.0353169	0.0621728	0.0360226	0.0342734	0.0622727	0.0514855	0.0609982	0.0701659	0.0677305
	0.0742128	0.0492372	0.0533012	0.0611473	0.054325	0.0512098	0.06699	0.056732	0.101762	0.0573931	0.0556958	0.0999512	0.0826398	0.0987559	0.11474	0.109923
	0.0571338	0.0372492	0.0404521	0.0467553	0.042532	0.0387783	0.0513948	0.043247	0.0779988	0.0450819	0.0423055	0.0781132	0.0640254	0.0769155	0.0883416	0.0861016
	0.0533433	0.0358026	0.0393689	0.0449208	0.0402578	0.0375097	0.0485612	0.0410616	0.0743139	0.0430682	0.040035	0.0728148	0.0608	0.0731461	0.08377	0.0813651
	0.0551456	0.0368989	0.0403133	0.0456397	0.0411616	0.0385277	0.0491346	0.0419365	0.0754237	0.043864	0.0409386	0.0755436	0.0623609	0.0742848	0.0845379	0.0822228
	0.07285	0.0466339	0.0505239	0.0584439	0.0524318	0.0491288	0.0650884	0.054194	0.101811	0.0558272	0.0521717	0.10042	0.0817721	0.0994213	0.114628	0.112531
	0.045557	0.0292735	0.0323259	0.03706	0.0331008	0.030758	0.0414155	0.0349388	0.0623295	0.035496	0.034084	0.0624267	0.0520312	0.0613877	0.0705606	0.0684657
	0.0523471	0.0355238	0.0388897	0.0442656	0.039694	0.0370584	0.0477654	0.0405709	0.0709726	0.0424013	0.0407429	0.0710809	0.0594539	0.0696365	0.079716	0.077497
	0.0742128	0.0492372	0.0533012	0.0611473	0.054325	0.0512098	0.06699	0.056732	0.101762	0.0573931	0.0556958	0.0999512	0.0826398	0.0987559	0.11474	0.109923
loop 1
	0.149386	0.0968098	0.106163	0.122061	0.110763	0.102827	0.134592	0.111988	0.199445	0.115847	0.110117	0.199781	0.16597	0.19823	0.223709	0.219323
	0.176815	0.122777	0.132552	0.147775	0.137274	0.129866	0.160402	0.138911	0.234354	0.142906	0.138656	0.232195	0.197318	0.233478	0.267069	0.256814
	0.0717756	0.0456355	0.0507306	0.0586809	0.0514171	0.0481216	0.0640395	0.0531698	0.100668	0.056049	0.0523885	0.099282	0.0820816	0.098281	0.115049	0.111366
	0.0511951	0.0345848	0.0379533	0.0418898	0.0387936	0.0361971	0.0466626	0.0395542	0.0710775	0.0401467	0.0385812	0.0696672	0.0582617	0.0699634	0.0800472	0.0777611
	0.0453101	0.0298208	0.0335325	0.0379577	0.0344659	0.0316132	0.041765	0.0353142	0.0621791	0.0360198	0.0342682	0.0622789	0.0514807	0.0609982	0.0701659	0.0677305
	0.0453101	0.0298208	0.0335325	0.0379577	0.0344659	0.0316132	0.041765	0.0353142	0.0621791	0.0360198	0.0342682	0.0622789	0.0514807	0.0609982	0.0701659	0.0677305
	0.0553984	0.036735	0.0399718	0.0450105	0.0407798	0.0382816	0.0496509	0.0414979	0.0763	0.0433368	0.0405586	0.0748992	0.062308	0.0752227	0.0866719	0.0828543
	0.0453101	0.0298208	0.0335325	0.0379577	0.0344659	0.0316132	0.041765	0.0353142	0.0621791	0.0360198	0.0342682	0.0622789	0.0514807	0.0609982	0.0701659	0.0677305
	0.0741926	0.0492228	0.0532849	0.0611322	0.0543124	0.0511944	0.0669727	0.056714	0.10174	0.0573792	0.0556827	0.0999304	0.082624	0.0987355	0.114715	0.111913
	0.0553984	0.036735	0.0399718	0.0450105	0.0407798	0.0382816	0.0496509	0.0414979	0.0763	0.0433368	0.0405586	0.0748992	0.062308	0.0752227	0.0866719	0.0828543
	0.0536311	0.034694	0.0382375	0.0437662	0.0391267	0.0363968	0.0473994	0.0399306	0.0730715	0.0419245	0.0402612	0.0731792	0.0596016	0.0719118	0.0825048	0.0800988
	0.05415	0.0359229	0.0393336	0.044649	0.0401831	0.0375523	0.0481474	0.040954	0.0744202	0.0428769	0.0399598	0.0729677	0.0613603	0.0732769	0.0835353	0.0812102
	0.0717756	0.0456355	0.0507306	0.0586809	0.0514171	0.0481216	0.0640395	0.0531698	0.100668	0.056049	0.0523885	0.099282	0.0820816	0.098281	0.115049	0.111366
	0.0455777	0.0292897	0.0323447	0.0370792	0.0331203	0.0307755	0.0414335	0.0349562	0.0623619	0.035514	0.0341009	0.0624591	0.0520499	0.0614115	0.0705702	0.0685025
	0.0541532	0.037332	0.040706	0.0447772	0.0415106	0.0388667	0.0495797	0.0423882	0.0727598	0.0429328	0.0412867	0.0728727	0.0612611	0.0729103	0.0830565	0.0808172
	0.0741926	0.0492228	0.0532849	0.0611322	0.0543124	0.0511944	0.0669727	0.056714	0.10174	0.0573792	0.0556827	0.0999304	0.082624	0.0987355	0.114715	0.111913
loop 2
	0.149386	0.0968098	0.106168	0.122067	0.110763	0.102827	0.134592	0.111988	0.199431	0.115847	0.110122	0.199768	0.16597	0.19823	0.223693	0.219308
	0.129234	0.08841	0.0958318	0.108101	0.0984208	0.0933853	0.117911	0.0998004	0.171557	0.103676	0.099741	0.169622	0.144178	0.171163	0.195184	0.188028
	0.0727531	0.0463055	0.0514677	0.0582154	0.052165	0.0488256	0.064923	0.053939	0.100415	0.0555864	0.0531471	0.100536	0.081757	0.099551	0.114877	0.111175
	0.05256	0.0345727	0.0379394	0.0431879	0.0387792	0.0361841	0.0466388	0.0395431	0.0710515	0.0414403	0.0385668	0.0711553	0.0582354	0.0699296	0.0800166	0.0777317
	0.0453061	0.029825	0.0335325	0.0379547	0.0344659	0.0316178	0.0417616	0.0353142	0.0621666	0.036017	0.0342708	0.0622665	0.0514807	0.0609921	0.0701585	0.0677235
	0.0453061	0.029825	0.0335325	0.0379547	0.0344659	0.0316178	0.0417616	0.0353142	0.0621666	0.036017	0.0342708	0.0622665	0.0514807	0.0609921	0.0701585	0.0677235
	0.0543778	0.0357526	0.0389858	0.04532	0.0397892	0.0372996	0.0486431	0.0417853	0.0752619	0.0423403	0.0408412	0.0753697	0.0612685	0.0741717	0.0856138	0.0818055
	0.0453061	0.029825	0.0335325	0.0379547	0.0344659	0.0316178	0.0417616	0.0353142	0.0621666	0.036017	0.0342708	0.0622665	0.0514807	0.0609921	0.0701585	0.0677235
	0.0742128	0.0492372	0.0533012	0.0611473	0.054325	0.0512059	0.06699	0.056732	0.101762	0.0573931	0.0556958	0.0999512	0.0826398	0.0987559	0.11474	0.109923
	0.0543778	0.0357526	0.0389858	0.04532	0.0397892	0.0372996	0.0486431	0.0417853	0.0752619	0.0423403	0.0408412	0.0753697	0.0612685	0.0741717	0.0856138	0.0818055
	0.0523636	0.0348232	0.0383869	0.0439289	0.0392781	0.0365329	0.0475789	0.0400837	0.0717336	0.0420845	0.0390594	0.0718389	0.05982	0.0705761	0.0827988	0.0787415
	0.0541384	0.0359103	0.0393192	0.0446403	0.0401682	0.0375389	0.0495177	0.0409424	0.0744021	0.0428646	0.0412692	0.0745194	0.0613465	0.0732593	0.0851436	0.0812
	0.0727531	0.0463055	0.0514677	0.0582154	0.052165	0.0488256	0.064923	0.053939	0.100415	0.0555864	0.0531471	0.100536	0.081757	0.099551	0.114877	0.111175
	0.045557	0.0304074	0.0323259	0.0370562	0.0330976	0.0319077	0.041411	0.0349353	0.0623295	0.0354924	0.0340807	0.0624267	0.052025	0.0613798	0.0705606	0.0684657
	0.0510483	0.0345271	0.0378463	0.0431034	0.0386514	0.0360632	0.0465486	0.0394796	0.0693361	0.0412994	0.03969	0.0694421	0.0580398	0.0695482	0.0795463	0.0773236
	0.0742128	0.0492372	0.0533012	0.0611473	0.054325	0.0512059	0.06699	0.056732	0.101762	0.0573931	0.0556958	0.0999512	0.0826398	0.0987559	0.11474	0.109923
loop 3
	0.14942	0.0968322	0.106189	0.122086	0.110785	0.102851	0.134615	0.112011	0.199472	0.11587	0.110144	0.199795	0.166001	0.198269	0.22374	0.219339
	0.137363	0.0952673	0.102911	0.115568	0.105545	0.100334	0.123734	0.107055	0.180877	0.111012	0.106902	0.18111	0.152679	0.180384	0.207322	0.199988
	0.0727813	0.0465791	0.0516923	0.0583847	0.052374	0.0490697	0.0650198	0.0541335	0.101703	0.0557638	0.0533473	0.101846	0.0816914	0.0993342	0.116108	0.112429
	0.0512389	0.0345969	0.0379707	0.0432344	0.0388116	0.0362101	0.0466911	0.0395766	0.071164	0.0414761	0.0385992	0.0712764	0.0583207	0.0700396	0.0801391	0.0778591
	0.0452903	0.0298102	0.0335175	0.0379365	0.0344502	0.0316017	0.0417442	0.0352953	0.0621479	0.0360001	0.0342552	0.0622477	0.0514616	0.0609738	0.0701363	0.0677023
	0.0452903	0.0298102	0.0335175	0.0379365	0.0344502	0.0316017	0.0417442	0.0352953	0.0621479	0.0360001	0.0342552	0.0622477	0.0514616	0.0609738	0.0701363	0.0677023
	0.0551616	0.0365575	0.0397813	0.0461139	0.0405873	0.0380993	0.0507712	0.0425843	0.07599	0.0444274	0.0416374	0.07611	0.0634698	0.074909	0.0863273	0.0840815
	0.0452903	0.0298102	0.0335175	0.0379365	0.0344502	0.0316017	0.0417442	0.0352953	0.0621479	0.0360001	0.0342552	0.0622477	0.0514616	0.0609738	0.0701363	0.0677023
	0.0742128	0.0492372	0.0532972	0.0611473	0.054325	0.0512059	0.06699	0.0567275	0.101762	0.0573931	0.0556958	0.0999512	0.0826398	0.0987559	0.11474	0.109911
	0.0551616	0.0365575	0.0397813	0.0461139	0.0405873	0.0380993	0.0507712	0.0425843	0.07599	0.0444274	0.0416374	0.07611	0.0634698	0.074909	0.0863273	0.0840815
	0.0523688	0.0348372	0.0383967	0.0439408	0.0392848	0.036545	0.0475834	0.0400872	0.0717336	0.042092	0.0390695	0.0718389	0.0598262	0.0705761	0.0827988	0.0803905
	0.0540229	0.0358319	0.0392364	0.0445445	0.0400826	0.0374581	0.0494169	0.040854	0.0742577	0.0427704	0.0411808	0.074375	0.0612225	0.0731179	0.0849813	0.0826494
	0.0727813	0.0465791	0.0516923	0.0583847	0.052374	0.0490697	0.0650198	0.0541335	0.101703	0.0557638	0.0533473	0.101846	0.0816914	0.0993342	0.116108	0.112429
	0.0455363	0.0303962	0.0323102	0.0370408	0.0330846	0.0318926	0.0413976	0.0349214	0.0623052	0.035478	0.0340672	0.0624024	0.0520063	0.0613561	0.0705318	0.068438
	0.0544215	0.0362442	0.0396106	0.0449819	0.0404111	0.0390243	0.0484832	0.0412909	0.0731644	0.0431168	0.0414599	0.0732773	0.0601481	0.0717926	0.0819378	0.0797054
	0.0742128	0.0492372	0.0532972	0.0611473	0.054325	0.0512059	0.06699	0.0567275	0.101762	0.0573931	0.0556958	0.0999512	0.0826398	0.0987559	0.11474	0.109911
loop 4
	0.14942	0.0968322	0.106189	0.122086	0.110785	0.102851	0.134615	0.112011	0.199472	0.11587	0.110144	0.199808	0.166001	0.198269	0.22374	0.219354
	0.141424	0.0973375	0.106851	0.11764	0.109503	0.10239	0.127746	0.111012	0.187281	0.114973	0.108948	0.185287	0.156773	0.186736	0.211471	0.206486
	0.0707143	0.0458312	0.0497307	0.0576523	0.0516358	0.0483264	0.0642988	0.0533991	0.0995259	0.0550289	0.0526125	0.0996653	0.0809899	0.0986586	0.113882	0.11022
	0.0514306	0.0335048	0.0368593	0.0420864	0.0376957	0.0351138	0.046872	0.0384552	0.0698534	0.0403428	0.038772	0.0699634	0.0585241	0.0687571	0.0788	0.0765247
	0.0452863	0.0311093	0.0335075	0.0379305	0.0344424	0.0315901	0.0417372	0.0352872	0.0621479	0.0359917	0.0342448	0.062254	0.0514616	0.0609738	0.0701437	0.0677023
	0.0452863	0.0311093	0.0335075	0.0379305	0.0344424	0.0315901	0.0417372	0.0352872	0.0621479	0.0359917	0.0342448	0.062254	0.0514616	0.0609738	0.0701437	0.0677023
	0.0581914	0.0382035	0.0414219	0.0477654	0.0422227	0.0397337	0.0524242	0.0442332	0.0791325	0.0447677	0.0432784	0.0792492	0.0650997	0.0780404	0.0895014	0.0872531
	0.0452863	0.0311093	0.0335075	0.0379305	0.0344424	0.0315901	0.0417372	0.0352872	0.0621479	0.0359917	0.0342448	0.062254	0.0514616	0.0609738	0.0701437	0.0677023
	0.0741993	0.0492264	0.053289	0.0611372	0.0543166	0.0511982	0.0669785	0.0567185	0.10174	0.0573792	0.0556871	0.0999304	0.082624	0.0987355	0.114715	0.111925
	0.0581914	0.0382035	0.0414219	0.0477654	0.0422227	0.0397337	0.0524242	0.0442332	0.0791325	0.0447677	0.0432784	0.0792492	0.0650997	0.0780404	0.0895014	0.0872531
	0.0523947	0.0348541	0.0384162	0.0439606	0.0393083	0.0365662	0.0476058	0.0401116	0.0717579	0.042118	0.0390897	0.0718713	0.0598512	0.0706078	0.0828283	0.0787692
	0.0540345	0.0358476	0.0392472	0.0445575	0.0400975	0.0374716	0.049427	0.0421944	0.0742577	0.0427827	0.0411961	0.074375	0.0612294	0.0731179	0.0849921	0.0826598
	0.0707143	0.0458312	0.0497307	0.0576523	0.0516358	0.0483264	0.0642988	0.0533991	0.0995259	0.0550289	0.0526125	0.0996653	0.0809899	0.0986586	0.113882	0.11022
	0.0455985	0.0293005	0.0323572	0.0370908	0.0331301	0.0307871	0.0414514	0.0349632	0.0623862	0.0355284	0.0341143	0.0624753	0.0520749	0.0614353	0.0706182	0.068521
	0.0545339	0.0362999	0.0396702	0.0450676	0.0404726	0.0378351	0.0485738	0.0413585	0.0733337	0.0431887	0.0415233	0.0719401	0.0602782	0.0719585	0.0821252	0.0798858
	0.0741993	0.0492264	0.053289	0.0611372	0.0543166	0.0511982	0.0669785	0.0567185	0.10174	0.0573792	0.0556871	0.0999304	0.082624	0.0987355	0.114715	0.111925
loop 5
	0.14942	0.0968322	0.106194	0.122093	0.110796	0.102851	0.134622	0.112016	0.199445	0.115876	0.11015	0.199781	0.16598	0.198256	0.223709	0.219308
	0.144336	0.0995747	0.108846	0.121125	0.111448	0.10454	0.130994	0.112821	0.193575	0.116705	0.112792	0.191578	0.161428	0.193195	0.219892	0.21259
	0.0718317	0.0456711	0.0507719	0.0587317	0.0514594	0.04816	0.0640875	0.0532142	0.100739	0.054843	0.0524318	0.0993516	0.0807386	0.0983497	0.115112	0.111446
	0.0502685	0.0336536	0.0370208	0.0422707	0.0378628	0.0352675	0.0457267	0.0386244	0.0701496	0.0405196	0.037654	0.0687406	0.0573376	0.0690387	0.07912	0.0768416
	0.0473834	0.0318505	0.0342266	0.0386292	0.0351547	0.0323175	0.0424152	0.0360001	0.0642716	0.0366949	0.0349546	0.0643765	0.0535808	0.0630976	0.0722593	0.0698256
	0.0473834	0.0318505	0.0342266	0.0386292	0.0351547	0.0323175	0.0424152	0.0360001	0.0642716	0.0366949	0.0349546	0.0643765	0.0535808	0.0630976	0.0722593	0.0698256
	0.056254	0.036359	0.040833	0.0458689	0.0416374	0.0391473	0.0505069	0.0423577	0.07714	0.0441916	0.0414134	0.0772522	0.0631446	0.07605	0.0874951	0.0852522
	0.0473834	0.0318505	0.0342266	0.0386292	0.0351547	0.0323175	0.0424152	0.0360001	0.0642716	0.0366949	0.0349546	0.0643765	0.0535808	0.0630976	0.0722593	0.0698256
	0.0742128	0.0492372	0.0532972	0.0611473	0.054325	0.0512059	0.06699	0.0567275	0.101751	0.0573931	0.0556958	0.0999408	0.0826319	0.0987559	0.114727	0.109911
	0.056254	0.036359	0.040833	0.0458689	0.0416374	0.0391473	0.0505069	0.0423577	0.07714	0.0441916	0.0414134	0.0772522	0.0631446	0.07605	0.0874951	0.0852522
	0.0523688	0.0348428	0.0383999	0.0439448	0.0392915	0.0365541	0.0475879	0.0400942	0.07332	0.0420994	0.0390729	0.0718308	0.05982	0.0705682	0.082789	0.0803811
	0.0552168	0.0356751	0.0390636	0.045707	0.0412307	0.0385938	0.0492002	0.042	0.0755067	0.0425861	0.0410039	0.0740501	0.0624315	0.074366	0.0846244	0.082306
	0.0718317	0.0456711	0.0507719	0.0587317	0.0514594	0.04816	0.0640875	0.0532142	0.100739	0.054843	0.0524318	0.0993516	0.0807386	0.0983497	0.115112	0.111446
	0.0455725	0.0292816	0.0323353	0.0370715	0.0331106	0.0307696	0.041429	0.0349458	0.0623538	0.0355068	0.0340941	0.0624429	0.0520437	0.0614036	0.0705894	0.0684933
	0.0544215	0.0374544	0.0408494	0.0449629	0.0416543	0.0389935	0.0498042	0.0425494	0.073202	0.0430989	0.0414304	0.0733055	0.0615791	0.0733243	0.0835397	0.0812931
	0.0742128	0.0492372	0.0532972	0.0611473	0.054325	0.0512059	0.06699	0.0567275	0.101751	0.0573931	0.0556958	0.0999408	0.0826319	0.0987559	0.114727	0.109911
loop 6
	0.149403	0.0968277	0.106194	0.122086	0.11079	0.102851	0.134607	0.112011	0.199472	0.11587	0.110144	0.199808	0.16597	0.198256	0.22374	0.219339
	0.125484	0.0863784	0.093818	0.1062	0.0964161	0.0913575	0.11418	0.0978088	0.167814	0.1017	0.0977516	0.168052	0.140392	0.167435	0.1915	0.184318
	0.0719329	0.0457482	0.0508546	0.0575447	0.051537	0.0482368	0.0641835	0.0532956	0.0993516	0.0549282	0.0525113	0.099491	0.0808444	0.098487	0.113695	0.110021
	0.051562	0.0348299	0.0382249	0.0435133	0.0390708	0.0364505	0.0469863	0.039837	0.0715964	0.0417499	0.0388548	0.0717002	0.0586816	0.0704713	0.0806185	0.0783198
	0.0452307	0.0310674	0.0334675	0.0378791	0.0344008	0.0315464	0.041685	0.0352466	0.062073	0.0359496	0.0342031	0.0621728	0.051395	0.0608948	0.0700549	0.0692372
	0.0452307	0.0310674	0.0334675	0.0378791	0.0344008	0.0315464	0.041685	0.0352466	0.062073	0.0359496	0.0342031	0.0621728	0.051395	0.0608948	0.0700549	0.0692372
	0.0561622	0.0375156	0.0407429	0.0457807	0.0415486	0.039055	0.0504169	0.0422706	0.077038	0.0441037	0.042606	0.0771604	0.0630516	0.07595	0.0873862	0.0851472
	0.0452307	0.0310674	0.0334675	0.0378791	0.0344008	0.0315464	0.041685	0.0352466	0.062073	0.0359496	0.0342031	0.0621728	0.051395	0.0608948	0.0700549	0.0692372
	0.0742061	0.0492336	0.0532972	0.0611423	0.0543208	0.0512021	0.0669843	0.0568307	0.101751	0.0574948	0.0556915	0.0999408	0.0826319	0.0987457	0.114727	0.111937
	0.0561622	0.0375156	0.0407429	0.0457807	0.0415486	0.039055	0.0504169	0.0422706	0.077038	0.0441037	0.042606	0.0771604	0.0630516	0.07595	0.0873862	0.0851472
	0.0535724	0.0346574	0.0382017	0.0437185	0.0390863	0.0363605	0.048774	0.0412524	0.0729887	0.0418836	0.040223	0.0730964	0.0595329	0.0718308	0.0824166	0.0800141
	0.0553413	0.0370354	0.0404622	0.0458058	0.0413153	0.0386704	0.049306	0.0420873	0.0756818	0.0440203	0.0410885	0.0758016	0.0625797	0.0745375	0.0864691	0.0825037
	0.0719329	0.0457482	0.0508546	0.0575447	0.051537	0.0482368	0.0641835	0.0532956	0.0993516	0.0549282	0.0525113	0.099491	0.0808444	0.098487	0.113695	0.110021
	0.0455207	0.0303821	0.0323008	0.0370293	0.0330716	0.0318805	0.0413841	0.0349075	0.062289	0.0354672	0.0340538	0.0623862	0.0519875	0.0613402	0.0705126	0.0684196
	0.0550976	0.036972	0.0403292	0.0456827	0.0411262	0.0397456	0.0505069	0.0432874	0.0737779	0.0438263	0.0421748	0.0738836	0.0622247	0.0739028	0.08407	0.0818386
	0.0742061	0.0492336	0.0532972	0.0611423	0.0543208	0.0512021	0.0669843	0.0568307	0.101751	0.0574948	0.0556915	0.0999408	0.0826319	0.0987457	0.114727	0.111937
loop 7
	0.149386	0.0968098	0.106174	0.122067	0.110774	0.102831	0.134592	0.111994	0.199445	0.115853	0.110128	0.199768	0.16597	0.19823	0.223709	0.219308
	0.128402	0.08912	0.0965959	0.107178	0.0992023	0.0941208	0.117069	0.100632	0.170912	0.104542	0.100537	0.171155	0.143381	0.170522	0.194642	0.189701
	0.0714971	0.0451856	0.0503157	0.0583148	0.0510062	0.0476875	0.0636989	0.0527714	0.0990533	0.0556716	0.0519816	0.0991734	0.0804582	0.098189	0.113451	0.10978
	0.0525319	0.0345425	0.0379081	0.0431542	0.0387504	0.0361549	0.0466054	0.0395096	0.0709996	0.0414086	0.038538	0.0711121	0.0582026	0.0698872	0.0799656	0.0776827
	0.0452387	0.0310696	0.03347	0.0378851	0.0344008	0.031551	0.0416919	0.0352493	0.0620855	0.0359524	0.0342058	0.0621853	0.0514045	0.0609069	0.0700697	0.0692516
	0.0452387	0.0310696	0.03347	0.0378851	0.0344008	0.031551	0.0416919	0.0352493	0.0620855	0.0359524	0.0342058	0.0621853	0.0514045	0.0609069	0.0700697	0.0692516
	0.0581225	0.0381923	0.041405	0.0477239	0.0422009	0.0397257	0.0523709	0.0442054	0.0790158	0.0460453	0.0432605	0.0791325	0.0650187	0.077926	0.0909664	0.0871321
	0.0452387	0.0310696	0.03347	0.0378851	0.0344008	0.031551	0.0416919	0.0352493	0.0620855	0.0359524	0.0342058	0.0621853	0.0514045	0.0609069	0.0700697	0.0692516
	0.0742061	0.0492336	0.0532972	0.0611473	0.054325	0.0512059	0.06699	0.0567275	0.101751	0.0573885	0.0556958	0.0999408	0.0826319	0.0987457	0.114727	0.111937
	0.0581225	0.0381923	0.041405	0.0477239	0.0422009	0.0397257	0.0523709	0.0442054	0.0790158	0.0460453	0.0432605	0.0791325	0.0650187	0.077926	0.0909664	0.0871321
	0.0547052	0.0357297	0.0392882	0.0448266	0.0401777	0.0374376	0.0484688	0.0409788	0.0741616	0.0429798	0.0399549	0.0742716	0.0606784	0.072997	0.0836	0.0811922
	0.055199	0.0369509	0.0403654	0.0456935	0.0412154	0.0385799	0.0505803	0.0419881	0.0754975	0.0439147	0.0409924	0.0756081	0.0624244	0.0743479	0.0862596	0.0839172
	0.0714971	0.0451856	0.0503157	0.0583148	0.0510062	0.0476875	0.0636989	0.0527714	0.0990533	0.0556716	0.0519816	0.0991734	0.0804582	0.098189	0.113451	0.10978
	0.0455674	0.0292816	0.0323353	0.0370677	0.0331106	0.0307667	0.0414245	0.0349458	0.0623457	0.0355068	0.0340908	0.0624429	0.0520375	0.0613957	0.0705798	0.0684841
	0.0560703	0.0379244	0.0412825	0.0466444	0.042079	0.0394439	0.0501356	0.0429642	0.0747522	0.0447867	0.0431303	0.0748698	0.0631988	0.0748894	0.0850539	0.0828206
	0.0742061	0.0492336	0.0532972	0.0611473	0.054325	0.0512059	0.06699	0.0567275	0.101751	0.0573885	0.0556958	0.0999408	0.0826319	0.0987457	0.114727	0.111937
loop 8
	0.149377	0.0968053	0.106168	0.122061	0.110763	0.102822	0.134585	0.111988	0.199431	0.115847	0.110122	0.199768	0.16596	0.19823	0.223693	0.219308
	0.133694	0.0919818	0.101392	0.112086	0.10216	0.0970116	0.122116	0.10362	0.176866	0.107542	0.103509	0.177093	0.148871	0.176335	0.200794	0.195855
	0.0703256	0.0453185	0.0492403	0.0572022	0.0511508	0.0478248	0.0625674	0.0529231	0.0977834	0.0545649	0.0508959	0.0979017	0.0792572	0.0969172	0.112132	0.108468
	0.0516715	0.0336419	0.0370175	0.0422707	0.0378559	0.0352549	0.0457406	0.0386208	0.070192	0.0405119	0.0389376	0.070302	0.057376	0.0690884	0.07917	0.0768896
	0.0452585	0.0310895	0.0334875	0.0379093	0.0344216	0.0315717	0.0417163	0.0352683	0.0621104	0.0359721	0.034224	0.0622103	0.0514283	0.0609313	0.0700919	0.06766
	0.0452585	0.0310895	0.0334875	0.0379093	0.0344216	0.0315717	0.0417163	0.0352683	0.0621104	0.0359721	0.034224	0.0622103	0.0514283	0.0609313	0.0700919	0.06766
	0.0560506	0.0374148	0.0406405	0.0469872	0.041443	0.0389513	0.0516605	0.0434535	0.0784462	0.0439974	0.0425015	0.0770278	0.064374	0.077344	0.0888467	0.0850072
	0.0452585	0.0310895	0.0334875	0.0379093	0.0344216	0.0315717	0.0417163	0.0352683	0.0621104	0.0359721	0.034224	0.0622103	0.0514283	0.0609313	0.0700919	0.06766
	0.0742128	0.0492372	0.0533012	0.0611524	0.0543293	0.0512098	0.0669958	0.056732	0.101762	0.0573931	0.0557002	0.0999512	0.0826398	0.0987559	0.11474	0.109923
	0.0560506	0.0374148	0.0406405	0.0469872	0.041443	0.0389513	0.0516605	0.0434535	0.0784462	0.0439974	0.0425015	0.0770278	0.064374	0.077344	0.0888467	0.0850072
	0.0538016	0.034826	0.0383804	0.043917	0.0392713	0.0365359	0.047561	0.0400698	0.0732703	0.0420733	0.0390527	0.0717822	0.0597825	0.0721143	0.0827302	0.0803246
	0.055027	0.0367949	0.0402054	0.0455319	0.0410539	0.0384198	0.0504144	0.0418293	0.0753039	0.0437499	0.040831	0.0754145	0.062241	0.0741494	0.0860391	0.083705
	0.0703256	0.0453185	0.0492403	0.0572022	0.0511508	0.0478248	0.0625674	0.0529231	0.0977834	0.0545649	0.0508959	0.0979017	0.0792572	0.0969172	0.112132	0.108468
	0.0455829	0.0292897	0.0323447	0.0370792	0.0331171	0.0307755	0.0414335	0.0349562	0.0623619	0.035514	0.0341009	0.0624591	0.0520499	0.0614115	0.070599	0.0685025
	0.0513717	0.0347026	0.0380472	0.0420746	0.0388513	0.0362442	0.0468309	0.0397059	0.068353	0.0402678	0.0386437	0.0684568	0.0570195	0.0685433	0.0785502	0.07633
	0.0742128	0.0492372	0.0533012	0.0611524	0.0543293	0.0512098	0.0669958	0.056732	0.101762	0.0573931	0.0557002	0.0999512	0.0826398	0.0987559	0.11474	0.109923
loop 9
	0.149377	0.0968188	0.106174	0.122067	0.110774	0.102836	0.134592	0.111994	0.199431	0.115853	0.110128	0.199768	0.16596	0.198216	0.223693	0.219293
	0.138054	0.0964611	0.10399	0.116513	0.106606	0.101459	0.126534	0.108061	0.18335	0.111963	0.107942	0.183592	0.155304	0.182758	0.20958	0.202309
	0.0702175	0.0452376	0.049155	0.0571131	0.0510682	0.0465426	0.062466	0.0516005	0.0976482	0.0544741	0.0508133	0.0977834	0.0791423	0.0952893	0.111991	0.108314
	0.0514963	0.0335486	0.0369064	0.0421356	0.0377445	0.0351577	0.0455834	0.0385056	0.0699634	0.0403928	0.0388188	0.070065	0.0571648	0.0688482	0.07891	0.0766303
	0.0452426	0.031074	0.0334675	0.0378912	0.0344008	0.0315556	0.0416954	0.035252	0.0620917	0.0359552	0.0342058	0.0621916	0.0514093	0.060913	0.0700771	0.0692589
	0.0452426	0.031074	0.0334675	0.0378912	0.0344008	0.0315556	0.0416954	0.035252	0.0620917	0.0359552	0.0342058	0.0621916	0.0514093	0.060913	0.0700771	0.0692589
	0.0563721	0.0364565	0.0396702	0.0459767	0.0417472	0.0379951	0.050625	0.0424666	0.0772828	0.0443025	0.0415233	0.077395	0.0632762	0.0762	0.0876524	0.0854038
	0.0452426	0.031074	0.0334675	0.0378912	0.0344008	0.0315556	0.0416954	0.035252	0.0620917	0.0359552	0.0342058	0.0621916	0.0514093	0.060913	0.0700771	0.0692589
	0.0742061	0.04923	0.0532931	0.0611372	0.0543166	0.0511982	0.0669843	0.056723	0.101751	0.0573838	0.0556871	0.0999408	0.082624	0.0987457	0.114727	0.111925
	0.0563721	0.0364565	0.0396702	0.0459767	0.0417472	0.0379951	0.050625	0.0424666	0.0772828	0.0443025	0.0415233	0.077395	0.0632762	0.0762	0.0876524	0.0854038
	0.0538069	0.0348176	0.0383739	0.043917	0.0392646	0.0365269	0.047561	0.0400663	0.0732951	0.0420696	0.040404	0.0718065	0.0597888	0.0721305	0.0827596	0.0803435
	0.0543175	0.0360358	0.039456	0.0447927	0.0403059	0.0376667	0.0482944	0.0410847	0.0746458	0.0430121	0.0400863	0.0731974	0.0615463	0.0734978	0.0837899	0.081455
	0.0702175	0.0452376	0.049155	0.0571131	0.0510682	0.0465426	0.062466	0.0516005	0.0976482	0.0544741	0.0508133	0.0977834	0.0791423	0.0952893	0.111991	0.108314
	0.0455414	0.030399	0.0323165	0.0370446	0.0330878	0.0318956	0.041402	0.0349249	0.0623133	0.0354816	0.0340706	0.0624105	0.0520125	0.061364	0.0705414	0.0684472
	0.0554304	0.0371448	0.0405217	0.0459326	0.0413247	0.0386706	0.0494538	0.0422271	0.0742773	0.0440575	0.0423752	0.074383	0.0611871	0.0728727	0.0830565	0.0808172
	0.0742061	0.04923	0.0532931	0.0611372	0.0543166	0.0511982	0.0669843	0.056723	0.101751	0.0573838	0.0556871	0.0999408	0.082624	0.0987457	0.114727	0.111925
loop 10
	0.14942	0.0968322	0.106189	0.122086	0.11079	0.102851	0.134615	0.112011	0.199458	0.11587	0.110144	0.199795	0.166001	0.198269	0.223725	0.219323
	0.134446	0.0907706	0.0998129	0.111744	0.102384	0.0956793	0.121372	0.103646	0.180338	0.107487	0.103697	0.178411	0.149109	0.177906	0.203918	0.196764
	0.0701309	0.0451799	0.0490894	0.0570321	0.0509993	0.0476812	0.0623923	0.0527642	0.0975299	0.0543984	0.0507444	0.0976482	0.0790401	0.0966509	0.11185	0.108178
	0.0515127	0.0335573	0.0369165	0.0421478	0.0377549	0.0351671	0.0455973	0.0385128	0.0699634	0.0404004	0.0388296	0.070065	0.0571776	0.0688565	0.07892	0.0766399
	0.0452466	0.031085	0.03348	0.0379002	0.0344112	0.0315648	0.0417059	0.0352602	0.0620917	0.0359636	0.0342162	0.0621916	0.051414	0.060913	0.0700697	0.0676388
	0.0452466	0.031085	0.03348	0.0379002	0.0344112	0.0315648	0.0417059	0.0352602	0.0620917	0.0359636	0.0342162	0.0621916	0.051414	0.060913	0.0700697	0.0676388
	0.0561425	0.0375192	0.040747	0.0457758	0.0415529	0.0390627	0.0504056	0.0422706	0.0770073	0.0441037	0.0426104	0.0771196	0.064469	0.07592	0.0873499	0.0851122
	0.0452466	0.031085	0.03348	0.0379002	0.0344112	0.0315648	0.0417059	0.0352602	0.0620917	0.0359636	0.0342162	0.0621916	0.051414	0.060913	0.0700697	0.0676388
	0.0742061	0.0492372	0.0532972	0.0611473	0.054325	0.0512059	0.06699	0.0567275	0.101751	0.0573885	0.0556958	0.0999408	0.0826319	0.0987457	0.114727	0.111937
	0.0561425	0.0375192	0.040747	0.0457758	0.0415529	0.0390627	0.0504056	0.0422706	0.0770073	0.0441037	0.0426104	0.0771196	0.064469	0.07592	0.0873499	0.0851122
	0.053727	0.0347614	0.0383122	0.0438495	0.0392007	0.0364694	0.0474891	0.0400071	0.0731958	0.0420064	0.0403413	0.0717093	0.0597076	0.0720333	0.082642	0.08024
	0.0552049	0.0356689	0.0390564	0.0443441	0.0399003	0.0372866	0.0491901	0.041992	0.0754883	0.0425779	0.0409924	0.0740411	0.060947	0.0743479	0.0846136	0.0822852
	0.0701309	0.0451799	0.0490894	0.0570321	0.0509993	0.0476812	0.0623923	0.0527642	0.0975299	0.0543984	0.0507444	0.0976482	0.0790401	0.0966509	0.11185	0.108178
	0.045557	0.0292708	0.0323259	0.0370562	0.0330976	0.030758	0.041411	0.0349353	0.0623295	0.0354924	0.0340807	0.0624267	0.052025	0.0613798	0.0705606	0.0684657
	0.056418	0.0380807	0.0414726	0.0468964	0.042275	0.0396106	0.0504281	0.0431797	0.0753207	0.0450153	0.0433323	0.0754285	0.0621793	0.0754187	0.0856837	0.0834385
	0.0742061	0.0492372	0.0532972	0.0611473	0.054325	0.0512059	0.06699	0.0567275	0.101751	0.0573885	0.0556958	0.0999408	0.0826319	0.0987457	0.114727	0.111937
loop 11
	0.149411	0.0968322	0.106189	0.122086	0.110785	0.102851	0.134615	0.112011	0.199472	0.11587	0.110139	0.199795	0.165991	0.198256	0.22374	0.219339
	0.13111	0.0901156	0.0975684	0.109868	0.100169	0.0951127	0.117807	0.101567	0.17355	0.105459	0.101507	0.171606	0.146066	0.173175	0.197266	0.190089
	0.0676	0.0435912	0.0475769	0.054368	0.0482804	0.0449269	0.0597812	0.0500604	0.0937656	0.0517226	0.0492608	0.0939062	0.0766087	0.0914094	0.106592	0.102932
	0.051343	0.0346514	0.0380369	0.0433147	0.0388764	0.0362686	0.0467863	0.0396473	0.0713197	0.0415475	0.038664	0.0714321	0.0584388	0.0701835	0.0803125	0.0780258
	0.0452426	0.0310806	0.0334775	0.0378942	0.0344086	0.0315602	0.0416989	0.0352575	0.0620917	0.0359608	0.0342136	0.0621916	0.051414	0.0609191	0.0700771	0.0676388
	0.0452426	0.0310806	0.0334775	0.0378942	0.0344086	0.0315602	0.0416989	0.0352575	0.0620917	0.0359608	0.0342136	0.0621916	0.051414	0.0609191	0.0700771	0.0676388
	0.056523	0.0365505	0.0397694	0.0460992	0.0418529	0.0380919	0.0507544	0.0425755	0.0774868	0.0444181	0.0416289	0.07608	0.0634466	0.0748796	0.0878823	0.0840586
	0.0452426	0.0310806	0.0334775	0.0378942	0.0344086	0.0315602	0.0416989	0.0352575	0.0620917	0.0359608	0.0342136	0.0621916	0.051414	0.0609191	0.0700771	0.0676388
	0.0742128	0.0492408	0.0533012	0.0611524	0.0543293	0.0512098	0.0669958	0.056732	0.101762	0.0573977	0.0557002	0.0999512	0.0826398	0.0987559	0.11474	0.109923
	0.056523	0.0365505	0.0397694	0.0460992	0.0418529	0.0380919	0.0507544	0.0425755	0.0774868	0.0444181	0.0416289	0.07608	0.0634466	0.0748796	0.0878823	0.0840586
	0.0537749	0.0347979	0.0383512	0.0438932	0.0392411	0.0365057	0.047534	0.0400454	0.0732537	0.0420473	0.0403796	0.071766	0.0597576	0.0720981	0.0827106	0.0803058
	0.0543984	0.0360985	0.0395208	0.0448624	0.0403728	0.037734	0.0483728	0.04115	0.0731798	0.0430817	0.0401533	0.0732858	0.0601596	0.0720375	0.083896	0.0815672
	0.0676	0.0435912	0.0475769	0.054368	0.0482804	0.0449269	0.0597812	0.0500604	0.0937656	0.0517226	0.0492608	0.0939062	0.0766087	0.0914094	0.106592	0.102932
	0.0455725	0.029287	0.0323416	0.0370754	0.0331138	0.0307725	0.041429	0.0349527	0.0623538	0.0355104	0.0340941	0.062451	0.0520437	0.0614036	0.0705894	0.0684933
	0.0561425	0.0379319	0.0412994	0.0466847	0.0420964	0.0394519	0.0501863	0.0429912	0.0748992	0.0448201	0.0431483	0.0750169	0.0632995	0.0750267	0.0852172	0.0829891
	0.0742128	0.0492408	0.0533012	0.0611524	0.0543293	0.0512098	0.0669958	0.056732	0.101762	0.0573977	0.0557002	0.0999512	0.0826398	0.0987559	0.11474	0.109923
loop 12
	0.149411	0.0968277	0.106184	0.12208	0.110779	0.102846	0.134615	0.112005	0.199458	0.115865	0.110139	0.199795	0.166001	0.198256	0.223725	0.219323
	0.137854	0.0943804	0.10378	0.114364	0.106404	0.0994006	0.124325	0.107854	0.18322	0.111784	0.107763	0.181215	0.153041	0.182768	0.207273	0.199956
	0.06679	0.043037	0.0469746	0.0537024	0.047675	0.0455495	0.0590618	0.0494306	0.0927188	0.051075	0.04864	0.0928438	0.0757057	0.0918408	0.105427	0.103337
	0.0516825	0.0336769	0.0370444	0.0422953	0.0378872	0.0352925	0.0457545	0.0386496	0.0702004	0.0405465	0.0376783	0.070302	0.0573696	0.0690801	0.07918	0.0768896
	0.0452585	0.0310895	0.0334925	0.0379093	0.0344242	0.0315694	0.0417128	0.035271	0.0621167	0.0359749	0.0342292	0.0622165	0.0514283	0.0609434	0.0700993	0.067667
	0.0452585	0.0310895	0.0334925	0.0379093	0.0344242	0.0315694	0.0417128	0.035271	0.0621167	0.0359749	0.0342292	0.0622165	0.0514283	0.0609434	0.0700993	0.067667
	0.0552576	0.0366375	0.0398646	0.046207	0.0406733	0.0381812	0.0495249	0.0426757	0.07611	0.0432201	0.0417261	0.07622	0.0621415	0.0750267	0.086458	0.0842188
	0.0452585	0.0310895	0.0334925	0.0379093	0.0344242	0.0315694	0.0417128	0.035271	0.0621167	0.0359749	0.0342292	0.0622165	0.0514283	0.0609434	0.0700993	0.067667
	0.0741993	0.04923	0.0532931	0.0611372	0.0543166	0.0511982	0.0669843	0.056723	0.10174	0.0573838	0.0556871	0.0999408	0.082624	0.0987457	0.114727	0.111925
	0.0552576	0.0366375	0.0398646	0.046207	0.0406733	0.0381812	0.0495249	0.0426757	0.07611	0.0432201	0.0417261	0.07622	0.0621415	0.0750267	0.086458	0.0842188
	0.0523843	0.0348456	0.0384032	0.0439487	0.0392949	0.0365541	0.0475969	0.0401011	0.0717579	0.0421031	0.0390762	0.0718632	0.0598387	0.070592	0.0828283	0.0787692
	0.0553235	0.0357535	0.0391464	0.0444443	0.0399933	0.037374	0.049301	0.0420873	0.0740862	0.0426762	0.0410885	0.0741945	0.0610779	0.07295	0.0847866	0.0824621
	0.06679	0.043037	0.0469746	0.0537024	0.047675	0.0455495	0.0590618	0.0494306	0.0927188	0.051075	0.04864	0.0928438	0.0757057	0.0918408	0.105427	0.103337
	0.0455363	0.0303934	0.0323102	0.0370408	0.0330813	0.0318926	0.0413931	0.0349179	0.0623052	0.035478	0.0340639	0.0624024	0.0520063	0.0613561	0.0705414	0.068438
	0.0520922	0.0354599	0.0387975	0.0440991	0.0395987	0.0369936	0.0475632	0.0404521	0.0705123	0.0422793	0.0393844	0.0706116	0.0591293	0.0707018	0.0807523	0.078519
	0.0741993	0.04923	0.0532931	0.0611372	0.0543166	0.0511982	0.0669843	0.056723	0.10174	0.0573838	0.0556871	0.0999408	0.082624	0.0987457	0.114727	0.111925
loop 13
	0.151828	0.0997287	0.108989	0.124764	0.11355	0.105676	0.137177	0.114774	0.204811	0.118579	0.112886	0.20515	0.17152	0.200147	0.232426	0.224532
	0.155913	0.106294	0.115693	0.130149	0.12024	0.113175	0.140221	0.121688	0.206263	0.125616	0.121594	0.206548	0.173377	0.205661	0.235338	0.227899
	0.06749	0.0435219	0.0475039	0.0542792	0.0482055	0.0460636	0.0596881	0.0499817	0.093625	0.0516399	0.049184	0.09375	0.0764899	0.0927634	0.106444	0.104324
	0.0516003	0.0336186	0.0369805	0.0422257	0.0378211	0.0352298	0.0456759	0.0385812	0.0700819	0.0404735	0.038898	0.0701835	0.0572736	0.0689642	0.07904	0.0767648
	0.0452704	0.0297912	0.0334975	0.0379184	0.034432	0.0315809	0.0417233	0.0352791	0.0621292	0.0359833	0.0342344	0.062229	0.0514426	0.0609495	0.0701141	0.0676812
	0.0452704	0.0297912	0.0334975	0.0379184	0.034432	0.0315809	0.0417233	0.0352791	0.0621292	0.0359833	0.0342344	0.062229	0.0514426	0.0609495	0.0701141	0.0676812
	0.0555136	0.0368116	0.0400551	0.0451105	0.0408617	0.0383635	0.0497604	0.0415867	0.07645	0.0434266	0.0406446	0.0750463	0.0624291	0.0738548	0.0852522	0.0830116
	0.0452704	0.0297912	0.0334975	0.0379184	0.034432	0.0315809	0.0417233	0.0352791	0.0621292	0.0359833	0.0342344	0.062229	0.0514426	0.0609495	0.0701141	0.0676812
	0.0742061	0.0492372	0.0532972	0.0611473	0.054325	0.0512059	0.06699	0.0567275	0.101751	0.0573931	0.0556958	0.0999408	0.0826319	0.0987457	0.114727	0.111937
	0.0555136	0.0368116	0.0400551	0.0451105	0.0408617	0.0383635	0.0497604	0.0415867	0.07645	0.0434266	0.0406446	0.0750463	0.0624291	0.0738548	0.0852522	0.0830116
	0.0537749	0.0348007	0.0383609	0.0438932	0.0392478	0.0365087	0.0475295	0.0400489	0.0732372	0.042051	0.0403866	0.0717498	0.0597513	0.0720819	0.082691	0.080287
	0.0540691	0.035857	0.0392652	0.0445837	0.0401161	0.0374851	0.0494573	0.0408886	0.0743209	0.0428073	0.0412115	0.0744292	0.0612708	0.0731709	0.0850462	0.0827222
	0.06749	0.0435219	0.0475039	0.0542792	0.0482055	0.0460636	0.0596881	0.0499817	0.093625	0.0516399	0.049184	0.09375	0.0764899	0.0927634	0.106444	0.104324
	0.0455466	0.0304046	0.0323196	0.0370523	0.0330943	0.0319016	0.0414065	0.0349284	0.0623214	0.0354888	0.0340773	0.0624105	0.0520187	0.0613719	0.070551	0.0684564
	0.0563393	0.0380212	0.041405	0.0468309	0.0422053	0.0395471	0.050355	0.0431168	0.0752031	0.0449486	0.0432605	0.0753109	0.0620885	0.0737971	0.0855554	0.0817394
	0.0742061	0.0492372	0.0532972	0.0611473	0.054325	0.0512059	0.06699	0.0567275	0.101751	0.0573931	0.0556958	0.0999408	0.0826319	0.0987457	0.114727	0.111937
loop 14
	0.149377	0.0968008	0.106163	0.122054	0.110763	0.102817	0.134585	0.111982	0.199445	0.115841	0.110117	0.199781	0.16595	0.198216	0.223709	0.219308
	0.159075	0.109222	0.118657	0.133198	0.121281	0.116132	0.143296	0.124693	0.211898	0.128626	0.122626	0.209822	0.176574	0.211308	0.24112	0.233663
	0.0620133	0.0402982	0.0443479	0.0500032	0.045073	0.0416745	0.05547	0.046878	0.0853918	0.0485686	0.044843	0.0854994	0.069683	0.0844945	0.0981611	0.0945163
	0.0513156	0.0346695	0.0367652	0.0419881	0.0376018	0.0362848	0.0467673	0.039651	0.0712418	0.0402428	0.0386712	0.069828	0.0583995	0.0701242	0.0802309	0.0779376
	0.0452664	0.0310917	0.033495	0.0379123	0.0344294	0.031574	0.0417163	0.0352764	0.0621167	0.0359805	0.0342318	0.0622165	0.0514331	0.0609434	0.0701067	0.067667
	0.0452664	0.0310917	0.033495	0.0379123	0.0344294	0.031574	0.0417163	0.0352764	0.0621167	0.0359805	0.0342318	0.0622165	0.0514331	0.0609434	0.0701067	0.067667
	0.0574297	0.0374292	0.0406569	0.0469972	0.0414599	0.0389666	0.0516605	0.043467	0.0784045	0.0440066	0.0425146	0.0769869	0.0643502	0.0773134	0.0887974	0.0865412
	0.0452664	0.0310917	0.033495	0.0379123	0.0344294	0.031574	0.0417163	0.0352764	0.0621167	0.0359805	0.0342318	0.0622165	0.0514331	0.0609434	0.0701067	0.067667
	0.0742128	0.0492372	0.0533012	0.0611473	0.0543293	0.0512098	0.0669958	0.056732	0.101762	0.0573931	0.0557002	0.0999512	0.0826398	0.0987559	0.11474	0.109923
	0.0574297	0.0374292	0.0406569	0.0469972	0.0414599	0.0389666	0.0516605	0.043467	0.0784045	0.0440066	0.0425146	0.0769869	0.0643502	0.0773134	0.0887974	0.0865412
	0.0546505	0.0356918	0.0392444	0.0447816	0.0401324	0.0373968	0.0484133	0.040932	0.0740939	0.0429336	0.0399097	0.0742124	0.0606208	0.0729308	0.08353	0.081125
	0.0543002	0.0360264	0.0394452	0.0447753	0.0402984	0.03766	0.0482797	0.0410693	0.0730472	0.0429998	0.0400752	0.0731621	0.0615257	0.0719078	0.0837474	0.0814244
	0.0620133	0.0402982	0.0443479	0.0500032	0.045073	0.0416745	0.05547	0.046878	0.0853918	0.0485686	0.044843	0.0854994	0.069683	0.0844945	0.0981611	0.0945163
	0.0456036	0.029306	0.0323635	0.0370984	0.0331366	0.030793	0.0414559	0.0349736	0.0623862	0.0355356	0.0341211	0.0624834	0.050771	0.0614432	0.0706278	0.0685302
	0.0556608	0.0372492	0.0406528	0.0461041	0.0414557	0.0387821	0.0496509	0.0423708	0.0746519	0.0442054	0.0425102	0.0732491	0.0614534	0.0732208	0.0834722	0.0812282
	0.0742128	0.0492372	0.0533012	0.0611473	0.0543293	0.0512098	0.0669958	0.056732	0.101762	0.0573931	0.0557002	0.0999512	0.0826398	0.0987559	0.11474	0.109923
loop 15
	0.149429	0.0968412	0.10621	0.122099	0.110807	0.102861	0.134629	0.112028	0.199485	0.115888	0.110161	0.199822	0.166001	0.198269	0.223756	0.219354
	0.155803	0.108061	0.117494	0.132074	0.120117	0.113061	0.142145	0.121578	0.208491	0.12747	0.121469	0.208747	0.175462	0.207946	0.237656	0.230195
	0.0593811	0.0388686	0.0429342	0.0486294	0.04367	0.0402612	0.0541195	0.0442573	0.0827431	0.045945	0.0434419	0.082858	0.068411	0.0818496	0.0939813	0.0918723
	0.0504123	0.0337527	0.0371285	0.0423936	0.0379707	0.0353709	0.0458562	0.038736	0.0703443	0.0406349	0.0377619	0.068931	0.0574976	0.0692292	0.07934	0.0770529
	0.0452625	0.031085	0.0334825	0.0379063	0.0344164	0.0315648	0.0417128	0.0352656	0.0621229	0.0359692	0.0342188	0.0622228	0.0514331	0.0609434	0.0701067	0.0676741
	0.0452625	0.031085	0.0334825	0.0379063	0.0344164	0.0315648	0.0417128	0.0352656	0.0621229	0.0359692	0.0342188	0.0622228	0.0514331	0.0609434	0.0701067	0.0676741
	0.0572212	0.0372852	0.0404972	0.0468208	0.0425799	0.0388167	0.0514642	0.0433009	0.078134	0.045139	0.0423534	0.0782485	0.0641284	0.0770482	0.0884894	0.0862442
	0.0452625	0.031085	0.0334825	0.0379063	0.0344164	0.0315648	0.0417128	0.0352656	0.0621229	0.0359692	0.0342188	0.0622228	0.0514331	0.0609434	0.0701067	0.0676741
	0.0741993	0.0492264	0.053289	0.0611372	0.0543124	0.0511982	0.0669785	0.0567185	0.10174	0.0573792	0.0556871	0.0999304	0.082624	0.0987355	0.114715	0.111925
	0.0572212	0.0372852	0.0404972	0.0468208	0.0425799	0.0388167	0.0514642	0.0433009	0.078134	0.045139	0.0423534	0.0782485	0.0641284	0.0770482	0.0884894	0.0862442
	0.0535778	0.0346715	0.0382115	0.0437344	0.0390998	0.0363726	0.0487878	0.0412632	0.0729887	0.0418947	0.0402334	0.0731047	0.0595391	0.0718389	0.0824166	0.0800141
	0.0543175	0.0360483	0.0394668	0.0447971	0.040317	0.0376802	0.0482993	0.0410885	0.0730737	0.0430162	0.0400938	0.0731798	0.0600722	0.0719337	0.0837687	0.0814448
	0.0593811	0.0388686	0.0429342	0.0486294	0.04367	0.0402612	0.0541195	0.0442573	0.0827431	0.045945	0.0434419	0.082858	0.068411	0.0818496	0.0939813	0.0918723
	0.0455725	0.0292816	0.0323353	0.0370677	0.0331106	0.0307667	0.0414245	0.0349458	0.0623457	0.0355068	0.0340908	0.0624429	0.0520437	0.0614036	0.0705894	0.0684841
	0.0551936	0.0381812	0.0415782	0.0457121	0.0423795	0.0397098	0.0505688	0.0432964	0.0740276	0.0451343	0.042153	0.0741333	0.062361	0.0741141	0.0843562	0.0821142
	0.0741993	0.0492264	0.053289	0.0611372	0.0543124	0.0511982	0.0669785	0.0567185	0.10174	0.0573792	0.0556871	0.0999304	0.082624	0.0987355	0.114715	0.111925
loop 16
	0.14942	0.0968367	0.106199	0.122093	0.110796	0.102856	0.134622	0.112022	0.199472	0.115882	0.110155	0.199795	0.166001	0.198269	0.22374	0.219339
	0.130664	0.0897688	0.097202	0.109491	0.0997885	0.0947488	0.119322	0.101156	0.172976	0.105038	0.10112	0.173225	0.145569	0.172626	0.196615	0.19173
	0.0600979	0.0385271	0.042809	0.0487912	0.0435822	0.0412383	0.0532224	0.0442078	0.081578	0.0459821	0.0446194	0.0816947	0.066703	0.0806353	0.0932351	0.0910433
	0.0505509	0.0338548	0.0359664	0.0411982	0.0368022	0.0354744	0.0459857	0.0388476	0.0690139	0.03945	0.0378733	0.0691215	0.0576512	0.0678942	0.077967	0.075686
	0.0473749	0.0318413	0.0342162	0.0386198	0.0351412	0.0323079	0.0424044	0.0359917	0.0642716	0.0366862	0.0349438	0.06437	0.0535707	0.0630848	0.0722593	0.0698182
	0.0473749	0.0318413	0.0342162	0.0386198	0.0351412	0.0323079	0.0424044	0.0359917	0.0642716	0.0366862	0.0349438	0.06437	0.0535707	0.0630848	0.0722593	0.0698182
	0.0564246	0.0364461	0.0409354	0.0459963	0.041743	0.0392396	0.0506531	0.042471	0.0773848	0.0443118	0.0415191	0.07597	0.0633382	0.07629	0.0877613	0.0839441
	0.0473749	0.0318413	0.0342162	0.0386198	0.0351412	0.0323079	0.0424044	0.0359917	0.0642716	0.0366862	0.0349438	0.06437	0.0535707	0.0630848	0.0722593	0.0698182
	0.0742195	0.049248	0.0533094	0.0611625	0.0543377	0.0512175	0.0670016	0.0568532	0.101772	0.0575179	0.0557089	0.0999616	0.0826477	0.0987661	0.114753	0.109923
	0.0564246	0.0364461	0.0409354	0.0459963	0.041743	0.0392396	0.0506531	0.042471	0.0773848	0.0443118	0.0415191	0.07597	0.0633382	0.07629	0.0877613	0.0839441
	0.0525243	0.034958	0.0385234	0.0440797	0.039416	0.0366721	0.0477315	0.0402195	0.0719199	0.0422296	0.0391973	0.0720333	0.0599885	0.0707662	0.0813459	0.0789443
	0.054306	0.0360201	0.0394416	0.0447753	0.0402947	0.0376533	0.049674	0.0410693	0.0746368	0.0429957	0.041396	0.0747541	0.0615394	0.073489	0.085414	0.081455
	0.0600979	0.0385271	0.042809	0.0487912	0.0435822	0.0412383	0.0532224	0.0442078	0.081578	0.0459821	0.0446194	0.0816947	0.066703	0.0806353	0.0932351	0.0910433
	0.0455311	0.0303878	0.0323071	0.0370369	0.0330781	0.0318865	0.0413886	0.0349144	0.0622971	0.0354744	0.0340605	0.0623943	0.052	0.0613481	0.0705318	0.0684288
	0.0521693	0.0354835	0.0388321	0.0441546	0.0396344	0.0370224	0.0476254	0.0404972	0.0706387	0.0423273	0.0394241	0.070747	0.059221	0.0708192	0.0808929	0.0786646
	0.0742195	0.049248	0.0533094	0.0611625	0.0543377	0.0512175	0.0670016	0.0568532	0.101772	0.0575179	0.0557089	0.0999616	0.0826477	0.0987661	0.114753	0.109923
loop 17
	0.149403	0.0968367	0.106199	0.122093	0.110796	0.102856	0.134615	0.112016	0.199458	0.115876	0.110155	0.199795	0.165991	0.198269	0.223725	0.219323
	0.158649	0.107783	0.117053	0.13127	0.121563	0.114624	0.143143	0.122935	0.210602	0.126818	0.122903	0.210867	0.175887	0.210139	0.239536	0.232139
	0.0662074	0.0424729	0.0466446	0.0537651	0.0473906	0.0451319	0.0594275	0.0492522	0.0918766	0.0509952	0.0484087	0.0904642	0.0741251	0.0894165	0.10354	0.101355
	0.0514634	0.0335311	0.0368829	0.0421192	0.0377236	0.0351389	0.0455603	0.038484	0.0699126	0.0403697	0.0387972	0.0700227	0.0571328	0.0687985	0.07886	0.0765823
	0.0452545	0.031085	0.03348	0.0379032	0.0344138	0.0315648	0.0417093	0.0352629	0.0621104	0.0359664	0.0342162	0.0622103	0.0514236	0.0609252	0.0700993	0.06766
	0.0452545	0.031085	0.03348	0.0379032	0.0344138	0.0315648	0.0417093	0.0352629	0.0621104	0.0359664	0.0342162	0.0622103	0.0514236	0.0609252	0.0700993	0.06766
	0.057033	0.0371304	0.0416078	0.0466494	0.04241	0.0399162	0.0512909	0.0431348	0.0794508	0.0449676	0.0421835	0.07803	0.0653751	0.0768237	0.0898527	0.0860066
	0.0452545	0.031085	0.03348	0.0379032	0.0344138	0.0315648	0.0417093	0.0352629	0.0621104	0.0359664	0.0342162	0.0622103	0.0514236	0.0609252	0.0700993	0.06766
	0.0742128	0.0492372	0.0533012	0.0611473	0.054325	0.0512098	0.06699	0.056732	0.101762	0.0573931	0.0556958	0.0999512	0.0826398	0.0987559	0.11474	0.109923
	0.057033	0.0371304	0.0416078	0.0466494	0.04241	0.0399162	0.0512909	0.0431348	0.0794508	0.0449676	0.0421835	0.07803	0.0653751	0.0768237	0.0898527	0.0860066
	0.0533113	0.035791	0.0393588	0.0448963	0.0402473	0.0375003	0.0485381	0.0410508	0.0742631	0.0430566	0.0400245	0.0727734	0.0607616	0.0730964	0.08371	0.0813075
	0.0554065	0.0357974	0.0391968	0.0458596	0.0413653	0.0387226	0.0493716	0.0421428	0.075774	0.0440752	0.0411423	0.0743209	0.0626573	0.0746277	0.0849272	0.0825974
	0.0662074	0.0424729	0.0466446	0.0537651	0.0473906	0.0451319	0.0594275	0.0492522	0.0918766	0.0509952	0.0484087	0.0904642	0.0741251	0.0894165	0.10354	0.101355
	0.0455622	0.0292762	0.032329	0.0370638	0.0331041	0.0307609	0.04142	0.0349388	0.0623376	0.0354996	0.0340874	0.0624348	0.0520312	0.0613877	0.0705702	0.0684749
	0.0563131	0.0379654	0.0413501	0.0467855	0.0421487	0.0394876	0.0503212	0.043063	0.0752227	0.0448962	0.0432021	0.0753403	0.0620809	0.0737971	0.0855788	0.0817724
	0.0742128	0.0492372	0.0533012	0.0611473	0.054325	0.0512098	0.06699	0.056732	0.101762	0.0573931	0.0556958	0.0999512	0.0826398	0.0987559	0.11474	0.109923
loop 18
	0.149411	0.0968277	0.106189	0.122086	0.11079	0.102846	0.134607	0.112011	0.199445	0.11587	0.110144	0.199781	0.16597	0.19823	0.223709	0.219308
	0.183603	0.126627	0.138584	0.154089	0.141291	0.133787	0.166926	0.142982	0.242037	0.149107	0.142682	0.239884	0.204424	0.241021	0.27514	0.267335
	0.0586749	0.0387604	0.0417455	0.0488881	0.0437423	0.0402102	0.0532425	0.0443658	0.0827035	0.0461172	0.043512	0.0813254	0.0665684	0.0802833	0.0927121	0.0905527
	0.0533933	0.0341855	0.0375182	0.0440348	0.0383508	0.0370477	0.0474712	0.0403966	0.0718278	0.0409799	0.039424	0.0719339	0.0590502	0.0707229	0.0823577	0.0800676
	0.0452585	0.0310828	0.0334825	0.0379063	0.0344138	0.0315648	0.0417128	0.0352656	0.0621229	0.0359692	0.0342188	0.0622228	0.0514283	0.0609373	0.0701067	0.0676741
	0.0452585	0.0310828	0.0334825	0.0379063	0.0344138	0.0315648	0.0417128	0.0352656	0.0621229	0.0359692	0.0342188	0.0622228	0.0514283	0.0609373	0.0701067	0.0676741
	0.0560178	0.0373968	0.04062	0.046967	0.0414219	0.038932	0.0516374	0.0434311	0.0784045	0.0439742	0.0424797	0.0769869	0.0643423	0.0773032	0.0887851	0.0849606
	0.0452585	0.0310828	0.0334825	0.0379063	0.0344138	0.0315648	0.0417128	0.0352656	0.0621229	0.0359692	0.0342188	0.0622228	0.0514283	0.0609373	0.0701067	0.0676741
	0.0741926	0.0492228	0.0532849	0.0611322	0.0543124	0.0511944	0.0669727	0.056714	0.10174	0.0573792	0.0556827	0.0999304	0.082624	0.0987355	0.114715	0.111913
	0.0560178	0.0373968	0.04062	0.046967	0.0414219	0.038932	0.0516374	0.0434311	0.0784045	0.0439742	0.0424797	0.0769869	0.0643423	0.0773032	0.0887851	0.0849606
	0.0536524	0.0347108	0.038257	0.043786	0.0391435	0.036415	0.0474218	0.039948	0.0731047	0.0419468	0.0402821	0.0732206	0.0596265	0.0719361	0.082544	0.0801459
	0.0544735	0.0361487	0.0395784	0.0449278	0.0404324	0.0377878	0.0484365	0.0412077	0.0732769	0.0431432	0.0402091	0.0733918	0.0602403	0.0721413	0.0840021	0.0816794
	0.0586749	0.0387604	0.0417455	0.0488881	0.0437423	0.0402102	0.0532425	0.0443658	0.0827035	0.0461172	0.043512	0.0813254	0.0665684	0.0802833	0.0927121	0.0905527
	0.0455622	0.0292762	0.032329	0.0370638	0.0331041	0.0307609	0.04142	0.0349388	0.0623376	0.0354996	0.0340874	0.0624348	0.0520312	0.0613877	0.0705702	0.0684749
	0.05552	0.0383449	0.0417726	0.0459571	0.0425799	0.0398805	0.05085	0.0435119	0.0745174	0.0440528	0.042349	0.0746327	0.062747	0.0745847	0.0849058	0.0826544
	0.0741926	0.0492228	0.0532849	0.0611322	0.0543124	0.0511944	0.0669727	0.056714	0.10174	0.0573792	0.0556827	0.0999304	0.082624	0.0987355	0.114715	0.111913
loop 19
	0.149386	0.0968143	0.106179	0.122067	0.110774	0.102831	0.134592	0.111994	0.199458	0.115859	0.110133	0.199795	0.16596	0.19823	0.223725	0.219323
	0.186712	0.131397	0.141383	0.157014	0.146183	0.138602	0.169925	0.14796	0.24799	0.154131	0.147588	0.245786	0.209967	0.246864	0.281233	0.27342
	0.066117	0.0429644	0.0470282	0.0539855	0.0477522	0.0443373	0.0595026	0.0495785	0.0927124	0.0512677	0.0487511	0.0913306	0.0752475	0.0902736	0.104161	0.102025
	0.0522056	0.0342975	0.037647	0.0428711	0.038484	0.0358982	0.0476574	0.0392417	0.0721371	0.0411268	0.039558	0.0707229	0.059299	0.0710169	0.0811096	0.07883
	0.0452664	0.0310917	0.0334925	0.0379123	0.0344242	0.031574	0.0417198	0.035271	0.0621229	0.0359749	0.0342292	0.0622228	0.0514378	0.0609495	0.0701067	0.0676741
	0.0452664	0.0310917	0.0334925	0.0379123	0.0344242	0.031574	0.0417198	0.035271	0.0621229	0.0359749	0.0342292	0.0622228	0.0514378	0.0609495	0.0701067	0.0676741
	0.0553152	0.0366375	0.0398765	0.0449248	0.0406815	0.0381812	0.0495633	0.041405	0.07624	0.043238	0.0417388	0.07635	0.0622172	0.0751345	0.0866006	0.0827756
	0.0452664	0.0310917	0.0334925	0.0379123	0.0344242	0.031574	0.0417198	0.035271	0.0621229	0.0359749	0.0342292	0.0622228	0.0514378	0.0609495	0.0701067	0.0676741
	0.0742128	0.0492372	0.0533012	0.0611473	0.054325	0.0512059	0.06699	0.056732	0.101762	0.0573931	0.0556958	0.0999512	0.0826398	0.0987559	0.11474	0.109923
	0.0553152	0.0366375	0.0398765	0.0449248	0.0406815	0.0381812	0.0495633	0.041405	0.07624	0.043238	0.0417388	0.07635	0.0622172	0.0751345	0.0866006	0.0827756
	0.0524206	0.0348737	0.0384389	0.0439845	0.0393285	0.0365874	0.0476328	0.0401324	0.0717984	0.0421366	0.0391099	0.0719037	0.0598824	0.0706395	0.0812018	0.078806
	0.055199	0.0369216	0.0403394	0.0456756	0.0411923	0.0385521	0.04918	0.0419682	0.0755251	0.0438935	0.0409655	0.0756357	0.0624315	0.074366	0.084646	0.0823269
	0.066117	0.0429644	0.0470282	0.0539855	0.0477522	0.0443373	0.0595026	0.0495785	0.0927124	0.0512677	0.0487511	0.0913306	0.0752475	0.0902736	0.104161	0.102025
	0.0455518	0.0304074	0.0323228	0.0370523	0.0330976	0.0319047	0.041411	0.0349318	0.0623214	0.0354924	0.0340773	0.0624186	0.0520187	0.0613719	0.070551	0.0684564
	0.0572885	0.0389205	0.0423142	0.047755	0.0431124	0.0404439	0.0512851	0.0440251	0.0762	0.0458591	0.0428789	0.07631	0.0630516	0.0747718	0.086565	0.0843104
	0.0742128	0.0492372	0.0533012	0.0611473	0.054325	0.0512059	0.06699	0.056732	0.101762	0.0573931	0.0556958	0.0999512	0.0826398	0.0987559	0.11474	0.109923
loop 20
	0.149394	0.0968143	0.106179	0.122074	0.110779	0.102831	0.134592	0.111999	0.199445	0.115859	0.110133	0.199781	0.16597	0.19823	0.223709	0.219308
	0.164837	0.11642	0.124756	0.138749	0.129635	0.121756	0.149908	0.129404	0.215232	0.135676	0.131078	0.213065	0.183882	0.216457	0.243581	0.238263
	0.065065	0.0419832	0.0460462	0.0529626	0.0467683	0.0445718	0.0584728	0.0485747	0.090072	0.050272	0.047764	0.0902016	0.0741762	0.0891577	0.103	0.0993198
	0.0524644	0.0345122	0.0378698	0.0431119	0.0387072	0.0361191	0.0465578	0.0394686	0.0709218	0.0413609	0.0384948	0.0710256	0.0581305	0.0698026	0.0798738	0.0775945
	0.0452545	0.031085	0.033485	0.0379032	0.0344164	0.0315671	0.0417093	0.0352656	0.0621104	0.0359692	0.0342214	0.0622103	0.0514283	0.0609313	0.0700919	0.06766
	0.0452545	0.031085	0.033485	0.0379032	0.0344164	0.0315671	0.0417093	0.0352656	0.0621104	0.0359692	0.0342214	0.0622103	0.0514283	0.0609313	0.0700919	0.06766
	0.0553984	0.0367246	0.0399639	0.0450057	0.0407716	0.0382742	0.0496454	0.0414937	0.07631	0.0433278	0.0418275	0.07642	0.0623004	0.0752227	0.0866838	0.0844364
	0.0452545	0.031085	0.033485	0.0379032	0.0344164	0.0315671	0.0417093	0.0352656	0.0621104	0.0359692	0.0342214	0.0622103	0.0514283	0.0609313	0.0700919	0.06766
	0.0742128	0.0492372	0.0532972	0.0611473	0.054325	0.0512059	0.06699	0.0567275	0.101762	0.0573931	0.0556958	0.0999512	0.0826398	0.0987559	0.11474	0.109911
	0.0553984	0.0367246	0.0399639	0.0450057	0.0407716	0.0382742	0.0496454	0.0414937	0.07631	0.0433278	0.0418275	0.07642	0.0623004	0.0752227	0.0866838	0.0844364
	0.053759	0.0347867	0.0383414	0.0438773	0.039231	0.0364936	0.0475161	0.0400315	0.0732372	0.0420324	0.0403692	0.0717417	0.0597389	0.0720738	0.082691	0.0802776
	0.0539767	0.0358068	0.039204	0.0445096	0.0400528	0.0374312	0.0493716	0.0408233	0.0741855	0.0427377	0.04115	0.0742938	0.0611605	0.0730472	0.0848948	0.0825661
	0.065065	0.0419832	0.0460462	0.0529626	0.0467683	0.0445718	0.0584728	0.0485747	0.090072	0.050272	0.047764	0.0902016	0.0741762	0.0891577	0.103	0.0993198
	0.0455622	0.0292735	0.032329	0.03706	0.0331008	0.0307609	0.0414155	0.0349388	0.0623376	0.035496	0.034084	0.0624267	0.0520312	0.0613877	0.0705702	0.0684749
	0.0553024	0.03717	0.0405258	0.0458836	0.0413247	0.0386975	0.0493661	0.0422053	0.0739796	0.0440344	0.041105	0.0740949	0.0610022	0.0726281	0.084299	0.0805035
	0.0742128	0.0492372	0.0532972	0.0611473	0.054325	0.0512059	0.06699	0.0567275	0.101762	0.0573931	0.0556958	0.0999512	0.0826398	0.0987559	0.11474	0.109911
loop 21
	0.149386	0.0968053	0.106168	0.122061	0.110769	0.102827	0.134585	0.111988	0.199445	0.115847	0.110122	0.199781	0.16597	0.198243	0.223709	0.219308
	0.164444	0.116744	0.124981	0.138764	0.129812	0.12204	0.149724	0.129516	0.216522	0.135757	0.131247	0.216832	0.183236	0.217831	0.247247	0.239385
	0.0702998	0.0447553	0.0500032	0.0568952	0.0507165	0.0473193	0.0637165	0.0525217	0.0983532	0.054202	0.0517143	0.0984842	0.0794212	0.0974353	0.113014	0.109254
	0.0511732	0.0345788	0.0379429	0.0431922	0.0387864	0.0361906	0.0466388	0.0395431	0.0710515	0.0414403	0.0385704	0.071164	0.058242	0.069938	0.0800166	0.0777317
	0.0452545	0.0310784	0.0334775	0.0379002	0.0344112	0.0315602	0.0417059	0.0352602	0.0621104	0.0359636	0.0342136	0.0622103	0.0514188	0.0609313	0.0700993	0.06766
	0.0452545	0.0310784	0.0334775	0.0379002	0.0344112	0.0315602	0.0417059	0.0352602	0.0621104	0.0359636	0.0342136	0.0622103	0.0514188	0.0609313	0.0700993	0.06766
	0.0573624	0.0373392	0.0405668	0.0469166	0.041367	0.0388744	0.0515855	0.0433772	0.0783629	0.04522	0.0424187	0.0784878	0.0642948	0.0772624	0.0887482	0.0865056
	0.0452545	0.0310784	0.0334775	0.0379002	0.0344112	0.0315602	0.0417059	0.0352602	0.0621104	0.0359636	0.0342136	0.0622103	0.0514188	0.0609313	0.0700993	0.06766
	0.0741993	0.0492264	0.053289	0.0611372	0.0543166	0.0511982	0.0669785	0.0567185	0.10174	0.0573792	0.0556871	0.0999304	0.082624	0.0987355	0.114715	0.111925
	0.0573624	0.0373392	0.0405668	0.0469166	0.041367	0.0388744	0.0515855	0.0433772	0.0783629	0.04522	0.0424187	0.0784878	0.0642948	0.0772624	0.0887482	0.0865056
	0.053679	0.0347164	0.03827	0.0438019	0.039157	0.036421	0.0474442	0.0399619	0.0731544	0.0419617	0.0402961	0.0732703	0.059664	0.0719847	0.0826028	0.0802023
	0.0541327	0.0358821	0.039294	0.0446272	0.0401459	0.0375086	0.0495077	0.0409232	0.0744202	0.0428442	0.0412461	0.0745375	0.0613465	0.0732681	0.0851652	0.0812204
	0.0702998	0.0447553	0.0500032	0.0568952	0.0507165	0.0473193	0.0637165	0.0525217	0.0983532	0.054202	0.0517143	0.0984842	0.0794212	0.0974353	0.113014	0.109254
	0.0455881	0.0292924	0.0323478	0.0370831	0.0331236	0.0307813	0.0414424	0.0349597	0.06237	0.0355176	0.0341042	0.0624672	0.0520624	0.0614194	0.0706086	0.0685117
	0.0553088	0.0370512	0.0404234	0.0458297	0.0412233	0.0398289	0.0493442	0.0421269	0.0741333	0.0439557	0.042275	0.0742389	0.0610614	0.0727316	0.0844707	0.0806657
	0.0741993	0.0492264	0.053289	0.0611372	0.0543166	0.0511982	0.0669785	0.0567185	0.10174	0.0573792	0.0556871	0.0999304	0.082624	0.0987355	0.114715	0.111925
loop 22
	0.14942	0.0968367	0.106205	0.122099	0.110801	0.102856	0.134622	0.112022	0.199472	0.115882	0.110155	0.199808	0.166001	0.198269	0.22374	0.219339
	0.159593	0.110363	0.120099	0.135123	0.122777	0.117418	0.145545	0.126341	0.211491	0.130349	0.124156	0.211776	0.177523	0.210667	0.241209	0.233639
	0.0657285	0.042434	0.0465356	0.0535138	0.048517	0.0450407	0.0590748	0.0490857	0.0924726	0.0507904	0.048268	0.09108	0.0749149	0.0900356	0.103996	0.101843
	0.0514854	0.0335282	0.0368896	0.0421274	0.0377271	0.0351357	0.0469197	0.0384876	0.069938	0.0403774	0.0388008	0.0700481	0.057152	0.0688234	0.07889	0.0766111
	0.0452545	0.0310873	0.03349	0.0379032	0.0344216	0.0315671	0.0417093	0.0352683	0.0621042	0.0359721	0.0342266	0.062204	0.0514236	0.0609313	0.0700919	0.06766
	0.0452545	0.0310873	0.03349	0.0379032	0.0344216	0.0315671	0.0417093	0.0352683	0.0621042	0.0359721	0.0342266	0.062204	0.0514236	0.0609313	0.0700919	0.06766
	0.055584	0.0368359	0.0400829	0.0451533	0.0408945	0.0383858	0.0498152	0.0416247	0.07659	0.043467	0.0406733	0.0751737	0.0625199	0.07397	0.0854038	0.0831576
	0.0452545	0.0310873	0.03349	0.0379032	0.0344216	0.0315671	0.0417093	0.0352683	0.0621042	0.0359721	0.0342266	0.062204	0.0514236	0.0609313	0.0700919	0.06766
	0.0742128	0.0492372	0.0532972	0.0611473	0.054325	0.0512059	0.06699	0.0567275	0.101751	0.0573931	0.0556958	0.0999408	0.0826319	0.0987559	0.114727	0.109911
	0.055584	0.0368359	0.0400829	0.0451533	0.0408945	0.0383858	0.0498152	0.0416247	0.07659	0.043467	0.0406733	0.0751737	0.0625199	0.07397	0.0854038	0.0831576
	0.0536204	0.0347024	0.0382472	0.0437662	0.0391334	0.0364059	0.0473949	0.0399306	0.073055	0.0419282	0.0402682	0.0731709	0.0595891	0.0719037	0.0824852	0.0800894
	0.0541211	0.0359103	0.0393156	0.0446316	0.0401645	0.0375389	0.0495077	0.0409348	0.074375	0.0428564	0.0412653	0.0744923	0.0613259	0.0732328	0.0834928	0.0811694
	0.0657285	0.042434	0.0465356	0.0535138	0.048517	0.0450407	0.0590748	0.0490857	0.0924726	0.0507904	0.048268	0.09108	0.0749149	0.0900356	0.103996	0.101843
	0.0455414	0.0303934	0.0323102	0.0370408	0.0330846	0.0318926	0.0413976	0.0349214	0.0623133	0.035478	0.0340672	0.0624024	0.0520063	0.061364	0.0705414	0.0684472
	0.0574835	0.0389782	0.0423926	0.0478846	0.0431932	0.0405012	0.0514468	0.0441315	0.07656	0.0459669	0.0442563	0.07667	0.0632995	0.0750855	0.086957	0.0831239
	0.0742128	0.0492372	0.0532972	0.0611473	0.054325	0.0512059	0.06699	0.0567275	0.101751	0.0573931	0.0556958	0.0999408	0.0826319	0.0987559	0.114727	0.109911
loop 23
	0.14942	0.0968322	0.106194	0.122093	0.110796	0.102851	0.134622	0.112016	0.199445	0.115876	0.11015	0.199781	0.165991	0.198256	0.223709	0.219308
	0.153158	0.107499	0.11778	0.129589	0.120568	0.11482	0.1406	0.120331	0.200525	0.126559	0.122011	0.200801	0.169704	0.201777	0.228541	0.220775
	0.0705074	0.0451519	0.0491136	0.0571975	0.0510553	0.0476925	0.0626425	0.0528565	0.0983317	0.0545159	0.0507931	0.0969441	0.0795415	0.095903	0.111269	0.107584
	0.0525881	0.0345878	0.0379568	0.0432049	0.0387972	0.0362004	0.0466626	0.039558	0.0726319	0.0414562	0.0398817	0.0711986	0.0597158	0.0699804	0.081661	0.07936
	0.0452426	0.0310784	0.0334775	0.0378942	0.0344086	0.0315579	0.0416989	0.0352575	0.0620917	0.0359608	0.0342136	0.0621916	0.0514093	0.060913	0.0700771	0.0676388
	0.0452426	0.0310784	0.0334775	0.0378942	0.0344086	0.0315579	0.0416989	0.0352575	0.0620917	0.0359608	0.0342136	0.0621916	0.0514093	0.060913	0.0700771	0.0676388
	0.0562212	0.0375588	0.040788	0.0458346	0.0415951	0.0391012	0.0504731	0.0423185	0.0771196	0.04415	0.0413712	0.0772318	0.0631213	0.07603	0.0874709	0.0852288
	0.0452426	0.0310784	0.0334775	0.0378942	0.0344086	0.0315579	0.0416989	0.0352575	0.0620917	0.0359608	0.0342136	0.0621916	0.0514093	0.060913	0.0700771	0.0676388
	0.0742061	0.0492336	0.0532972	0.0611423	0.0543208	0.0512021	0.0669843	0.0568307	0.101751	0.0574948	0.0556915	0.0999408	0.0826319	0.0987457	0.114727	0.111937
	0.0562212	0.0375588	0.040788	0.0458346	0.0415951	0.0391012	0.0504731	0.0423185	0.0771196	0.04415	0.0413712	0.0772318	0.0631213	0.07603	0.0874709	0.0852288
	0.0524102	0.0348681	0.0384292	0.0439805	0.0393218	0.0365783	0.0476238	0.0401255	0.0717741	0.0421329	0.0391031	0.0718875	0.0598637	0.0706236	0.0811826	0.0787876
	0.0540403	0.0358508	0.0392544	0.0445619	0.0401012	0.0374783	0.049432	0.0408694	0.0742667	0.0427868	0.0412	0.0743841	0.0612363	0.0731267	0.0833655	0.0810571
	0.0705074	0.0451519	0.0491136	0.0571975	0.0510553	0.0476925	0.0626425	0.0528565	0.0983317	0.0545159	0.0507931	0.0969441	0.0795415	0.095903	0.111269	0.107584
	0.0455311	0.0303906	0.0323071	0.0370331	0.0330781	0.0318865	0.0413886	0.0349144	0.0622971	0.0354744	0.0340605	0.0623862	0.0519938	0.0613481	0.0705222	0.0684288
	0.0573826	0.0389397	0.0423447	0.047812	0.0431438	0.0404644	0.0513602	0.0440713	0.07639	0.0459032	0.0442054	0.0765	0.0631756	0.07646	0.0867669	0.0845165
	0.0742061	0.0492336	0.0532972	0.0611423	0.0543208	0.0512021	0.0669843	0.0568307	0.101751	0.0574948	0.0556915	0.0999408	0.0826319	0.0987457	0.114727	0.111937
loop 24
	0.149411	0.0968322	0.106194	0.122086	0.110796	0.102851	0.134615	0.112016	0.199472	0.115876	0.11015	0.199795	0.16597	0.198243	0.22374	0.219339
	0.15704	0.110914	0.119259	0.133279	0.122054	0.116261	0.142197	0.123883	0.204822	0.128067	0.12348	0.202669	0.173721	0.206068	0.233016	0.225184
	0.067105	0.043645	0.0477733	0.054811	0.0485051	0.0450354	0.0604017	0.0503337	0.0924872	0.0520484	0.0495177	0.092619	0.0749149	0.0915552	0.105607	0.10186
	0.0513101	0.0346635	0.0380438	0.0433063	0.0388872	0.0362783	0.0467578	0.0396473	0.0712332	0.040239	0.0386712	0.071337	0.0583995	0.0701242	0.0802105	0.0779278
	0.0452426	0.031074	0.0334725	0.0378912	0.0344034	0.0315533	0.0416989	0.035252	0.0620917	0.0359552	0.0342084	0.0621916	0.0514093	0.060913	0.0700771	0.0692661
	0.0452426	0.031074	0.0334725	0.0378912	0.0344034	0.0315533	0.0416989	0.035252	0.0620917	0.0359552	0.0342084	0.0621916	0.0514093	0.060913	0.0700771	0.0692661
	0.058847	0.0389282	0.0421356	0.0484566	0.0429283	0.0404521	0.0531012	0.0449438	0.0812763	0.0467754	0.0439835	0.0813865	0.0671957	0.0801574	0.0916608	0.0894136
	0.0452426	0.031074	0.0334725	0.0378912	0.0344034	0.0315533	0.0416989	0.035252	0.0620917	0.0359552	0.0342084	0.0621916	0.0514093	0.060913	0.0700771	0.0692661
	0.0742061	0.0492336	0.0532972	0.0611473	0.054325	0.0512059	0.06699	0.0567275	0.101751	0.0573885	0.0556958	0.0999408	0.0826319	0.0987457	0.114727	0.111937
	0.058847	0.0389282	0.0421356	0.0484566	0.0429283	0.0404521	0.0531012	0.0449438	0.0812763	0.0467754	0.0439835	0.0813865	0.0671957	0.0801574	0.0916608	0.0894136
	0.0537536	0.0347951	0.0383447	0.0438773	0.0392343	0.0365027	0.0475161	0.040035	0.0732206	0.0420361	0.0403726	0.0717336	0.0597264	0.0720576	0.0826714	0.0802682
	0.0542597	0.0359981	0.0394164	0.0447448	0.0402649	0.0376331	0.0482405	0.0410385	0.0745555	0.0429629	0.0400454	0.0731091	0.0614774	0.0734095	0.0836838	0.0813632
	0.067105	0.043645	0.0477733	0.054811	0.0485051	0.0450354	0.0604017	0.0503337	0.0924872	0.0520484	0.0495177	0.092619	0.0749149	0.0915552	0.105607	0.10186
	0.0455881	0.0292924	0.0323478	0.0370831	0.0331236	0.0307813	0.0414424	0.0349597	0.06237	0.0355176	0.0341042	0.0624591	0.0520562	0.0614194	0.0706086	0.0685025
	0.0589811	0.0406241	0.0440112	0.0494538	0.0448058	0.0421356	0.0529795	0.0457268	0.0794084	0.047558	0.0458689	0.0795251	0.0661818	0.0779572	0.0898025	0.0875556
	0.0742061	0.0492336	0.0532972	0.0611473	0.054325	0.0512059	0.06699	0.0567275	0.101751	0.0573885	0.0556958	0.0999408	0.0826319	0.0987457	0.114727	0.111937
loop 25
	0.149386	0.0968143	0.106179	0.122067	0.110774	0.102831	0.134592	0.111994	0.199445	0.115853	0.110128	0.199768	0.16597	0.19823	0.223709	0.219308
	0.153911	0.109904	0.118265	0.130189	0.121069	0.115275	0.141269	0.122903	0.2016	0.127094	0.122507	0.19945	0.170548	0.202865	0.229753	0.221935
	0.0684385	0.0444049	0.0483802	0.056477	0.0503163	0.0469518	0.0619227	0.0508738	0.0961611	0.0537901	0.050067	0.0962901	0.07744	0.0937344	0.109046	0.105377
	0.0514634	0.0335253	0.0368795	0.042111	0.0377201	0.0351357	0.0469054	0.0384804	0.0698957	0.0403658	0.0387936	0.0700057	0.0585635	0.0687903	0.07884	0.0765631
	0.0452506	0.0310917	0.0334875	0.0379063	0.034419	0.0315717	0.0417093	0.0352656	0.0620979	0.0359692	0.0342214	0.0621978	0.0514188	0.0609191	0.0700845	0.0676529
	0.0452506	0.0310917	0.0334875	0.0379063	0.034419	0.0315717	0.0417093	0.0352656	0.0620979	0.0359692	0.0342214	0.0621978	0.0514188	0.0609191	0.0700845	0.0676529
	0.057154	0.0372204	0.0417092	0.0467502	0.0425146	0.0400115	0.0513948	0.043238	0.0780612	0.0450724	0.042288	0.0781757	0.0640492	0.0769665	0.0884155	0.0861729
	0.0452506	0.0310917	0.0334875	0.0379063	0.034419	0.0315717	0.0417093	0.0352656	0.0620979	0.0359692	0.0342214	0.0621978	0.0514188	0.0609191	0.0700845	0.0676529
	0.0742128	0.0492372	0.0533012	0.0611524	0.0543293	0.0512098	0.0669958	0.056732	0.101762	0.0573931	0.0557002	0.0999512	0.0826398	0.0987559	0.11474	0.109923
	0.057154	0.0372204	0.0417092	0.0467502	0.0425146	0.0400115	0.0513948	0.043238	0.0780612	0.0450724	0.042288	0.0781757	0.0640492	0.0769665	0.0884155	0.0861729
	0.0533966	0.0358551	0.0394227	0.0435757	0.0403135	0.0375661	0.0486167	0.0411156	0.0727486	0.0417422	0.0400907	0.0728645	0.0608512	0.0715959	0.08382	0.0814035
	0.0532238	0.0349841	0.0383954	0.0437203	0.0392436	0.0379089	0.0485982	0.0413422	0.0735155	0.0419404	0.0403394	0.0736304	0.060442	0.0723662	0.0826494	0.08032
	0.0684385	0.0444049	0.0483802	0.056477	0.0503163	0.0469518	0.0619227	0.0508738	0.0961611	0.0537901	0.050067	0.0962901	0.07744	0.0937344	0.109046	0.105377
	0.0455674	0.0292789	0.0323322	0.0370638	0.0331041	0.0307638	0.04142	0.0349423	0.0623457	0.0354996	0.0340874	0.0624348	0.0520375	0.0613957	0.0705798	0.0684841
	0.0534419	0.0353556	0.0387052	0.0440436	0.0395035	0.0368856	0.0475269	0.0403784	0.0706116	0.0422009	0.0405504	0.0707109	0.0591504	0.070756	0.0808604	0.0786334
	0.0742128	0.0492372	0.0533012	0.0611524	0.0543293	0.0512098	0.0669958	0.056732	0.101762	0.0573931	0.0557002	0.0999512	0.0826398	0.0987559	0.11474	0.109923
loop 26
	0.149377	0.0968053	0.106168	0.122061	0.110763	0.102822	0.134585	0.111988	0.199445	0.115847	0.110122	0.199768	0.16596	0.19823	0.223709	0.219308
	0.156821	0.110815	0.119135	0.133073	0.12194	0.116155	0.142023	0.123754	0.204568	0.127931	0.123365	0.202418	0.173516	0.205811	0.232715	0.224896
	0.0643614	0.0421682	0.046316	0.0520812	0.0470531	0.0435744	0.0576682	0.0488965	0.0897263	0.050627	0.0480679	0.0898516	0.0735946	0.0888005	0.102841	0.099098
	0.0513649	0.0334611	0.0368089	0.0420291	0.0376435	0.0350636	0.0468149	0.0396956	0.0697772	0.040289	0.038718	0.0698788	0.0584519	0.0686661	0.0802921	0.0779964
	0.045318	0.0298208	0.03353	0.0379577	0.0344659	0.0316132	0.0417685	0.0353142	0.0621916	0.036017	0.0342682	0.0622914	0.0514902	0.0610104	0.0701806	0.0677447
	0.045318	0.0298208	0.03353	0.0379577	0.0344659	0.0316132	0.0417685	0.0353142	0.0621916	0.036017	0.0342682	0.0622914	0.0514902	0.0610104	0.0701806	0.0677447
	0.0552704	0.0366166	0.0398488	0.0462021	0.0406569	0.0381589	0.0495304	0.042667	0.07617	0.0432111	0.0417092	0.07629	0.0621642	0.0750757	0.0865293	0.0842761
	0.045318	0.0298208	0.03353	0.0379577	0.0344659	0.0316132	0.0417685	0.0353142	0.0621916	0.036017	0.0342682	0.0622914	0.0514902	0.0610104	0.0701806	0.0677447
	0.0742061	0.04923	0.0532931	0.0611372	0.0543166	0.0511982	0.0669843	0.056723	0.101751	0.0573838	0.0556871	0.0999408	0.082624	0.0987457	0.114727	0.111925
	0.0552704	0.0366166	0.0398488	0.0462021	0.0406569	0.0381589	0.0495304	0.042667	0.07617	0.0432111	0.0417092	0.07629	0.0621642	0.0750757	0.0865293	0.0842761
	0.053759	0.034781	0.038335	0.0438733	0.0392209	0.0364876	0.0475161	0.040028	0.0732372	0.0420287	0.0403622	0.0717498	0.0597389	0.0720738	0.082691	0.080287
	0.0530831	0.0348934	0.0382945	0.043602	0.0391428	0.0378114	0.0484659	0.0412346	0.0733211	0.0418293	0.0402352	0.073436	0.0602807	0.0721846	0.0824309	0.08011
	0.0643614	0.0421682	0.046316	0.0520812	0.0470531	0.0435744	0.0576682	0.0488965	0.0897263	0.050627	0.0480679	0.0898516	0.0735946	0.0888005	0.102841	0.099098
	0.0455311	0.0303878	0.0323039	0.0370331	0.0330781	0.0318865	0.0413886	0.0349144	0.0622971	0.0354744	0.0340605	0.0623943	0.052	0.0613481	0.0705222	0.0684288
	0.0562409	0.0390589	0.0424841	0.0479987	0.0432829	0.0405832	0.0515739	0.0442286	0.07679	0.0460698	0.043054	0.0753697	0.0634776	0.0753011	0.0856254	0.0833711
	0.0742061	0.04923	0.0532931	0.0611372	0.0543166	0.0511982	0.0669843	0.056723	0.101751	0.0573838	0.0556871	0.0999408	0.082624	0.0987457	0.114727	0.111925
loop 27
	0.149394	0.0968188	0.106179	0.122074	0.110779	0.102836	0.134592	0.111999	0.199431	0.115859	0.110133	0.199768	0.16596	0.198216	0.223693	0.219293
	0.155291	0.109275	0.117605	0.131547	0.120401	0.114612	0.140497	0.122209	0.202976	0.12638	0.121827	0.200828	0.171923	0.201749	0.231106	0.223277
	0.0648939	0.0421125	0.046104	0.0529553	0.0468154	0.043458	0.0583929	0.0486049	0.0910901	0.0502704	0.0477959	0.08972	0.0738879	0.0886896	0.102349	0.100251
	0.0524587	0.0344729	0.037835	0.0430823	0.0386748	0.0360801	0.046534	0.0394389	0.0709391	0.0413292	0.0384624	0.0710429	0.0581305	0.0698111	0.079884	0.0776141
	0.0473792	0.0318367	0.034211	0.0386198	0.0351385	0.0323031	0.0424044	0.0359889	0.0642847	0.0366833	0.0349384	0.0643831	0.0535808	0.063104	0.0722748	0.069833
	0.0473792	0.0318367	0.034211	0.0386198	0.0351385	0.0323031	0.0424044	0.0359889	0.0642847	0.0366833	0.0349384	0.0643831	0.0535808	0.063104	0.0722748	0.069833
	0.0562934	0.0375444	0.040788	0.0458591	0.0415951	0.0390858	0.0505181	0.0423316	0.0772726	0.0441638	0.042654	0.077395	0.0632143	0.07617	0.0876524	0.0854038
	0.0473792	0.0318367	0.034211	0.0386198	0.0351385	0.0323031	0.0424044	0.0359889	0.0642847	0.0366833	0.0349384	0.0643831	0.0535808	0.063104	0.0722748	0.069833
	0.0742061	0.0492372	0.0532972	0.0611473	0.054325	0.0512059	0.06699	0.0567275	0.101751	0.0573885	0.0556958	0.0999408	0.0826319	0.0987457	0.114727	0.111937
	0.0562934	0.0375444	0.040788	0.0458591	0.0415951	0.0390858	0.0505181	0.0423316	0.0772726	0.0441638	0.042654	0.077395	0.0632143	0.07617	0.0876524	0.0854038
	0.052602	0.0350001	0.0385754	0.0427491	0.0394698	0.0367174	0.0478034	0.0402752	0.0720333	0.0409104	0.0392512	0.0721467	0.0600821	0.0708692	0.0814707	0.0790733
	0.0554539	0.0358413	0.0392436	0.0445488	0.0400901	0.0374649	0.0494169	0.0421865	0.0758108	0.0427786	0.0411885	0.074357	0.0612157	0.0731002	0.0849705	0.082639
	0.0648939	0.0421125	0.046104	0.0529553	0.0468154	0.043458	0.0583929	0.0486049	0.0910901	0.0502704	0.0477959	0.08972	0.0738879	0.0886896	0.102349	0.100251
	0.0455829	0.029287	0.0323416	0.0370754	0.0331171	0.0307755	0.0414335	0.0349527	0.0623619	0.035514	0.0341009	0.0624591	0.0520499	0.0614115	0.070599	0.0685025
	0.0584118	0.0399004	0.0433144	0.0488083	0.0441176	0.0414219	0.0523649	0.0450486	0.0774664	0.0468914	0.0438818	0.0775888	0.0642155	0.0775276	0.0878702	0.0856138
	0.0742061	0.0492372	0.0532972	0.0611473	0.054325	0.0512059	0.06699	0.0567275	0.101751	0.0573885	0.0556958	0.0999408	0.0826319	0.0987457	0.114727	0.111937
loop 28
	0.14942	0.0968367	0.106199	0.122099	0.110801	0.102856	0.134622	0.112022	0.199472	0.115882	0.110155	0.199795	0.166001	0.198269	0.223725	0.219339
	0.152926	0.109275	0.117565	0.129358	0.120359	0.114612	0.14036	0.122153	0.200194	0.126321	0.121785	0.20047	0.171697	0.201498	0.22818	0.2204
	0.0623394	0.0399532	0.044139	0.0512573	0.0448883	0.0426062	0.0555942	0.0467431	0.0864104	0.0484837	0.045904	0.0865404	0.0702242	0.0854757	0.0979912	0.0958232
	0.0504017	0.0337498	0.0371251	0.0423895	0.0379673	0.0353678	0.0458516	0.0387324	0.0688151	0.039331	0.0377584	0.0689228	0.0574848	0.0677079	0.07933	0.075479
	0.0453141	0.0298208	0.0335325	0.0379547	0.0344659	0.0316132	0.041765	0.0353115	0.0621791	0.036017	0.0342708	0.0622789	0.0514855	0.0610043	0.0701659	0.0677305
	0.0453141	0.0298208	0.0335325	0.0379547	0.0344659	0.0316132	0.041765	0.0353115	0.0621791	0.036017	0.0342708	0.0622789	0.0514855	0.0610043	0.0701659	0.0677305
	0.0574297	0.0374076	0.0406323	0.0469872	0.0414346	0.0389436	0.0516548	0.043449	0.0784358	0.0452962	0.0424928	0.0770176	0.064366	0.0773338	0.0888344	0.0865768
	0.0453141	0.0298208	0.0335325	0.0379547	0.0344659	0.0316132	0.041765	0.0353115	0.0621791	0.036017	0.0342708	0.0622789	0.0514855	0.0610043	0.0701659	0.0677305
	0.0742128	0.0492408	0.0533012	0.0611524	0.0543293	0.0512098	0.0669958	0.056732	0.101762	0.0573977	0.0557002	0.0999512	0.0826398	0.0987559	0.11474	0.109923
	0.0574297	0.0374076	0.0406323	0.0469872	0.0414346	0.0389436	0.0516548	0.043449	0.0784358	0.0452962	0.0424928	0.0770176	0.064366	0.0773338	0.0888344	0.0865768
	0.0535511	0.0359455	0.0381725	0.0436947	0.039056	0.0376602	0.0487508	0.0412236	0.0729722	0.0418538	0.0401916	0.0730881	0.0610304	0.0718146	0.082397	0.0800047
	0.0553887	0.0357912	0.0391896	0.0458506	0.040038	0.0387157	0.0493564	0.0421349	0.0757463	0.0427254	0.0411346	0.0742848	0.0626291	0.0745916	0.084884	0.0825661
	0.0623394	0.0399532	0.044139	0.0512573	0.0448883	0.0426062	0.0555942	0.0467431	0.0864104	0.0484837	0.045904	0.0865404	0.0702242	0.0854757	0.0979912	0.0958232
	0.0455725	0.0292816	0.0323384	0.0370715	0.0331106	0.0307696	0.041429	0.0349492	0.0623538	0.0355068	0.0340941	0.062451	0.0520437	0.0614036	0.0705894	0.0684933
	0.0591081	0.0406651	0.0440667	0.0495414	0.0448629	0.0421791	0.0530829	0.0457954	0.0796205	0.0476306	0.0459277	0.0781965	0.0663308	0.0781444	0.0900408	0.0877855
	0.0742128	0.0492408	0.0533012	0.0611524	0.0543293	0.0512098	0.0669958	0.056732	0.101762	0.0573977	0.0557002	0.0999512	0.0826398	0.0987559	0.11474	0.109923
loop 29
	0.14942	0.0968367	0.106199	0.122093	0.110801	0.102856	0.134622	0.112022	0.199485	0.115876	0.110155	0.199808	0.165991	0.198256	0.22374	0.219354
	0.156344	0.110421	0.120763	0.13266	0.123552	0.117767	0.143705	0.1254	0.206325	0.129574	0.12499	0.204172	0.175221	0.20756	0.234487	0.22667
	0.0597213	0.039082	0.0431762	0.0489093	0.0439137	0.0404785	0.0531417	0.0445025	0.0832411	0.0461981	0.0436856	0.083356	0.0674201	0.0823012	0.0945411	0.0909072
	0.0514854	0.0335398	0.0368964	0.0421315	0.037734	0.0351483	0.0469197	0.0384948	0.069938	0.0403812	0.0388116	0.0700481	0.057152	0.0688234	0.07889	0.0766111
	0.045322	0.0298271	0.0335375	0.0379607	0.0344711	0.0316178	0.041772	0.0353196	0.0621853	0.0360226	0.034276	0.0622852	0.051495	0.0610104	0.0701806	0.0677447
	0.045322	0.0298271	0.0335375	0.0379607	0.0344711	0.0316178	0.041772	0.0353196	0.0621853	0.0360226	0.034276	0.0622852	0.051495	0.0610104	0.0701806	0.0677447
	0.0572212	0.0372348	0.0417303	0.0467956	0.042532	0.0400274	0.0514526	0.043265	0.0781861	0.045101	0.0423055	0.0783005	0.0641363	0.0770686	0.088551	0.0863036
	0.045322	0.0298271	0.0335375	0.0379607	0.0344711	0.0316178	0.041772	0.0353196	0.0621853	0.0360226	0.034276	0.0622852	0.051495	0.0610104	0.0701806	0.0677447
	0.0741993	0.04923	0.0532931	0.0611372	0.0543166	0.0511982	0.0669843	0.056723	0.10174	0.0573838	0.0556871	0.0999408	0.082624	0.0987457	0.114727	0.111925
	0.0572212	0.0372348	0.0417303	0.0467956	0.042532	0.0400274	0.0514526	0.043265	0.0781861	0.045101	0.0423055	0.0783005	0.0641363	0.0770686	0.088551	0.0863036
	0.052431	0.0348822	0.0384487	0.0439924	0.0393386	0.0365934	0.0476418	0.0401429	0.0718065	0.0421515	0.03912	0.0719199	0.0598886	0.0706474	0.081221	0.0788244
	0.0554777	0.0371036	0.0405403	0.045909	0.041396	0.0387435	0.049427	0.0421786	0.0758938	0.0441132	0.0411692	0.0760136	0.062742	0.074736	0.085057	0.0827222
	0.0597213	0.039082	0.0431762	0.0489093	0.0439137	0.0404785	0.0531417	0.0445025	0.0832411	0.0461981	0.0436856	0.083356	0.0674201	0.0823012	0.0945411	0.0909072
	0.0455311	0.0303906	0.0323071	0.0370369	0.0330813	0.0318896	0.0413886	0.0349144	0.0622971	0.0354744	0.0340639	0.0623943	0.052	0.0613481	0.0705318	0.068438
	0.0534175	0.0353085	0.0386591	0.0440066	0.0394598	0.038077	0.0474958	0.0403374	0.0720968	0.0421617	0.0405012	0.0707109	0.0591222	0.070747	0.0808496	0.078623
	0.0741993	0.04923	0.0532931	0.0611372	0.0543166	0.0511982	0.0669843	0.056723	0.10174	0.0573838	0.0556871	0.0999408	0.082624	0.0987457	0.114727	0.111925
loop 30
	0.14942	0.0968322	0.106199	0.122093	0.110796	0.102851	0.134622	0.112016	0.199458	0.115876	0.11015	0.199781	0.166001	0.198256	0.223725	0.219323
	0.1526	0.108557	0.116909	0.128854	0.11971	0.113912	0.139932	0.121543	0.197928	0.125737	0.121153	0.198197	0.169252	0.199178	0.225985	0.218203
	0.0554909	0.0354924	0.0397192	0.044391	0.040489	0.038158	0.0487494	0.0411192	0.0766854	0.0428728	0.0402712	0.0753239	0.0620217	0.0742638	0.0866377	0.0829697
	0.0512335	0.034609	0.0379812	0.0419185	0.0388224	0.0362199	0.0466911	0.039584	0.071138	0.0401775	0.03861	0.069718	0.0583142	0.0700142	0.0801085	0.0778297
	0.0453022	0.0298102	0.033525	0.0379426	0.034458	0.0316017	0.0417546	0.0353061	0.0621666	0.0360114	0.034263	0.0622665	0.0514759	0.0609921	0.0701585	0.0677235
	0.0453022	0.0298102	0.033525	0.0379426	0.034458	0.0316017	0.0417546	0.0353061	0.0621666	0.0360114	0.034263	0.0622665	0.0514759	0.0609921	0.0701585	0.0677235
	0.0563787	0.0364321	0.0409149	0.0459669	0.0417261	0.0392242	0.0506137	0.0424449	0.0773032	0.044284	0.0414979	0.0774256	0.063284	0.07622	0.0876766	0.0854271
	0.0453022	0.0298102	0.033525	0.0379426	0.034458	0.0316017	0.0417546	0.0353061	0.0621666	0.0360114	0.034263	0.0622665	0.0514759	0.0609921	0.0701585	0.0677235
	0.0742061	0.0492372	0.0532972	0.0611473	0.054325	0.0512059	0.06699	0.0567275	0.101751	0.0573931	0.0556958	0.0999408	0.0826319	0.0987457	0.114727	0.111937
	0.0563787	0.0364321	0.0409149	0.0459669	0.0417261	0.0392242	0.0506137	0.0424449	0.0773032	0.044284	0.0414979	0.0774256	0.063284	0.07622	0.0876766	0.0854271
	0.0537003	0.0347529	0.0383025	0.0438297	0.0391906	0.0364603	0.0474667	0.0399897	0.0731461	0.0419878	0.0403274	0.073262	0.0596702	0.0719847	0.082593	0.0801835
	0.0542944	0.0360232	0.0394416	0.044771	0.040291	0.0376566	0.0482748	0.0410655	0.0746097	0.0429916	0.0400714	0.0731621	0.0615188	0.0734625	0.0837474	0.0814244
	0.0554909	0.0354924	0.0397192	0.044391	0.040489	0.038158	0.0487494	0.0411192	0.0766854	0.0428728	0.0402712	0.0753239	0.0620217	0.0742638	0.0866377	0.0829697
	0.0455725	0.0292816	0.0323353	0.0370677	0.0331106	0.0307696	0.0414245	0.0349458	0.0623457	0.0355068	0.0340941	0.0624429	0.0520437	0.0613957	0.0705798	0.0684841
	0.0574768	0.038909	0.0423316	0.0478431	0.0431303	0.041705	0.051418	0.0440806	0.07662	0.045913	0.0441916	0.07673	0.0647542	0.07665	0.0870283	0.0847684
	0.0742061	0.0492372	0.0532972	0.0611473	0.054325	0.0512059	0.06699	0.0567275	0.101751	0.0573931	0.0556958	0.0999408	0.0826319	0.0987457	0.114727	0.111937
loop 31
	0.149394	0.0968143	0.106179	0.122067	0.110774	0.102831	0.134592	0.111994	0.199445	0.115859	0.110133	0.199781	0.16597	0.198243	0.223709	0.219323
	0.160978	0.114052	0.12215	0.13569	0.12489	0.119292	0.146455	0.126606	0.212262	0.13276	0.126298	0.210146	0.179494	0.211221	0.240101	0.234887
	0.0594112	0.0387014	0.0430944	0.0492292	0.043891	0.0402145	0.0537662	0.0445249	0.0828221	0.0463419	0.0436552	0.0813936	0.0676006	0.0803171	0.0931559	0.09092
	0.0524756	0.0345122	0.0378733	0.0431119	0.0387108	0.0361224	0.0465578	0.0394686	0.0709304	0.0413609	0.0384984	0.0710342	0.058137	0.0698195	0.0798738	0.0776043
	0.0453061	0.0298123	0.033525	0.0379456	0.034458	0.031604	0.0417546	0.0353061	0.0621666	0.0360086	0.034263	0.0622665	0.0514759	0.0609921	0.0701585	0.0677235
	0.0453061	0.0298123	0.033525	0.0379456	0.034458	0.031604	0.0417546	0.0353061	0.0621666	0.0360086	0.034263	0.0622665	0.0514759	0.0609921	0.0701585	0.0677235
	0.0569523	0.0383003	0.0415317	0.0478898	0.0423316	0.0398369	0.0525665	0.0443534	0.0793659	0.0448867	0.0433907	0.0794826	0.065286	0.0782485	0.0897523	0.0875072
	0.0453061	0.0298123	0.033525	0.0379456	0.034458	0.031604	0.0417546	0.0353061	0.0621666	0.0360086	0.034263	0.0622665	0.0514759	0.0609921	0.0701585	0.0677235
	0.0742128	0.0492372	0.0533012	0.0611473	0.0543293	0.0512098	0.0669958	0.056732	0.101762	0.0573931	0.0557002	0.0999512	0.0826398	0.0987559	0.11474	0.109923
	0.0569523	0.0383003	0.0415317	0.0478898	0.0423316	0.0398369	0.0525665	0.0443534	0.0793659	0.0448867	0.0433907	0.0794826	0.065286	0.0782485	0.0897523	0.0875072
	0.0536257	0.034694	0.0382407	0.0437622	0.0391267	0.0363968	0.0473949	0.0399271	0.073055	0.0419245	0.0402612	0.0731626	0.0595891	0.0718875	0.0824852	0.08008
	0.0541096	0.0358884	0.0392976	0.0446142	0.0401459	0.0375153	0.0494976	0.0409194	0.074366	0.0428401	0.0412461	0.0744833	0.061319	0.0732239	0.0851111	0.0811592
	0.0594112	0.0387014	0.0430944	0.0492292	0.043891	0.0402145	0.0537662	0.0445249	0.0828221	0.0463419	0.0436552	0.0813936	0.0676006	0.0803171	0.0931559	0.09092
	0.0455933	0.0293005	0.0323572	0.0370908	0.0331301	0.0307871	0.0414469	0.0349666	0.0623781	0.0355284	0.0341143	0.0624753	0.0520687	0.0614274	0.0706182	0.068521
	0.058026	0.0395868	0.0429867	0.0484619	0.0450771	0.0423752	0.0533688	0.0460208	0.0785606	0.0478639	0.0448391	0.078675	0.0652536	0.0786022	0.0889699	0.0867194
	0.0742128	0.0492372	0.0533012	0.0611473	0.0543293	0.0512098	0.0669958	0.056732	0.101762	0.0573931	0.0557002	0.0999512	0.0826398	0.0987559	0.11474	0.109923

work load: gzip.mips gcc.mips crafty.mips mesa.mips mcf.mips mcf.mips vpr.mips mcf.mips gap.mips vpr.mips twolf.mips equake.mips crafty.mips wupwise.mips ammp.mips gap.mips
