loop 0
	0.0378942	0.0249412	0.0283393	0.0311522
	0.0571338	0.0372492	0.0404521	0.0467553
	0.149394	0.0968143	0.106179	0.122067
	0.149394	0.0968098	0.106168	0.122061
loop 1
	0.0381169	0.0251002	0.0273133	0.0313421
	0.0553984	0.036735	0.0399718	0.0450105
	0.149386	0.0968098	0.106163	0.122061
	0.149394	0.0968098	0.106168	0.122067
loop 2
	0.03915	0.024919	0.0283105	0.0323588
	0.0543778	0.0357526	0.0389858	0.04532
	0.149386	0.0968098	0.106168	0.122067
	0.149377	0.0968008	0.106158	0.122054
loop 3
	0.038772	0.0257953	0.0279991	0.0320181
	0.0551616	0.0365575	0.0397813	0.0461139
	0.14942	0.0968322	0.106189	0.122086
	0.14942	0.0968367	0.106205	0.122099
loop 4
	0.0379464	0.0249763	0.0283768	0.0311938
	0.0581914	0.0382035	0.0414219	0.0477654
	0.14942	0.0968322	0.106189	0.122086
	0.14942	0.0968322	0.106194	0.122093
loop 5
	0.0379116	0.024956	0.0283547	0.0311678
	0.056254	0.036359	0.040833	0.0458689
	0.14942	0.0968322	0.106194	0.122093
	0.149411	0.0968322	0.106194	0.122086
loop 6
	0.0391068	0.0260605	0.0282796	0.0323182
	0.0561622	0.0375156	0.0407429	0.0457807
	0.149403	0.0968277	0.106194	0.122086
	0.149386	0.0968143	0.106174	0.122067
loop 7
	0.0388692	0.0258688	0.0280742	0.0320992
	0.0581225	0.0381923	0.041405	0.0477239
	0.149386	0.0968098	0.106174	0.122067
	0.149377	0.0968008	0.106153	0.122054
loop 8
	0.0390996	0.0260469	0.0282664	0.0323047
	0.0560506	0.0374148	0.0406405	0.0469872
	0.149377	0.0968053	0.106168	0.122061
	0.149386	0.0968143	0.106168	0.122067
loop 9
	0.0391644	0.0249245	0.0283194	0.0311314
	0.0563721	0.0364565	0.0396702	0.0459767
	0.149377	0.0968188	0.106174	0.122067
	0.14942	0.0968322	0.106189	0.122093
loop 10
	0.0390888	0.0248764	0.0282642	0.032302
	0.0561425	0.0375192	0.040747	0.0457758
	0.14942	0.0968322	0.106189	0.122086
	0.14942	0.0968322	0.106189	0.122086
loop 11
	0.0387036	0.0257546	0.0279527	0.0319613
	0.056523	0.0365505	0.0397694	0.0460992
	0.149411	0.0968322	0.106189	0.122086
	0.14942	0.0968322	0.106199	0.122093
loop 12
	0.0379533	0.0249818	0.0271906	0.0312068
	0.0552576	0.0366375	0.0398646	0.046207
	0.149411	0.0968277	0.106184	0.12208
	0.149394	0.0968143	0.106179	0.122067
loop 13
	0.038009	0.0250207	0.0272287	0.0312458
	0.0555136	0.0368116	0.0400551	0.0451105
	0.151828	0.0997287	0.108989	0.124764
	0.151828	0.099743	0.109005	0.124771
loop 14
	0.0389304	0.0259366	0.0281449	0.0321695
	0.0574297	0.0374292	0.0406569	0.0469972
	0.149377	0.0968008	0.106163	0.122054
	0.149394	0.0968188	0.106179	0.122074
loop 15
	0.0379151	0.0249597	0.0283569	0.0311678
	0.0572212	0.0372852	0.0404972	0.0468208
	0.149429	0.0968412	0.10621	0.122099
	0.14942	0.0968367	0.106199	0.122099
loop 16
	0.038952	0.0259269	0.0281405	0.0321749
	0.0564246	0.0364461	0.0409354	0.0459963
	0.14942	0.0968367	0.106199	0.122093
	0.149411	0.0968367	0.106199	0.122093
loop 17
	0.0378976	0.0249467	0.0283459	0.0311574
	0.057033	0.0371304	0.0416078	0.0466494
	0.149403	0.0968367	0.106199	0.122093
	0.14942	0.0968322	0.106194	0.122086
loop 18
	0.0391644	0.0249264	0.0283194	0.0323642
	0.0560178	0.0373968	0.04062	0.046967
	0.149411	0.0968277	0.106189	0.122086
	0.149394	0.0968143	0.106179	0.122067
loop 19
	0.0378802	0.0249301	0.0283282	0.0311392
	0.0553152	0.0366375	0.0398765	0.0449248
	0.149386	0.0968143	0.106179	0.122067
	0.149394	0.0968143	0.106179	0.122074
loop 20
	0.0389376	0.0259153	0.0281272	0.0321587
	0.0553984	0.0367246	0.0399639	0.0450057
	0.149394	0.0968143	0.106179	0.122074
	0.149377	0.0968053	0.106168	0.122061
loop 21
	0.0379568	0.0249892	0.0271948	0.0312068
	0.0573624	0.0373392	0.0405668	0.0469166
	0.149386	0.0968053	0.106168	0.122061
	0.14942	0.0968412	0.106205	0.122099
loop 22
	0.0391392	0.0249079	0.0282973	0.0323425
	0.055584	0.0368359	0.0400829	0.0451533
	0.14942	0.0968367	0.106205	0.122099
	0.14942	0.0968367	0.106199	0.122093
loop 23
	0.0378733	0.0249245	0.0283216	0.0311366
	0.0562212	0.0375588	0.040788	0.0458346
	0.14942	0.0968322	0.106194	0.122093
	0.14942	0.0968367	0.106194	0.122086
loop 24
	0.0389412	0.0259153	0.0281294	0.0321641
	0.058847	0.0389282	0.0421356	0.0484566
	0.149411	0.0968322	0.106194	0.122086
	0.149394	0.0968143	0.106179	0.122067
loop 25
	0.0379568	0.0249818	0.0271906	0.0312042
	0.057154	0.0372204	0.0417092	0.0467502
	0.149386	0.0968143	0.106179	0.122067
	0.149386	0.0968143	0.106179	0.122067
loop 26
	0.038988	0.0259792	0.0281913	0.0322182
	0.0552704	0.0366166	0.0398488	0.0462021
	0.149377	0.0968053	0.106168	0.122061
	0.149394	0.0968143	0.106179	0.122067
loop 27
	0.0390672	0.0260334	0.0282487	0.0322831
	0.0562934	0.0375444	0.040788	0.0458591
	0.149394	0.0968188	0.106179	0.122074
	0.14942	0.0968367	0.106199	0.122093
loop 28
	0.0381274	0.025102	0.0273176	0.0313499
	0.0574297	0.0374076	0.0406323	0.0469872
	0.14942	0.0968367	0.106199	0.122099
	0.14942	0.0968367	0.106199	0.122093
loop 29
	0.0388044	0.0258262	0.0280322	0.0320505
	0.0572212	0.0372348	0.0417303	0.0467956
	0.14942	0.0968367	0.106199	0.122093
	0.14942	0.0968322	0.106194	0.122093
loop 30
	0.03811	0.0250946	0.0273091	0.0313342
	0.0563787	0.0364321	0.0409149	0.0459669
	0.14942	0.0968322	0.106199	0.122093
	0.149403	0.0968277	0.106194	0.122086
loop 31
	0.0379673	0.0249911	0.0271991	0.0312146
	0.0569523	0.0383003	0.0415317	0.0478898
	0.149394	0.0968143	0.106179	0.122067
	0.149386	0.0968098	0.106174	0.122067

work load: parser.mips vpr.mips gzip.mips bzip2.mips
