4.359822
4.539746
4.648248
4.567981
4.458762
4.719096
4.647203
4.592653
4.616034
4.621927
4.605632
4.63839
4.637894
4.61241
4.630129
4.648213
4.610298
4.63196
4.632586
4.605364
4.644584
4.645631
4.649762
4.627875
4.629812
4.637316
4.659201
4.668687
4.608902
4.655769
4.684421
4.71379
4.712854
4.63504
4.716348
4.700745
4.702098
4.723075
4.687096
4.7114
4.719448
4.560354
4.564109
4.55922
4.715723
4.528761
4.549045
4.550321
4.553889
4.70675
4.551855
4.589516
4.778238
4.750443
4.73547
4.655464
4.82086
4.792208
4.8147
4.748059
4.718332
4.717826
4.662338
4.681184
4.664414
4.67506
4.674963
4.701101
4.663862
4.674808
4.802786
4.663994
4.69677
4.576096
4.755984
4.687369
4.72028
4.672889
4.670253
4.705997
4.689154
4.693023
4.684205
4.705154
4.63639
4.631246
4.569794
4.514798
4.701206
5.252152
5.441822
5.094886
5.363788
5.540157
5.320794
5.484215
5.600337
5.504882
5.241073
5.251998
473.390567
