loop 9
	0.615153	0.561124
	1.61182	2.33889
loop 10
	0.600858	0.552684
	1.61192	2.33889
loop 11
	0.61505	0.569816
	1.61202	2.33889
loop 12
	0.623903	0.57009
	1.60257	2.33908
loop 13
	0.579328	0.534932
	1.60267	2.33963
loop 14
	0.661543	0.597947
	1.60247	2.33944
loop 15
	0.718733	0.643623
	1.61202	2.33889
loop 16
	0.692613	0.621892
	1.61182	2.33889
loop 17
	0.83621	0.730824
	1.61192	2.33889
loop 18
	0.832274	0.734413
	1.60267	2.33963
loop 19
	0.828982	0.731838
	1.60247	2.33963
loop 20
	0.846803	0.741976
	1.60257	2.33963
loop 21
	0.853663	0.742183
	1.61182	2.33889
loop 22
	0.84613	0.735162
	1.61202	2.33889
loop 23
	0.847896	0.741838
	1.61182	2.33889
loop 24
	0.861594	0.748599
	1.60257	2.33908
