./localsearch ../../shell/data/matrix4-4-2 4 31
3 2 0 1 
0.289953
3 2 0 1 
0.292168
2 3 1 0 
0.286642
2 3 1 0 
0.286178
2 3 1 0 
0.284774
2 3 1 0 
0.286124
2 3 1 0 
0.286423
2 3 1 0 
0.284522
2 3 1 0 
0.284193
2 3 1 0 
0.284147
2 3 1 0 
0.282762
2 3 1 0 
0.28098
2 3 1 0 
0.284233
2 3 1 0 
0.279585
2 3 1 0 
0.276041
2 3 1 0 
0.276183
2 3 1 0 
0.280713
2 3 1 0 
0.277735
2 3 1 0 
0.283118
2 3 1 0 
0.280951
2 3 1 0 
0.285072
2 3 1 0 
0.2805
2 3 1 0 
0.286768
2 3 1 0 
0.283035
2 3 1 0 
0.284916
2 3 1 0 
0.281614
2 3 1 0 
0.281015
2 3 1 0 
0.278575
2 3 1 0 
0.275894
2 3 1 0 
0.273774
2 3 1 0 
0.277082
0.010115
87.6154
