0.385597
0.348126
0.354228
0.357925
0.36293
0.349281
0.350935
0.351687
0.35546
0.350287
0.347535
0.354858
0.371546
0.374497
0.37007
0.348766
0.372399
0.392701
0.397782
0.3787
0.380535
0.375001
0.369833
0.37103
0.371704
0.371239
0.369897
0.371791
0.375626
0.368713
0.376633
0.352629
0.35281
0.339865
0.380789
0.372646
0.376264
0.370161
0.367111
0.369287
0.368424
0.363053
0.357595
0.361645
0.327149
0.330514
0.326813
0.332156
0.357601
0.436781
0.386328
0.340933
0.391877
0.422096
0.38812
0.390472
0.367661
0.339341
0.320089
0.331993
0.349317
0.376313
0.368913
0.36639
0.359866
0.35899
0.384034
0.366771
0.362339
0.353273
0.368295
0.334279
0.371294
0.365801
0.361087
0.339819
0.369651
0.359514
0.346472
0.313259
0.29876
0.33453
0.352091
0.350168
0.346051
0.348665
0.350374
0.334574
0.346739
0.338888
0.334218
0.338938
0.29805
0.301828
0.299666
0.326884
0.321968
0.319955
0.30902
0.323013
0.328599
0.336489
0.320764
0.336832
0.344719
0.334976
0.339619
0.339618
0.319951
0.342437
0.387726
0.37776
0.343107
0.333335
0.360044
0.364527
0.365067
0.364622
0.370344
0.358644
0.365786
0.349649
0.314148
0.337389
0.346582
0.360241
0.335975
