./prob ../../shell/data/matrix8-1-1 8 31
第1轮调度计算开始:
swap6 2
swap7 4
swap1 5
swap0 3
choosen:
6 3 5 1 7 0 2 4 
old:
1 0 2 6 4 3 5 7 
new:1.04258 old:0.990133
in swap:0 3
swap over:
6 0 2 1 4 3 5 7 
cost:0.952856
last cost 矩阵:
0 0.0296091 0 0 0 0 0.115847 0 
0.110122 0 0 0.0412867 0 0 0 0 
0 0 0.232195 0 0 0.232195 0 0 
0 0.042455 0 0 0 0 0.16597 0 
0 0 0 0 0.0699634 0 0 0.098281 
0.223693 0 0 0.0830565 0 0 0 0 
0 0 0.256814 0 0 0.256814 0 0 
0 0 0 0 0.0320127 0 0 0.0424029 

life 矩阵:
0 8 0 0 0 0 8 0 
8 0 0 8 0 0 0 0 
0 0 8 0 0 8 0 0 
0 8 0 0 0 0 8 0 
0 0 0 0 8 0 0 8 
8 0 0 8 0 0 0 0 
0 0 8 0 0 8 0 0 
0 0 0 0 8 0 0 8 

第2轮调度计算开始:
swap1 7
swap4 3
swap2 0
swap5 6
choosen:
2 7 6 4 1 5 3 0 
old:
6 0 2 1 4 3 5 7 
new:0.831373 old:0.819615
in swap:1 7
in swap:4 3
swap over:
6 7 2 4 1 3 5 0 
cost:0.808445
last cost 矩阵:
0 0.0296091 0.103676 0 0 0 0.115841 0 
0.110111 0 0 0.0412867 0 0 0 0.0531471 
0 0 0.169622 0 0 0.232195 0.199781 0 
0 0.0435006 0 0 0.0582354 0 0.16597 0 
0 0.0522465 0 0 0.0699296 0 0 0.098281 
0.223693 0 0 0.0795463 0 0.195184 0 0 
0 0 0.256814 0.0773236 0 0.188028 0 0 
0.0917791 0 0 0 0.0320127 0 0 0.043037 

life 矩阵:
0 7 8 0 0 0 8 0 
8 0 0 7 0 0 0 8 
0 0 8 0 0 7 8 0 
0 8 0 0 8 0 7 0 
0 8 0 0 8 0 0 7 
7 0 0 8 0 8 0 0 
0 0 7 8 0 8 0 0 
8 0 0 0 7 0 0 8 

第3轮调度计算开始:
swap3 2
swap1 0
swap4 7
swap5 6
choosen:
7 6 4 2 0 5 3 1 
old:
6 7 2 4 1 3 5 0 
new:0.89956 old:0.835578
in swap:1 0
in swap:3 2
swap over:
7 6 4 2 1 3 5 0 
cost:0.816792
last cost 矩阵:
0 0.0296091 0.103676 0 0 0 0.115882 0.0557638 
0.110111 0 0 0.0412867 0 0 0.110155 0.0533473 
0 0 0.18111 0 0.0712764 0.232195 0.199781 0 
0 0.0435006 0.152679 0 0.0583207 0 0.16597 0 
0.198269 0.0531844 0 0 0.0699296 0 0 0.098281 
0.223693 0 0 0.0819378 0 0.207322 0 0 
0 0 0.256814 0.0797054 0 0.199988 0 0 
0.0918077 0.0243891 0 0 0.0320127 0 0 0.043037 

life 矩阵:
0 6 7 0 0 0 8 8 
7 0 0 6 0 0 8 8 
0 0 8 0 8 6 7 0 
0 7 8 0 8 0 6 0 
8 8 0 0 7 0 0 6 
6 0 0 8 0 8 0 0 
0 0 6 8 0 8 0 0 
8 8 0 0 6 0 0 7 

第4轮调度计算开始:
swap1 4
swap6 7
swap3 5
swap0 2
choosen:
4 1 7 3 6 2 0 5 
old:
7 6 4 2 1 3 5 0 
new:0.950717 old:0.824703
swap over:
7 6 4 2 1 3 5 0 
cost:0.824703
last cost 矩阵:
0 0.0296091 0.103676 0 0.0403428 0 0.115882 0.0550289 
0.110111 0.0290742 0 0.0412867 0 0 0.11015 0.0533473 
0 0 0.18111 0 0.0699634 0.232195 0.199781 0.0996653 
0 0.0435006 0.156773 0.0602782 0.0583207 0 0.16597 0 
0.198269 0.0523725 0 0 0.0699296 0 0.198269 0.098281 
0.223693 0 0.211471 0.0821252 0 0.207322 0 0 
0.219323 0 0.256814 0.0797054 0 0.206486 0 0 
0.0918036 0.0243891 0 0 0.0320127 0.0922939 0 0.043037 

life 矩阵:
0 5 6 0 8 0 7 8 
6 8 0 5 0 0 8 7 
0 0 7 0 8 5 6 8 
0 6 8 8 7 0 5 0 
7 8 0 0 6 0 8 5 
5 0 8 8 0 7 0 0 
8 0 5 7 0 8 0 0 
8 7 0 0 5 8 0 6 

第5轮调度计算开始:
swap1 6
swap7 2
swap3 4
swap5 0
choosen:
3 5 0 1 2 7 6 4 
old:
7 6 4 2 1 3 5 0 
new:0.957983 old:0.835413
swap over:
7 6 4 2 1 3 5 0 
cost:0.835413
last cost 矩阵:
0 0.0296091 0.103676 0.0430989 0.0403428 0 0.115882 0.054843 
0.110111 0.0290742 0 0.0412867 0 0.112792 0.11015 0.0533473 
0.199795 0 0.18111 0 0.0687406 0.232195 0.199781 0.0996653 
0 0.043564 0.161428 0.0602782 0.0583207 0 0.16597 0 
0.198269 0.0523177 0.193195 0 0.0699296 0 0.198269 0.098281 
0.223693 0 0.211471 0.0835397 0 0.207322 0 0.115112 
0.219323 0 0.256814 0.0797054 0 0.21259 0.219339 0 
0.0918036 0.0243891 0 0 0.0310872 0.0922939 0 0.043037 

life 矩阵:
0 4 5 8 7 0 6 8 
5 7 0 4 0 8 8 6 
8 0 6 0 8 4 5 7 
0 8 8 7 6 0 4 0 
6 8 8 0 5 0 7 4 
4 0 7 8 0 6 0 8 
7 0 4 6 0 8 8 0 
8 6 0 0 8 7 0 5 

第6轮调度计算开始:
swap1 5
swap7 0
swap6 4
swap3 2
choosen:
0 3 2 4 5 6 1 7 
old:
7 6 4 2 1 3 5 0 
new:0.876749 old:0.789511
in swap:6 4
swap over:
7 6 4 2 5 3 1 0 
cost:0.778792
last cost 矩阵:
0.115853 0.0296091 0.103676 0.0430989 0.0403428 0 0.115882 0.0549282 
0.110111 0.0290742 0 0.0421748 0 0.112792 0.110128 0.0533473 
0.199795 0 0.168052 0 0.0717002 0.232195 0.199781 0.0996653 
0 0.043564 0.140392 0.0602782 0.0586816 0 0.16597 0 
0.198269 0.0521918 0.193195 0 0.0699296 0.167435 0.198269 0.098281 
0.223693 0 0.211471 0.08407 0 0.207322 0.223693 0.115112 
0.219323 0.0583552 0.256814 0.0797054 0 0.184318 0.219339 0 
0.0917832 0.0243891 0 0 0.0310872 0.0922939 0 0.0425041 

life 矩阵:
8 3 4 7 6 0 5 8 
4 6 0 8 0 7 8 5 
7 0 8 0 8 3 4 6 
0 7 8 6 8 0 3 0 
5 8 7 0 4 8 6 3 
3 0 6 8 0 5 8 7 
6 8 3 5 0 8 7 0 
8 5 0 0 7 6 0 8 

第7轮调度计算开始:
swap3 0
swap7 5
swap4 2
swap1 6
choosen:
2 1 5 7 4 0 6 3 
old:
7 6 4 2 5 3 1 0 
new:0.933172 old:0.785682
in swap:3 0
in swap:4 2
swap over:
2 6 5 7 4 3 1 0 
cost:0.771038
last cost 矩阵:
0.115853 0.0296091 0.104542 0.0430989 0.0403428 0 0.115882 0.0556716 
0.110111 0.0287654 0 0.0421748 0 0.112792 0.110106 0.0533473 
0.199795 0 0.168052 0 0.0711121 0.171155 0.199781 0.0996653 
0 0.043564 0.143381 0.0602782 0.0586816 0 0.16597 0.0804582 
0.198269 0.0521918 0.193195 0 0.0698872 0.170522 0.198269 0.098281 
0.223709 0 0.211471 0.0850539 0 0.207322 0.223693 0.115112 
0.219323 0.0580608 0.256814 0.0797054 0 0.184318 0.219323 0 
0.091775 0.0243891 0 0.0353321 0.0310872 0.0922939 0 0.0425041 

life 矩阵:
7 2 8 6 5 0 4 8 
3 8 0 7 0 6 8 4 
6 0 7 0 8 8 3 5 
0 6 8 5 7 0 2 8 
4 7 6 0 8 8 5 2 
8 0 5 8 0 4 7 6 
5 8 2 4 0 7 8 0 
8 4 0 8 6 5 0 7 

第8轮调度计算开始:
swap0 1
swap7 3
swap2 6
swap4 5
choosen:
6 2 1 0 3 4 5 7 
old:
2 6 5 7 4 3 1 0 
new:0.822843 old:0.771789
swap over:
2 6 5 7 4 3 1 0 
cost:0.771789
last cost 矩阵:
0.115853 0.0296091 0.107542 0.0430989 0.0403428 0 0.115847 0.0556716 
0.110111 0.0287654 0.103509 0.0421748 0 0.112792 0.110122 0.0533473 
0.199795 0.0518906 0.168052 0 0.0711121 0.177093 0.199781 0.0996653 
0.16597 0.043564 0.143381 0.0602782 0.0586816 0 0.16597 0.0792572 
0.198269 0.0521918 0.193195 0.0685433 0.0690884 0.170522 0.198269 0.098281 
0.223709 0 0.211471 0.0785502 0.07917 0.207322 0.223693 0.115112 
0.219323 0.0583488 0.256814 0.0797054 0 0.195855 0.219323 0 
0.0917873 0.0243891 0 0.0353321 0.0310872 0.0922939 0 0.0420578 

life 矩阵:
6 1 8 5 4 0 8 7 
2 7 8 6 0 5 8 3 
5 8 6 0 7 8 2 4 
8 5 7 4 6 0 1 8 
3 6 5 8 8 7 4 1 
7 0 4 8 8 3 6 5 
4 8 1 3 0 8 7 0 
8 3 0 7 5 4 0 8 

第9轮调度计算开始:
swap7 0
swap1 4
swap6 3
swap2 5
choosen:
0 4 3 1 6 5 7 2 
old:
2 6 5 7 4 3 1 0 
new:0.880209 old:0.786999
swap over:
2 6 5 7 4 3 1 0 
cost:0.786999
last cost 矩阵:
0.115876 0.0296091 0.111963 0.0430989 0.0403428 0 0.115847 0.0556716 
0.110111 0.0287654 0.103509 0.0421748 0.0388188 0.112792 0.110144 0.0533473 
0.199795 0.0518906 0.168052 0.074383 0.0711121 0.183592 0.199781 0.0996653 
0.16597 0.0435175 0.143381 0.0602782 0.0586816 0 0.16597 0.0791423 
0.198269 0.0521918 0.193195 0.0685433 0.0688482 0.170522 0.198269 0.098281 
0.223709 0 0.211471 0.0830565 0.07917 0.20958 0.223693 0.115112 
0.219323 0.0584448 0.256814 0.0797054 0 0.195855 0.219323 0.108314 
0.0918077 0.0243891 0.0914512 0.0353321 0.0310872 0.0922939 0 0.0420578 

life 矩阵:
8 0 8 4 3 0 7 6 
1 6 7 5 8 4 8 2 
4 7 5 8 6 8 1 3 
7 8 6 3 5 0 0 8 
2 5 4 7 8 6 8 0 
6 0 3 8 7 8 5 4 
3 8 0 2 0 7 6 8 
8 2 8 6 4 3 0 7 

第10轮调度计算开始:
swap5 6
swap3 1
swap7 4
swap2 0
choosen:
5 7 2 6 0 1 3 4 
old:
2 6 5 7 4 3 1 0 
new:0.875685 old:0.779766
in swap:5 6
swap over:
2 6 5 7 4 1 3 0 
cost:0.778293
last cost 矩阵:
0.115876 0 0.107487 0.0430989 0.0403428 0.107487 0.115847 0.0556716 
0.110111 0.0287654 0.103509 0.0421748 0.0388188 0.112792 0.110144 0.0507444 
0.199795 0.0518906 0.178411 0.074383 0.0711121 0.178411 0.199781 0.0996653 
0.16597 0.0435175 0.143381 0.0602782 0.0586816 0 0.166001 0.0790401 
0.198269 0.0521918 0.193195 0.0685433 0.0688565 0.170522 0.198269 0 
0.223709 0.059108 0.211471 0.0856837 0.07917 0.20958 0.223693 0.115112 
0.219323 0.058336 0 0.0834385 0 0.195855 0.219323 0.108314 
0.0918077 0.0243891 0.0914512 0.0353321 0.0322263 0.0922939 0 0.0420578 

life 矩阵:
7 0 8 3 2 8 6 5 
0 5 6 4 7 3 8 8 
3 6 8 7 5 8 0 2 
6 7 5 2 4 0 8 8 
8 4 3 6 8 5 7 0 
5 8 2 8 6 7 4 3 
2 8 0 8 0 6 5 7 
8 1 7 5 8 2 0 6 

第11轮调度计算开始:
swap1 7
swap5 3
swap6 0
swap4 2
choosen:
3 0 4 1 5 7 2 6 
old:
2 6 5 7 4 1 3 0 
new:0.832415 old:0.768845
swap over:
2 6 5 7 4 1 3 0 
cost:0.768845
last cost 矩阵:
0.115876 0 0.105459 0.0448201 0.0403428 0.107487 0.115847 0.0556716 
0.11015 0.0287654 0.103509 0.0421748 0.0388188 0.112792 0.11015 0.0507444 
0.199795 0.0518906 0.178411 0.074383 0.0714321 0.171606 0 0.0996653 
0.16597 0.0443528 0.143381 0.0602782 0.0586816 0 0.166001 0.0766087 
0.198269 0.0521918 0.193195 0.0685433 0.0701835 0.173175 0.198269 0 
0.223709 0.0600453 0.211471 0.0856837 0.07917 0.20958 0.223693 0.106592 
0.219323 0.058336 0.190089 0.0829891 0 0.195855 0.219323 0.108314 
0.0918036 0.0243891 0.0914512 0.0353321 0.0322263 0.0922939 0.0918036 0.0420578 

life 矩阵:
6 0 8 8 1 7 5 4 
8 4 5 3 6 2 8 7 
2 5 7 6 8 8 0 1 
5 8 4 1 3 0 7 8 
7 3 2 5 8 8 6 0 
4 8 1 7 5 6 3 8 
1 7 8 8 0 5 4 6 
8 0 6 4 7 1 8 5 

第12轮调度计算开始:
swap0 7
swap5 4
swap6 1
swap3 2
choosen:
0 3 7 5 1 4 6 2 
old:
2 6 5 7 4 1 3 0 
new:0.839998 old:0.777575
in swap:3 2
swap over:
2 6 7 5 4 1 3 0 
cost:0.766539
last cost 矩阵:
0.115859 0 0.111784 0.0448201 0.0403428 0.107487 0.115847 0.0556716 
0.11015 0.0287654 0.103509 0.0393844 0.0388188 0.112792 0.110133 0.0507444 
0.199795 0.0518906 0.178411 0.074383 0.0714321 0.181215 0 0.0928438 
0.16597 0.0443528 0.143381 0.0602782 0.0586816 0.153041 0.166001 0.0757057 
0.198269 0.0509772 0.193195 0.0685433 0.0690801 0.173175 0.198269 0 
0.223709 0.0593508 0.211471 0.0856837 0.07918 0.20958 0.223693 0.106592 
0.219323 0.058336 0.190089 0.078519 0 0.195855 0.219323 0.108314 
0.0917873 0 0.08939 0.0353321 0.0322263 0.0922939 0.0918036 0.0420578 

life 矩阵:
8 0 8 7 0 6 4 3 
7 3 4 8 5 1 8 6 
1 4 6 5 7 8 0 8 
4 7 3 0 2 8 6 8 
6 8 1 4 8 7 5 0 
3 8 0 6 8 5 2 7 
0 6 7 8 0 4 8 5 
8 0 8 3 6 0 7 4 

第13轮调度计算开始:
swap6 4
swap3 0
swap2 1
swap7 5
choosen:
5 7 6 2 3 0 4 1 
old:
2 6 7 5 4 1 3 0 
new:0.959925 old:0.810548
in swap:6 4
swap over:
2 6 7 5 3 1 4 0 
cost:0.810406
last cost 矩阵:
0.115859 0 0.125616 0.0448201 0 0.125616 0.115847 0.0556716 
0.11015 0.0287654 0.103509 0.0393844 0.0388188 0.112792 0.112909 0.049184 
0.199795 0.0518906 0.178411 0.074383 0.0714321 0.181215 0.20515 0.09375 
0.16597 0.0443528 0.173377 0 0.0586816 0.173377 0.166001 0.0757057 
0.198269 0.0509772 0.193195 0.0737971 0.0689642 0.173175 0.198269 0 
0.232426 0.059423 0 0.0856837 0.07918 0.20958 0.223693 0.106592 
0 0.058336 0.190089 0.0817394 0.0767648 0.195855 0.219323 0.108314 
0.0947691 0.0236096 0.08939 0.0353321 0.0322263 0 0.0918036 0.0420578 

life 矩阵:
7 0 8 6 0 8 3 2 
6 2 3 7 4 0 8 8 
0 3 5 4 6 7 8 8 
3 6 8 0 1 8 5 7 
5 7 0 8 8 6 4 0 
8 8 0 5 7 4 1 6 
0 5 6 8 8 3 7 4 
8 8 7 2 5 0 6 3 

第14轮调度计算开始:
swap4 0
swap2 7
swap1 3
swap5 6
choosen:
3 5 0 6 2 4 1 7 
old:
2 6 7 5 3 1 4 0 
new:0.91915 old:0.804119
swap over:
2 6 7 5 3 1 4 0 
cost:0.804119
last cost 矩阵:
0.115859 0 0.128626 0.0442054 0 0.125616 0.115847 0.0556716 
0.11015 0.0287654 0.103509 0.0393844 0.0388188 0.122626 0.110133 0.049184 
0.199768 0.0518906 0.178411 0.074383 0.0714321 0.181215 0.20515 0.0854994 
0.16597 0.0443528 0.173377 0 0.0586816 0.176574 0.16596 0.0757057 
0.198269 0.0509772 0.211308 0.0732208 0.0689642 0.173175 0.198269 0 
0.232426 0.0603412 0 0.0856837 0.0802309 0.20958 0.223693 0.106592 
0 0.0581056 0.190089 0.0817394 0.0779376 0.195855 0.219323 0.108314 
0.0917873 0.0236096 0.08939 0.0353321 0.0322263 0 0.0918036 0.0369459 

life 矩阵:
6 0 8 8 0 7 2 1 
5 1 2 6 3 8 8 7 
8 2 4 3 5 6 7 8 
2 5 7 0 0 8 8 6 
4 6 8 8 7 5 3 0 
7 8 0 4 8 3 0 5 
0 8 5 7 8 2 6 3 
8 7 6 1 4 0 5 8 

第15轮调度计算开始:
swap0 7
swap6 4
swap5 1
swap3 2
choosen:
0 1 5 7 4 6 3 2 
old:
2 6 7 5 3 1 4 0 
new:0.90019 old:0.798194
in swap:0 7
swap over:
0 6 7 5 3 1 4 2 
cost:0.797831
last cost 矩阵:
0.115882 0 0.12747 0.0442054 0 0.125616 0.115847 0.0556716 
0.11015 0.0290534 0.103509 0.0393844 0.0388188 0.122626 0.110155 0.049184 
0.199768 0.0518906 0.178411 0.074383 0.0714321 0.208747 0.20515 0.082858 
0.16597 0.0443528 0.173377 0 0 0.175462 0.16596 0.068411 
0.198269 0.0509772 0.211308 0.0741141 0.0692292 0.173175 0.198269 0 
0.232426 0.0592786 0 0.0856837 0.0802309 0.20958 0.223725 0.106592 
0 0.0581056 0.190089 0.0821142 0.0770529 0.195855 0.219323 0.108314 
0.0918036 0.0236096 0.103028 0.0353321 0.0322263 0 0.0918036 0.0369459 

life 矩阵:
8 0 8 7 0 6 1 0 
4 8 1 5 2 7 8 6 
7 1 3 2 4 8 6 8 
1 4 6 0 0 8 7 8 
3 5 7 8 8 4 2 0 
6 8 0 3 7 2 8 4 
0 7 4 8 8 1 5 2 
8 6 8 0 3 0 4 7 

第16轮调度计算开始:
swap5 6
swap0 2
swap7 3
swap4 1
choosen:
7 3 0 2 6 4 1 5 
old:
0 6 7 5 3 1 4 2 
new:0.850023 old:0.745049
swap over:
0 6 7 5 3 1 4 2 
cost:0.745049
last cost 矩阵:
0.115876 0 0.12747 0.0442054 0 0.125616 0.115847 0.0459821 
0.11015 0.0290534 0.103509 0.0394241 0.0388188 0.122626 0.110155 0.049184 
0.199808 0.0518906 0.178411 0.074383 0.0714321 0.208747 0.20515 0.0816947 
0.16597 0.0443528 0.145569 0 0 0.145569 0.16596 0.068411 
0.198269 0.0509772 0.211308 0.0708192 0.0692292 0.173175 0.198256 0 
0.232426 0.0604084 0 0.0856837 0.077967 0.20958 0.223725 0.106592 
0 0.058176 0.190089 0.0821142 0.075686 0.195855 0.219323 0.108314 
0.0918036 0.0236096 0.084841 0 0.0322263 0.084841 0.0918036 0.0369459 

life 矩阵:
8 0 7 6 0 5 0 8 
3 7 0 8 1 6 8 5 
8 0 2 1 3 7 5 8 
0 3 8 0 0 8 6 7 
2 4 6 8 7 3 8 0 
5 8 0 2 8 1 7 3 
0 8 3 7 8 0 4 1 
7 5 8 0 2 8 3 6 

第17轮调度计算开始:
swap0 3
swap6 4
swap2 5
swap1 7
choosen:
5 2 1 0 4 7 3 6 
old:
0 6 7 5 3 1 4 2 
new:0.813628 old:0.804907
swap over:
0 6 7 5 3 1 4 2 
cost:0.804907
last cost 矩阵:
0.115876 0 0.12747 0.0442054 0 0.126818 0 0.0459821 
0.11015 0.0290534 0.122903 0.0394241 0.0388188 0.122626 0.11015 0.049184 
0.199808 0.0520056 0.178411 0.074383 0.0714321 0.208747 0.20515 0.0904642 
0.165991 0.0443528 0.145569 0 0 0.175887 0.16596 0.068411 
0.198269 0.0509772 0.211308 0.0737971 0.0687985 0.173175 0.198256 0 
0.232426 0.0592524 0 0.0856837 0.077967 0.20958 0.223725 0.10354 
0 0.058176 0.190089 0.0817724 0.0765823 0 0.219323 0.108314 
0.0918036 0.0236096 0.102898 0 0.0322263 0.084841 0.0917996 0.0369459 

life 矩阵:
8 0 6 5 0 8 0 7 
2 6 8 7 0 5 8 4 
7 8 1 0 2 6 4 8 
8 2 7 0 0 8 5 6 
1 3 5 8 8 2 7 0 
4 8 0 1 7 0 6 8 
0 7 2 8 8 0 3 0 
6 4 8 0 1 7 8 5 

第18轮调度计算开始:
swap7 0
swap2 6
swap5 3
swap4 1
choosen:
2 3 4 1 6 5 7 0 
old:
0 6 7 5 3 1 4 2 
new:0.962639 old:0.846941
swap over:
0 6 7 5 3 1 4 2 
cost:0.846941
last cost 矩阵:
0.115859 0 0.149107 0.0442054 0 0.126818 0 0.0459821 
0.11015 0.0290534 0.122903 0.042349 0 0.122626 0.110133 0.049184 
0.199808 0.0520056 0.178411 0 0.0719339 0.208747 0.20515 0.0813254 
0.165991 0.0435133 0.145569 0 0 0.204424 0.16596 0.068411 
0.198269 0.0509772 0.211308 0.0745847 0.0687985 0.173175 0.198256 0 
0.232426 0.059213 0 0.0856837 0.077967 0.27514 0.223725 0.10354 
0 0.058176 0.190089 0.0817724 0.0800676 0 0.219323 0.0905527 
0.0917873 0.0236096 0.121334 0 0.0322263 0.084841 0.0917996 0.0369459 

life 矩阵:
8 0 8 4 0 7 0 6 
1 5 7 8 0 4 8 3 
6 7 0 0 8 5 3 8 
7 8 6 0 0 8 4 5 
0 2 4 8 7 1 8 0 
3 8 0 0 6 8 5 7 
0 6 1 7 8 0 2 8 
8 3 8 0 0 6 7 4 

第19轮调度计算开始:
swap3 4
swap1 0
swap6 5
swap2 7
choosen:
6 0 2 3 5 4 1 7 
old:
0 6 7 5 3 1 4 2 
new:0.959403 old:0.864169
swap over:
0 6 7 5 3 1 4 2 
cost:0.864169
last cost 矩阵:
0.115859 0 0.149107 0.0442054 0 0.126818 0.115859 0.0459821 
0.110133 0.0290534 0.122903 0.042349 0 0.122626 0.110133 0.049184 
0.199808 0.0520056 0.245786 0 0.0719339 0.208747 0.20515 0.0913306 
0.165991 0.0435133 0.145569 0.0630516 0 0.209967 0.16596 0.068411 
0 0.0509772 0.211308 0.0747718 0.0687985 0.246864 0.198256 0 
0.232426 0.0592393 0 0 0.0811096 0.27514 0.223725 0.10354 
0 0.0570115 0.190089 0.0817724 0.07883 0 0.219323 0.0905527 
0.0917873 0.0236096 0.124038 0 0 0.084841 0.0917996 0.0395885 

life 矩阵:
8 0 7 3 0 6 8 5 
8 4 6 7 0 3 8 2 
5 6 8 0 7 4 2 8 
6 7 5 8 0 8 3 4 
0 1 3 8 6 8 7 0 
2 8 0 0 8 7 4 6 
0 8 0 6 8 0 1 7 
7 2 8 0 0 5 6 8 

第20轮调度计算开始:
swap0 6
swap1 7
swap5 2
swap4 3
choosen:
4 2 1 3 5 7 0 6 
old:
0 6 7 5 3 1 4 2 
new:0.917113 old:0.821466
swap over:
0 6 7 5 3 1 4 2 
cost:0.821466
last cost 矩阵:
0.115847 0 0.149107 0.0442054 0.0413609 0.126818 0.115859 0.0459821 
0.110133 0.0290534 0.131078 0.042349 0 0.122626 0.110122 0.049184 
0.199808 0.0531169 0.245786 0 0.0719339 0.208747 0.20515 0.0902016 
0.165991 0.0435133 0.145569 0.0610022 0 0.183882 0.16596 0.068411 
0 0.0509772 0.211308 0.0726281 0.0687985 0.216457 0.198256 0 
0.232426 0.0603882 0 0 0.0811096 0.27514 0.223725 0.103 
0.219323 0.0570115 0 0.0817724 0.0775945 0 0.219323 0.0905527 
0.0917873 0.0236096 0.110803 0 0 0.084841 0.091775 0.0395885 

life 矩阵:
8 0 6 2 8 5 7 4 
7 3 8 6 0 2 8 1 
4 8 7 0 6 3 1 8 
5 6 4 8 0 8 2 3 
0 0 2 8 5 8 6 0 
1 8 0 0 7 6 3 8 
8 7 0 5 8 0 0 6 
6 1 8 0 0 4 8 7 

第21轮调度计算开始:
swap4 2
swap7 5
swap0 1
swap6 3
choosen:
6 0 3 4 7 2 5 1 
old:
0 6 7 5 3 1 4 2 
new:0.966171 old:0.826814
swap over:
0 6 7 5 3 1 4 2 
cost:0.826814
last cost 矩阵:
0.115882 0 0.149107 0.0442054 0.0413609 0.126818 0.115882 0.0459821 
0.110161 0.0290534 0.131078 0.042349 0 0.122626 0.110161 0.049184 
0.199808 0.0531169 0.245786 0.0742389 0.0719339 0.208747 0.20515 0.0984842 
0.165991 0.0435133 0.145569 0.0610022 0.058242 0.183236 0.16596 0.068411 
0 0 0.211308 0.0727316 0.0687985 0.216457 0.198256 0.0974353 
0.232426 0.0593377 0.247247 0 0.0811096 0.27514 0.223725 0.103 
0.219323 0.0570115 0 0.0817724 0.0777317 0.239385 0 0.0905527 
0.0917873 0.0235794 0.10925 0 0 0.084841 0.091775 0.0395885 

life 矩阵:
8 0 5 1 7 4 8 3 
8 2 7 5 0 1 8 0 
3 7 6 8 5 2 0 8 
4 5 3 7 8 8 1 2 
0 0 1 8 4 7 5 8 
0 8 8 0 6 5 2 7 
7 6 0 4 8 8 0 5 
5 8 8 0 0 3 7 6 

第22轮调度计算开始:
swap2 5
swap1 6
swap3 7
swap4 0
choosen:
3 4 1 2 0 7 6 5 
old:
0 6 7 5 3 1 4 2 
new:0.941003 old:0.810695
swap over:
0 6 7 5 3 1 4 2 
cost:0.810695
last cost 矩阵:
0.115876 0 0.149107 0.0459669 0.0413609 0.126818 0.115882 0.0459821 
0.110161 0.0290534 0.131078 0.042349 0.0388008 0.122626 0.110155 0 
0.199808 0.0519399 0.245786 0.0742389 0.0719339 0.208747 0 0.09108 
0.165991 0.0435133 0.177523 0.0610022 0.058242 0.177523 0.16596 0.068411 
0.198269 0 0.211308 0.0750855 0.0687985 0.216457 0.198256 0.0974353 
0 0.0591802 0.247247 0 0.0811096 0.27514 0.223725 0.103996 
0.219323 0.0570115 0 0.0817724 0.0766111 0.239385 0.219323 0.0905527 
0.0917873 0.0235794 0.105184 0 0 0.105184 0.091775 0.0395885 

life 矩阵:
8 0 4 8 6 3 7 2 
7 1 6 4 8 0 8 0 
2 8 5 7 4 1 0 8 
3 4 8 6 7 8 0 1 
8 0 0 8 3 6 4 7 
0 8 7 0 5 4 1 8 
6 5 0 3 8 7 8 4 
4 7 8 0 0 8 6 5 

第23轮调度计算开始:
swap1 2
swap5 4
swap0 6
swap7 3
choosen:
4 7 6 2 1 3 0 5 
old:
0 6 7 5 3 1 4 2 
new:0.920673 old:0.809668
swap over:
0 6 7 5 3 1 4 2 
cost:0.809668
last cost 矩阵:
0.115876 0 0.149107 0.0459669 0.0414562 0.126818 0.115882 0.0459821 
0.110161 0.0290534 0.131078 0.042349 0.0388008 0 0.11015 0.0507931 
0.199808 0.0519399 0.245786 0.0742389 0.0719339 0.208747 0.199795 0.0969441 
0.165991 0.0435133 0.169704 0.0610022 0.058242 0.169704 0 0.068411 
0.198269 0.0508706 0 0.07646 0.0687985 0.216457 0.198256 0.0974353 
0 0.0592261 0.247247 0.0867669 0.0811096 0.27514 0.223725 0.103996 
0.219339 0.0570115 0 0.0817724 0.07936 0.239385 0.219323 0.0905527 
0.0917873 0.0235794 0.101948 0 0 0.101948 0.091775 0.0395885 

life 矩阵:
8 0 3 7 8 2 6 1 
6 0 5 3 7 0 8 8 
1 7 4 6 3 0 8 8 
2 3 8 5 6 8 0 0 
7 8 0 8 2 5 3 6 
0 8 6 8 4 3 0 7 
8 4 0 2 8 6 7 3 
3 6 8 0 0 8 5 4 

第24轮调度计算开始:
swap7 6
swap3 2
swap1 0
swap5 4
choosen:
6 0 5 7 1 3 2 4 
old:
0 6 7 5 3 1 4 2 
new:0.902634 old:0.813909
swap over:
0 6 7 5 3 1 4 2 
cost:0.813909
last cost 矩阵:
0.115853 0 0.149107 0.0459669 0.0414562 0.126818 0.115853 0.0459821 
0.110128 0 0.131078 0.042349 0.0388008 0 0.110128 0.0507931 
0.199808 0.0519399 0.245786 0.0742389 0.0719339 0.202669 0.199795 0.092619 
0.165991 0.0435133 0.169704 0.0610022 0.058242 0.173721 0 0.0749149 
0.198269 0.0519946 0 0.0779572 0.0687985 0.216457 0.198256 0.0974353 
0 0.060395 0.247247 0.0898025 0.0811096 0.27514 0 0.103996 
0.219339 0.0570115 0.225184 0.0817724 0.0779278 0.239385 0.219323 0.0905527 
0.0917873 0.0235794 0.105308 0 0.0320884 0.101948 0.091775 0.0395885 

life 矩阵:
8 0 2 6 7 1 8 0 
8 0 4 2 6 0 8 7 
0 6 3 5 2 8 7 8 
1 2 7 4 5 8 0 8 
6 8 0 8 1 4 2 5 
0 8 5 8 3 2 0 6 
7 3 8 1 8 5 6 2 
2 5 8 0 8 7 4 3 

第25轮调度计算开始:
swap0 2
swap1 3
swap7 4
swap5 6
choosen:
7 5 0 6 2 4 1 3 
old:
0 6 7 5 3 1 4 2 
new:0.914845 old:0.803782
swap over:
0 6 7 5 3 1 4 2 
cost:0.803782
last cost 矩阵:
0.115853 0 0.149107 0.0459669 0.0414562 0.126818 0.115853 0.0537901 
0.110128 0 0.131078 0.042349 0.0388008 0.122507 0.110128 0.0507931 
0.199781 0.0519399 0.245786 0.0742389 0.0719339 0.202669 0.199795 0.0962901 
0.165991 0.0435133 0.169704 0.0610022 0.058242 0.170548 0.16596 0.0749149 
0.198269 0.0519946 0.202865 0.070756 0.0687985 0.216457 0.198256 0.0974353 
0 0.0593508 0.247247 0.0898025 0.07884 0.27514 0 0.103996 
0.219339 0.0571176 0.225184 0.0817724 0.0765631 0.239385 0.219323 0.0905527 
0.0917873 0.0235794 0.104293 0.0339848 0.0320884 0.101948 0.091775 0.0395885 

life 矩阵:
8 0 1 5 6 0 7 8 
7 0 3 1 5 8 8 6 
8 5 2 4 1 7 6 8 
0 1 6 3 4 8 8 7 
5 7 8 8 0 3 1 4 
0 8 4 7 8 1 0 5 
6 8 7 0 8 4 5 1 
1 4 8 8 7 6 3 2 

第26轮调度计算开始:
swap4 5
swap2 1
swap6 7
swap3 0
choosen:
5 7 6 0 1 3 2 4 
old:
0 6 7 5 3 1 4 2 
new:0.936423 old:0.8083
swap over:
0 6 7 5 3 1 4 2 
cost:0.8083
last cost 矩阵:
0.115859 0 0.149107 0.0459669 0.0414562 0.127931 0.115853 0.0537901 
0.110128 0 0.131078 0.042349 0.0388008 0.122507 0.110133 0.0480679 
0.199781 0.0519399 0.245786 0.0742389 0.0719339 0.202669 0.199768 0.0898516 
0.16597 0.0435133 0.169704 0.0610022 0.058242 0.173516 0.16596 0.0749149 
0.198269 0.052033 0.202865 0.0753011 0 0.216457 0.198256 0.0974353 
0 0.0604151 0.247247 0.0856254 0.07884 0.27514 0 0.103996 
0.219339 0.0571176 0.224896 0 0.0779964 0.239385 0.219323 0.0905527 
0.0917873 0.0235794 0.105228 0.0339848 0.0321316 0.101948 0.091775 0.0395885 

life 矩阵:
8 0 0 4 5 8 6 7 
6 0 2 0 4 7 8 8 
7 4 1 3 0 6 8 8 
8 0 5 2 3 8 7 6 
4 8 7 8 0 2 0 3 
0 8 3 8 7 0 0 4 
5 7 8 0 8 3 4 0 
0 3 8 7 8 5 2 1 

第27轮调度计算开始:
swap7 1
swap0 5
swap3 4
swap6 2
choosen:
1 2 4 3 5 0 7 6 
old:
0 6 7 5 3 1 4 2 
new:0.905171 old:0.805587
in swap:7 1
swap over:
0 2 7 5 3 1 4 6 
cost:0.805366
last cost 矩阵:
0.115882 0.0305425 0 0.0459669 0.0414562 0.127931 0.115853 0.0537901 
0.110128 0 0.121827 0 0.0388008 0.122507 0.110155 0.0480679 
0.199781 0.0519399 0.245786 0.0742389 0.0710429 0.202669 0.199768 0.08972 
0.16597 0 0.169704 0.0642155 0.058242 0.171923 0.16596 0.0749149 
0.198269 0.052033 0.202865 0.0775276 0 0.201749 0 0.0974353 
0.22374 0.0590687 0.247247 0.0856254 0.07884 0 0 0.103996 
0.219339 0.0571176 0.224896 0 0.0776141 0.239385 0.219323 0.100251 
0 0.0235794 0.103697 0.0339848 0.0321316 0.101948 0.0918036 0.0395885 

life 矩阵:
8 8 0 3 4 7 5 6 
5 0 8 0 3 6 8 7 
6 3 0 2 8 5 7 8 
7 0 4 8 2 8 6 5 
3 7 6 8 0 8 0 2 
8 8 2 7 6 0 0 3 
4 6 7 0 8 2 3 8 
0 2 8 6 7 4 8 0 

第28轮调度计算开始:
swap1 2
swap0 7
swap4 6
swap5 3
choosen:
6 7 2 1 4 5 3 0 
old:
0 2 7 5 3 1 4 6 
new:0.880204 old:0.799467
swap over:
0 2 7 5 3 1 4 6 
cost:0.799467
last cost 矩阵:
0.115882 0.0305425 0 0.0459669 0.0414562 0.127931 0.115882 0.0537901 
0.110128 0 0.121785 0 0.0388008 0.122507 0.110155 0.045904 
0.199781 0.0519399 0.20047 0.0742389 0.0710429 0.202669 0.199768 0.0865404 
0.16597 0.0424673 0.169704 0.0642155 0.058242 0.171697 0.16596 0.0749149 
0.198269 0.052033 0.202865 0.0781444 0.0677079 0.201749 0 0.0974353 
0.22374 0.0581312 0.247247 0.0856254 0.07884 0.22818 0 0.103996 
0.219339 0.0571176 0.224896 0.0877855 0.075479 0.239385 0.219323 0.100251 
0.0918077 0.0235794 0.103697 0.0339848 0.0321316 0.101948 0.0918077 0 

life 矩阵:
8 7 0 2 3 6 8 5 
4 0 8 0 2 5 7 8 
5 2 8 1 7 4 6 8 
6 8 3 7 1 8 5 4 
2 6 5 8 8 7 0 1 
7 8 1 6 5 8 0 2 
3 5 6 8 8 1 2 7 
8 1 7 5 6 3 8 0 

第29轮调度计算开始:
swap7 5
swap6 2
swap4 1
swap0 3
choosen:
5 3 4 0 2 6 7 1 
old:
0 2 7 5 3 1 4 6 
new:0.952697 old:0.798794
swap over:
0 2 7 5 3 1 4 6 
cost:0.798794
last cost 矩阵:
0.115876 0.0305425 0 0.0459669 0.0414562 0.129574 0.115882 0.0537901 
0.110128 0 0.12499 0.0405012 0.0388008 0.122507 0.110155 0.045904 
0.199781 0.0519399 0.20047 0.0742389 0.0700481 0.202669 0.199768 0.083356 
0.16598 0.0424673 0.169704 0.0642155 0.058242 0.175221 0.16596 0.0749149 
0.198269 0.052033 0.20756 0.070747 0.0677079 0.201749 0 0.0974353 
0.22374 0.0601932 0.247247 0.0856254 0.07884 0.22818 0.223709 0.103996 
0.219339 0.0571176 0.224896 0.0877855 0.0766111 0.239385 0.219323 0.0909072 
0.0918077 0.0244173 0.103697 0.0339848 0.0321316 0.101948 0.0917996 0 

life 矩阵:
8 6 0 1 2 8 7 4 
3 0 8 8 1 4 6 7 
4 1 7 0 8 3 5 8 
8 7 2 6 0 8 4 3 
1 5 8 8 7 6 0 0 
6 8 0 5 4 7 8 1 
2 4 5 7 8 0 1 8 
7 8 6 4 5 2 8 0 

第30轮调度计算开始:
swap4 2
swap5 1
swap7 0
swap3 6
choosen:
6 1 3 4 7 2 5 0 
old:
0 2 7 5 3 1 4 6 
new:0.890373 old:0.787452
in swap:4 2
swap over:
0 2 3 5 7 1 4 6 
cost:0.786472
last cost 矩阵:
0.11587 0.0305425 0 0.0459669 0.0414562 0.129574 0.11587 0.0537901 
0.110128 0.0292078 0.121153 0.0405012 0.0388008 0.122507 0.110155 0.045904 
0.199781 0.0519399 0.20047 0.07673 0.0700481 0.202669 0.199768 0.0753239 
0.16598 0.0424673 0.169704 0.0642155 0.0583142 0.169252 0.16596 0.0749149 
0.198269 0.052033 0.20756 0.07665 0.0677079 0.201749 0 0.0742638 
0.22374 0.0595739 0.225985 0.0856254 0.07884 0.22818 0.223709 0.103996 
0.219339 0.0571176 0.224896 0.0877855 0.0778297 0.218203 0.219323 0.0909072 
0.0917996 0.0244173 0.103697 0.0339848 0.0321316 0.101948 0.0917996 0 

life 矩阵:
8 5 0 0 1 7 8 3 
2 8 8 7 0 3 5 6 
3 0 6 8 7 2 4 8 
7 6 1 5 8 8 3 2 
0 4 7 8 6 5 0 8 
5 8 8 4 3 6 7 0 
1 3 4 6 8 8 0 7 
8 7 5 3 4 1 8 0 

第31轮调度计算开始:
swap6 5
swap7 4
swap1 0
swap2 3
choosen:
2 0 5 3 6 4 1 7 
old:
0 2 3 5 7 1 4 6 
new:0.889855 old:0.809384
swap over:
0 2 3 5 7 1 4 6 
cost:0.809384
last cost 矩阵:
0.115853 0.0305425 0.13276 0 0.0414562 0.129574 0.11587 0.0537901 
0.110128 0.0292078 0.126298 0.0405012 0 0.122507 0.110155 0.045904 
0.199781 0 0.20047 0.078675 0.0700481 0.210146 0.199768 0.0753239 
0.16598 0.0424673 0.169704 0.0652536 0.0583142 0.179494 0.16596 0.0749149 
0 0.052033 0.20756 0.07665 0.0677079 0.201749 0.19823 0.0803171 
0.22374 0.0593639 0.225985 0.0856254 0.0798738 0.22818 0.223709 0 
0.219339 0.0571364 0.224896 0.0877855 0.0776043 0.218203 0 0.0909072 
0.0917996 0.0244173 0.103697 0.0339848 0.0321316 0.101948 0.0917791 0.0363277 

life 矩阵:
8 4 8 0 0 6 7 2 
8 7 8 6 0 2 4 5 
2 0 5 8 6 8 3 7 
6 5 0 8 7 8 2 1 
0 3 6 7 5 4 8 8 
4 8 7 3 8 5 6 0 
0 8 3 5 8 7 0 6 
7 6 4 2 3 0 8 8 

6 0 2 1 4 3 5 7 
0.952856
6 7 2 4 1 3 5 0 
0.808445
7 6 4 2 1 3 5 0 
0.816792
7 6 4 2 1 3 5 0 
0.824703
7 6 4 2 1 3 5 0 
0.835413
7 6 4 2 5 3 1 0 
0.778792
2 6 5 7 4 3 1 0 
0.771038
2 6 5 7 4 3 1 0 
0.771789
2 6 5 7 4 3 1 0 
0.786999
2 6 5 7 4 1 3 0 
0.778293
2 6 5 7 4 1 3 0 
0.768845
2 6 7 5 4 1 3 0 
0.766539
2 6 7 5 3 1 4 0 
0.810406
2 6 7 5 3 1 4 0 
0.804119
0 6 7 5 3 1 4 2 
0.797831
0 6 7 5 3 1 4 2 
0.745049
0 6 7 5 3 1 4 2 
0.804907
0 6 7 5 3 1 4 2 
0.846941
0 6 7 5 3 1 4 2 
0.864169
0 6 7 5 3 1 4 2 
0.821466
0 6 7 5 3 1 4 2 
0.826814
0 6 7 5 3 1 4 2 
0.810695
0 6 7 5 3 1 4 2 
0.809668
0 6 7 5 3 1 4 2 
0.813909
0 6 7 5 3 1 4 2 
0.803782
0 6 7 5 3 1 4 2 
0.8083
0 2 7 5 3 1 4 6 
0.805366
0 2 7 5 3 1 4 6 
0.799467
0 2 7 5 3 1 4 6 
0.798794
0 2 3 5 7 1 4 6 
0.786472
0 2 3 5 7 1 4 6 
0.809384
last cost 矩阵:
0.115853 0.0305425 0.13276 0 0.0414562 0.129574 0.11587 0.0537901 
0.110128 0.0292078 0.126298 0.0405012 0 0.122507 0.110155 0.045904 
0.199781 0 0.20047 0.078675 0.0700481 0.210146 0.199768 0.0753239 
0.16598 0.0424673 0.169704 0.0652536 0.0583142 0.179494 0.16596 0.0749149 
0 0.052033 0.20756 0.07665 0.0677079 0.201749 0.19823 0.0803171 
0.22374 0.0593639 0.225985 0.0856254 0.0798738 0.22818 0.223709 0 
0.219339 0.0571364 0.224896 0.0877855 0.0776043 0.218203 0 0.0909072 
0.0917996 0.0244173 0.103697 0.0339848 0.0321316 0.101948 0.0917791 0.0363277 

life 矩阵:
8 4 8 0 0 6 7 2 
8 7 8 6 0 2 4 5 
2 0 5 8 6 8 3 7 
6 5 0 8 7 8 2 1 
0 3 6 7 5 4 8 8 
4 8 7 3 8 5 6 0 
0 8 3 5 8 7 0 6 
7 6 4 2 3 0 8 8 

0.02981
25.028
