./prob ../../shell/data/m4-3 4 16
第1轮调度计算开始:
new:18.9543 old:18.5311
last cost 矩阵:
4.44681 0 0 6.64665 
0 3.61937 4.56052 0 
3.20924 0 5.01312 0 
0 4.53787 0 5.45183 

life 矩阵:
6 5 5 6 
5 6 6 5 
6 5 6 5 
5 6 5 6 

第2轮调度计算开始:
new:19.0341 old:18.5923
last cost 矩阵:
4.47388 5.61898 0 6.64665 
2.9405 3.67106 4.56052 0 
3.20924 0 5.02791 4.73051 
0 4.53787 5.74408 5.41943 

life 矩阵:
6 6 4 5 
6 6 5 4 
5 4 6 6 
4 5 6 6 

第3轮调度计算开始:
new:18.9906 old:18.533
last cost 矩阵:
4.46614 5.61898 7.02196 6.64665 
2.9405 3.61178 4.56052 4.32592 
3.20924 3.96903 5.01521 4.73051 
3.67369 4.53787 5.74408 5.43989 

life 矩阵:
6 5 6 4 
5 6 4 6 
4 6 6 5 
6 4 5 6 

第4轮调度计算开始:
new:18.8297 old:18.0644
last cost 矩阵:
4.43503 5.61898 7.00863 6.64665 
2.9405 3.62382 4.56052 4.32592 
3.20851 3.96903 5.0168 4.73051 
3.67369 4.53787 5.74408 4.98876 

life 矩阵:
6 4 6 3 
4 6 3 5 
6 5 6 4 
5 3 4 6 

第5轮调度计算开始:
new:18.8799 old:18.1265
last cost 矩阵:
4.44367 5.61898 7.00863 6.64665 
2.9405 3.58685 4.56052 4.32592 
3.20464 3.96903 5.01627 4.73051 
3.67369 4.53787 5.74408 5.07975 

life 矩阵:
6 3 6 2 
3 6 2 4 
6 4 6 3 
4 2 3 6 

第6轮调度计算开始:
new:18.8253 old:18.7567
last cost 矩阵:
4.48246 5.81163 7.00863 6.64665 
2.9405 3.80714 4.59071 4.32592 
3.20464 3.96903 5.04496 4.73275 
3.69018 4.53787 5.74408 5.42217 

life 矩阵:
6 6 5 1 
2 6 6 3 
5 3 6 6 
6 1 2 6 

第7轮调度计算开始:
new:19.1281 old:18.5853
last cost 矩阵:
4.45245 5.81163 7.02336 6.64665 
2.9405 3.6708 4.59071 4.32592 
3.20464 3.96903 5.01365 4.76028 
3.67369 4.53787 5.74408 5.44845 

life 矩阵:
6 5 6 0 
1 6 5 2 
4 2 6 6 
6 0 1 6 

第8轮调度计算开始:
new:19.2623 old:18.6285
last cost 矩阵:
4.44893 5.81163 7.02336 6.65264 
2.92708 3.70764 4.59071 4.32592 
3.20464 3.96903 5.01415 4.76028 
3.67369 4.66845 5.74408 5.45774 

life 矩阵:
6 4 5 6 
6 6 4 1 
3 1 6 5 
5 6 0 6 

第9轮调度计算开始:
new:19.13 old:18.7524
last cost 矩阵:
4.52763 5.78422 7.02336 6.65264 
2.92708 3.76334 4.59071 4.33228 
3.26814 3.96903 5.01574 4.76028 
3.67369 4.66845 5.74538 5.44569 

life 矩阵:
6 6 4 5 
5 6 3 6 
6 0 6 4 
4 5 6 6 

第10轮调度计算开始:
new:18.6509 old:18.7464
last cost 矩阵:
4.56844 5.78422 7.02336 6.65264 
2.92708 3.72435 4.56477 4.33228 
3.26814 4.08084 5.0168 4.76028 
3.67369 4.66845 5.74538 5.43682 

life 矩阵:
6 5 3 4 
4 6 6 5 
5 6 6 3 
3 4 5 6 

第11轮调度计算开始:
new:18.6343 old:18.5372
last cost 矩阵:
4.54616 5.78422 7.02336 6.65264 
2.92708 3.61115 4.57637 4.33228 
3.26814 3.9667 5.02898 4.76028 
3.67369 4.66845 5.74538 5.44798 

life 矩阵:
6 4 2 3 
3 6 6 4 
4 6 6 2 
2 3 4 6 

第12轮调度计算开始:
new:18.7394 old:18.6663
last cost 矩阵:
4.54573 5.78422 7.02336 6.65264 
2.92708 3.61115 4.57952 4.3311 
3.26814 4.09701 5.02898 4.76028 
3.67369 4.66845 5.76552 5.44403 

life 矩阵:
6 3 1 2 
2 5 6 6 
3 6 5 1 
1 2 6 6 

第13轮调度计算开始:
new:18.947 old:18.4383
last cost 矩阵:
4.51192 5.78422 7.02336 6.75794 
2.92708 3.45452 4.57353 4.3311 
3.26814 3.80126 5.01312 4.76028 
3.7214 4.66845 5.76552 5.55159 

life 矩阵:
6 2 0 6 
1 6 6 5 
2 6 6 0 
6 1 5 6 

第14轮调度计算开始:
new:18.6547 old:17.7154
last cost 矩阵:
4.4533 5.78422 7.02109 6.75794 
2.93358 3.45452 4.562 4.3311 
3.26814 3.35414 5.01312 0 
3.7214 4.66845 5.76552 5.34592 

life 矩阵:
6 1 6 5 
6 5 6 4 
1 6 5 0 
5 0 4 6 

第15轮调度计算开始:
new:16.7985 old:17.1016
last cost 矩阵:
4.49314 5.78422 7.02109 6.75794 
2.93358 3.45452 4.56384 4.31133 
3.26814 2.62051 5.01627 0 
3.7214 2.97777 5.76552 5.42416 

life 矩阵:
6 0 5 4 
5 4 6 6 
0 6 6 0 
4 6 3 6 

第16轮调度计算开始:
new:16.6575 old:16.8174
last cost 矩阵:
4.45203 3.62993 7.02109 6.75794 
2.93358 3.45452 4.56384 4.36228 
0 2.62051 5.01627 4.79034 
3.67337 2.98684 5.76552 5.42416 

life 矩阵:
6 6 4 3 
4 3 6 6 
0 5 6 6 
6 6 2 5 

0 1 2 3 
18.5311
0 1 2 3 
18.5923
0 1 2 3 
18.533
0 1 2 3 
18.0644
0 1 2 3 
18.1265
0 1 2 3 
18.7567
0 1 2 3 
18.5853
0 1 2 3 
18.6285
0 1 2 3 
18.7524
0 2 1 3 
18.6509
0 2 1 3 
18.5372
0 2 1 3 
18.6663
0 2 1 3 
18.4383
0 2 1 3 
17.7154
0 3 2 1 
16.7985
1 2 3 0 
16.6575
last cost 矩阵:
4.45203 3.62993 7.02109 6.75794 
2.93358 3.45452 4.56384 4.36228 
0 2.62051 5.01627 4.79034 
3.67337 2.98684 5.76552 5.42416 

life 矩阵:
6 6 4 3 
4 3 6 6 
0 5 6 6 
6 6 2 5 

0.003069
292.034
