./localsearch ../../shell/data/matrix16-1-1 16 31
10 11 15 13 0 2 14 12 7 3 8 5 9 6 1 4 
1.57
0 2 14 12 10 11 15 13 9 6 1 4 7 3 8 5 
1.41248
0 2 14 12 10 11 15 13 9 1 6 4 7 3 8 5 
1.42335
2 0 12 14 11 10 13 15 1 9 4 6 3 7 5 8 
1.34846
2 0 12 14 1 10 13 15 11 9 4 6 3 7 5 8 
1.38407
2 0 12 14 1 10 13 15 11 9 4 8 3 7 5 6 
1.36705
2 0 12 14 1 13 10 15 11 9 4 8 3 7 5 6 
1.37008
2 0 12 14 1 13 10 15 11 9 4 8 7 3 6 5 
1.28264
2 0 12 14 1 13 4 15 11 9 10 8 7 3 6 5 
1.29535
1 0 4 14 2 13 12 15 11 3 6 8 7 9 10 5 
1.45757
1 0 4 14 2 13 12 15 11 3 6 8 7 9 10 5 
1.2821
1 0 14 4 2 13 12 15 11 3 6 8 7 9 10 5 
1.27076
1 0 14 4 11 13 12 15 2 3 6 8 7 9 10 5 
1.29492
1 0 14 4 11 13 12 15 2 9 10 8 7 3 6 5 
1.28736
1 0 14 4 11 13 12 15 2 9 10 8 7 3 6 5 
1.31305
1 0 14 4 11 13 12 15 2 9 10 8 7 3 6 5 
1.30046
1 0 14 4 2 13 12 15 11 9 10 8 7 3 6 5 
1.29198
1 0 14 4 2 13 12 15 11 9 10 8 7 3 6 5 
1.31926
1 0 14 4 2 13 12 15 11 9 10 8 7 3 6 5 
1.34799
1 0 4 14 2 13 12 15 11 9 10 8 7 3 6 5 
1.29439
1 0 4 14 11 13 12 15 2 9 10 8 7 3 6 5 
1.32255
1 0 4 14 11 13 12 15 2 9 10 8 7 3 6 5 
1.2857
1 0 4 14 11 12 13 15 2 9 10 8 7 3 6 5 
1.30751
1 0 14 4 11 12 13 15 2 9 10 8 7 3 6 5 
1.29747
1 0 14 4 2 12 13 15 11 9 10 8 7 3 6 5 
1.30591
1 0 14 4 2 12 13 15 11 9 10 8 7 3 6 5 
1.28126
1 0 14 4 2 12 13 15 11 9 10 8 7 3 6 5 
1.29044
1 0 14 4 2 12 13 15 11 9 10 8 7 3 6 5 
1.29571
1 0 14 4 11 12 13 15 2 9 10 8 7 3 6 5 
1.28794
1 0 14 4 11 12 13 15 2 9 10 8 7 3 6 5 
1.27417
1 0 14 4 11 12 13 15 2 9 10 8 7 3 6 5 
1.29735
0.158557
41.3667
