6 5 7 3 15 13 2 9 1 10 8 4 0 12 11 14 
15 13 2 9 6 5 7 3 0 12 11 14 1 10 8 4 
15 2 13 9 6 7 5 3 0 11 12 14 1 8 10 4 
2 15 9 13 7 6 3 5 11 0 14 12 8 1 4 10 
2 15 9 13 7 6 3 5 11 0 14 12 8 1 4 10 
7 15 3 13 2 6 9 5 11 0 14 10 8 1 4 12 
7 15 3 13 2 9 6 5 11 0 14 10 8 1 4 12 
15 7 13 3 9 2 5 6 0 11 10 14 1 8 12 4 
15 7 13 3 0 2 10 6 9 11 5 14 1 8 12 4 
0 2 10 6 15 7 13 3 1 8 12 4 9 11 5 14 
0 2 10 6 15 13 7 3 1 8 12 4 9 11 5 14 
2 0 6 10 13 15 3 7 8 1 4 12 11 9 14 5 
2 0 6 10 8 15 4 7 13 1 3 12 11 9 14 5 
8 15 4 7 2 0 6 10 11 9 14 5 13 1 3 12 
8 15 4 7 2 0 6 10 11 14 9 5 13 1 3 12 
15 8 7 4 0 2 10 6 14 11 5 9 1 13 12 3 
15 8 7 4 0 2 10 6 14 11 5 9 1 13 12 3 
15 8 7 4 0 2 10 6 14 11 5 9 1 13 12 3 
15 8 7 4 0 2 10 6 14 11 5 9 1 12 13 3 
8 15 7 4 0 2 10 6 14 11 5 9 12 1 13 3 
8 15 7 4 0 2 10 6 14 11 5 9 12 1 13 3 
8 15 7 4 0 2 10 6 12 1 5 9 14 11 13 3 
8 15 7 4 0 2 10 6 12 1 5 9 14 11 13 3 
15 8 7 4 0 2 10 6 12 1 5 9 11 14 13 3 
15 8 7 4 12 2 10 6 0 1 5 9 11 14 13 3 
15 8 7 4 12 2 10 6 0 1 5 9 11 14 13 3 
15 8 7 4 12 2 10 6 0 1 5 9 11 14 13 3 
15 8 4 7 2 12 10 6 0 1 5 9 14 11 13 3 
15 8 4 7 2 12 10 6 0 1 5 9 14 11 13 3 
15 8 4 7 2 12 10 6 0 1 5 9 14 11 13 3 
15 8 4 7 2 10 12 6 0 1 5 9 14 11 13 3 
31.4039
