hungarian	36.863310
local	36.98813	36.9377	37.0585
deny_prob	36.98686	36.9417	37.1174
hungarian	44.954877
local	46.92382	45.0681	48.3643
deny_prob	45.13674	45.0376	45.2858
hungarian	26.089572
local	26.13960	26.0993	26.1844
deny_prob	26.12345	26.0976	26.1712
hungarian	44.007663
local	46.22217	44.3538	47.6383
deny_prob	44.38885	44.0592	45.1924
hungarian	28.690182
local	28.72771	28.7135	28.7512
deny_prob	28.75986	28.7057	28.9014
hungarian	40.590026
local	40.68466	40.6271	40.7808
deny_prob	40.71735	40.619	40.8294
hungarian	26.614601
local	26.70083	26.6459	26.8202
deny_prob	26.65837	26.6236	26.7087
