loop 0
0.0757778 0 0.0145023 0.0373347 0.0193218 0.00459676 0.0569945 0.0237005 0.16288 0.0273351 0.0183059 0.1634 0.107668 0.156801 0.204148 0.193132 
0.199687 0.0713325 0.0940248 0.13129 0.0995925 0.0827768 0.161191 0.107945 0.339973 0.117658 0.102262 0.33916 0.246381 0.332549 0.410668 0.393725 
0.12351 0.0279645 0.0455801 0.0735048 0.0503954 0.0367948 0.0951327 0.0556706 0.226333 0.0638911 0.0517998 0.224897 0.158901 0.220426 0.27918 0.266102 
0.220526 0.0975179 0.121103 0.15617 0.12807 0.110461 0.183973 0.13518 0.353384 0.144228 0.129842 0.350756 0.266923 0.346795 0.421855 0.403325 
0.613957 0.342421 0.390754 0.472845 0.414502 0.3735 0.537544 0.420816 0.873532 0.440746 0.411164 0.875258 0.700622 0.866169 1 0.976148 
0.222209 0.0890917 0.113798 0.153373 0.119687 0.102127 0.183118 0.128451 0.365801 0.139018 0.123616 0.364912 0.271151 0.357698 0.43823 0.418491 
0.12351 0.0279645 0.0455801 0.0735048 0.0503954 0.0367948 0.0951327 0.0556706 0.226333 0.0638911 0.0517998 0.224897 0.158901 0.220426 0.27918 0.266102 
0.122391 0.0314177 0.0488277 0.0749423 0.0529702 0.0401343 0.0951637 0.0579576 0.218566 0.065757 0.0563486 0.218152 0.156029 0.216342 0.269317 0.25726 
0.122391 0.0314177 0.0488277 0.0749423 0.0529702 0.0401343 0.0951637 0.0579576 0.218566 0.065757 0.0563486 0.218152 0.156029 0.216342 0.269317 0.25726 
0.224627 0.0955853 0.116576 0.157129 0.121879 0.105766 0.187323 0.134334 0.366959 0.137758 0.128964 0.357609 0.268163 0.351438 0.434019 0.415003 
0.222209 0.0890917 0.113798 0.153373 0.119687 0.102127 0.183118 0.128451 0.365801 0.139018 0.123616 0.364912 0.271151 0.357698 0.43823 0.418491 
0.224627 0.0955853 0.116576 0.157129 0.121879 0.105766 0.187323 0.134334 0.366959 0.137758 0.128964 0.357609 0.268163 0.351438 0.434019 0.415003 
0.613957 0.342421 0.390754 0.472845 0.414502 0.3735 0.537544 0.420816 0.873532 0.440746 0.411164 0.875258 0.700622 0.866169 1 0.976148 
0.10699 0.0175184 0.0345207 0.0612254 0.0388627 0.0258557 0.080371 0.0432192 0.206227 0.0517528 0.040263 0.204818 0.140422 0.200461 0.252601 0.240797 
0.613962 0.342424 0.390759 0.472856 0.414507 0.373495 0.537544 0.420816 0.873532 0.440746 0.411169 0.875258 0.700627 0.866143 1 0.976158 
0.613962 0.342424 0.390759 0.472856 0.414507 0.373495 0.537544 0.420816 0.873532 0.440746 0.411169 0.875258 0.700627 0.866143 1 0.976158 
loop 16
0.0809469 0 0.0123758 0.0353233 0.0171961 0.00243149 0.0550452 0.0216281 0.168997 0.0252472 0.0161674 0.16951 0.113234 0.162812 0.210622 0.197901 
0.147247 0.0348403 0.0571536 0.0883273 0.0611828 0.0489685 0.111419 0.0644429 0.259182 0.0736889 0.0665877 0.25979 0.181667 0.25427 0.319928 0.308507 
0.117065 0.0217761 0.0396058 0.0674001 0.0440514 0.0302868 0.0929277 0.0480879 0.223011 0.0581265 0.0497903 0.223622 0.154759 0.21703 0.279172 0.258541 
0.271036 0.128889 0.158868 0.201751 0.163836 0.146979 0.232781 0.169227 0.419892 0.18098 0.170853 0.420825 0.326415 0.421288 0.507766 0.482659 
0.612712 0.338696 0.387484 0.470309 0.411439 0.370063 0.535599 0.417828 0.873537 0.437943 0.408099 0.875221 0.699117 0.867269 1 0.977066 
0.217838 0.0847843 0.108246 0.148377 0.112326 0.0925264 0.180108 0.122969 0.360663 0.132619 0.118079 0.361429 0.26999 0.355295 0.433884 0.412914 
0.117065 0.0217761 0.0396058 0.0674001 0.0440514 0.0302868 0.0929277 0.0480879 0.223011 0.0581265 0.0497903 0.223622 0.154759 0.21703 0.279172 0.258541 
0.105931 0.0189798 0.0364296 0.0641656 0.0406105 0.0269991 0.0822523 0.0451066 0.202176 0.0546434 0.0395146 0.202741 0.142678 0.203117 0.255612 0.244 
0.105931 0.0189798 0.0364296 0.0641656 0.0406105 0.0269991 0.0822523 0.0451066 0.202176 0.0546434 0.0395146 0.202741 0.142678 0.203117 0.255612 0.244 
0.220836 0.0907078 0.111872 0.152795 0.117231 0.100971 0.183223 0.130339 0.364415 0.133803 0.124376 0.354981 0.264756 0.348751 0.43206 0.40689 
0.217838 0.0847843 0.108246 0.148377 0.112326 0.0925264 0.180108 0.122969 0.360663 0.132619 0.118079 0.361429 0.26999 0.355295 0.433884 0.412914 
0.220836 0.0907078 0.111872 0.152795 0.117231 0.100971 0.183223 0.130339 0.364415 0.133803 0.124376 0.354981 0.264756 0.348751 0.43206 0.40689 
0.612712 0.338696 0.387484 0.470309 0.411439 0.370063 0.535599 0.417828 0.873537 0.437943 0.408099 0.875221 0.699117 0.867269 1 0.977066 
0.0974973 0.0104925 0.0214962 0.0487596 0.0258517 0.0189324 0.0737076 0.0365104 0.193709 0.0396496 0.0314333 0.19427 0.134498 0.187875 0.240365 0.228478 
0.612665 0.338696 0.387484 0.470309 0.411439 0.370063 0.535562 0.417797 0.873537 0.437912 0.408099 0.875288 0.699008 0.867201 1 0.977066 
0.612665 0.338696 0.387484 0.470309 0.411439 0.370063 0.535562 0.417797 0.873537 0.437912 0.408099 0.875288 0.699008 0.867201 1 0.977066 
loop 17
0.0735543 0 0.0124325 0.0353935 0.0172799 0.00249066 0.0551511 0.0216876 0.161054 0.0253395 0.0162542 0.161572 0.105578 0.154901 0.202524 0.189862 
0.182321 0.0591149 0.0807703 0.117733 0.0846429 0.0729179 0.147127 0.0943065 0.315571 0.103354 0.0899278 0.308239 0.223422 0.302801 0.376116 0.364774 
0.126254 0.0244622 0.0421086 0.0766954 0.0533653 0.039647 0.0949263 0.0574014 0.231982 0.0674325 0.0522077 0.224439 0.163893 0.226031 0.279496 0.267402 
0.139215 0.0397337 0.0615859 0.0875571 0.0669835 0.0500701 0.109946 0.0722093 0.247943 0.0760761 0.0656811 0.239118 0.17557 0.240355 0.294344 0.280113 
0.614192 0.341319 0.389919 0.472425 0.413782 0.372565 0.537427 0.420115 0.874029 0.440153 0.410455 0.875779 0.700301 0.867857 1 0.977149 
0.213898 0.082187 0.105375 0.145073 0.109417 0.0969264 0.176505 0.119876 0.355389 0.129467 0.115112 0.356137 0.265524 0.35012 0.427923 0.407278 
0.126254 0.0244622 0.0421086 0.0766954 0.0533653 0.039647 0.0949263 0.0574014 0.231982 0.0674325 0.0522077 0.224439 0.163893 0.226031 0.279496 0.267402 
0.13096 0.0357164 0.0532864 0.0815018 0.057432 0.0436181 0.0998557 0.0621782 0.22912 0.0716944 0.0629002 0.229731 0.160901 0.22172 0.282879 0.26312 
0.13096 0.0357164 0.0532864 0.0815018 0.057432 0.0436181 0.0998557 0.0621782 0.22912 0.0716944 0.0629002 0.229731 0.160901 0.22172 0.282879 0.26312 
0.223878 0.0942286 0.115325 0.156054 0.12064 0.104468 0.186384 0.133134 0.366886 0.136566 0.127755 0.357487 0.267623 0.351282 0.434256 0.40925 
0.213898 0.082187 0.105375 0.145073 0.109417 0.0969264 0.176505 0.119876 0.355389 0.129467 0.115112 0.356137 0.265524 0.35012 0.427923 0.407278 
0.223878 0.0942286 0.115325 0.156054 0.12064 0.104468 0.186384 0.133134 0.366886 0.136566 0.127755 0.357487 0.267623 0.351282 0.434256 0.40925 
0.614192 0.341319 0.389919 0.472425 0.413782 0.372565 0.537427 0.420115 0.874029 0.440153 0.410455 0.875779 0.700301 0.867857 1 0.977149 
0.105785 0.0126978 0.0300971 0.0572789 0.0344612 0.0210439 0.0751417 0.0384084 0.201555 0.0481972 0.0400343 0.202127 0.135215 0.195772 0.248001 0.236178 
0.614281 0.341296 0.389893 0.472389 0.413782 0.372539 0.537427 0.420115 0.874029 0.440153 0.410429 0.875779 0.700301 0.86779 1 0.977149 
0.614281 0.341296 0.389893 0.472389 0.413782 0.372539 0.537427 0.420115 0.874029 0.440153 0.410429 0.875779 0.700301 0.86779 1 0.977149 
loop 18
0.0735918 0 0.0124578 0.0354235 0.0172926 0.00250226 0.0551846 0.0217146 0.161142 0.0253673 0.0162802 0.16166 0.105622 0.154987 0.202589 0.18996 
0.143242 0.0398575 0.0553544 0.0924345 0.0657206 0.047384 0.11504 0.0689574 0.267984 0.0780496 0.064525 0.26083 0.18422 0.25542 0.319942 0.308732 
0.121431 0.0262991 0.0441041 0.071875 0.0485375 0.0348083 0.09009 0.0525624 0.219047 0.0626104 0.0473783 0.219643 0.151368 0.213151 0.274725 0.262667 
0.145621 0.0456625 0.0595132 0.093682 0.0648671 0.0560048 0.116229 0.0701514 0.245054 0.0821654 0.0716694 0.245707 0.182091 0.246936 0.300927 0.286693 
0.614289 0.341308 0.389906 0.472434 0.413792 0.372552 0.537436 0.420131 0.874036 0.440164 0.410438 0.87578 0.700254 0.867728 1 0.977153 
0.212298 0.0811359 0.104226 0.143771 0.115409 0.0958104 0.175048 0.118665 0.353408 0.128226 0.113962 0.354155 0.26378 0.348099 0.425738 0.405107 
0.121431 0.0262991 0.0441041 0.071875 0.0485375 0.0348083 0.09009 0.0525624 0.219047 0.0626104 0.0473783 0.219643 0.151368 0.213151 0.274725 0.262667 
0.126863 0.0377005 0.055495 0.0772185 0.0596861 0.0456724 0.102619 0.0645245 0.225486 0.0673325 0.0584874 0.226085 0.164382 0.225836 0.279417 0.267729 
0.126863 0.0377005 0.055495 0.0772185 0.0596861 0.0456724 0.102619 0.0645245 0.225486 0.0673325 0.0584874 0.226085 0.164382 0.225836 0.279417 0.267729 
0.2238 0.094172 0.11526 0.155999 0.120594 0.104407 0.186319 0.133062 0.36681 0.136515 0.127708 0.357416 0.267571 0.351212 0.434168 0.419622 
0.212298 0.0811359 0.104226 0.143771 0.115409 0.0958104 0.175048 0.118665 0.353408 0.128226 0.113962 0.354155 0.26378 0.348099 0.425738 0.405107 
0.2238 0.094172 0.11526 0.155999 0.120594 0.104407 0.186319 0.133062 0.36681 0.136515 0.127708 0.357416 0.267571 0.351212 0.434168 0.419622 
0.614289 0.341308 0.389906 0.472434 0.413792 0.372552 0.537436 0.420131 0.874036 0.440164 0.410438 0.87578 0.700254 0.867728 1 0.977153 
0.115823 0.0161074 0.0334087 0.067239 0.0377311 0.0309662 0.0850788 0.0483517 0.211524 0.0513798 0.0433025 0.212074 0.14519 0.205788 0.266189 0.2543 
0.614201 0.341239 0.389855 0.472336 0.413735 0.372474 0.537399 0.420069 0.874036 0.440107 0.410381 0.87578 0.700306 0.867863 1 0.977231 
0.614201 0.341239 0.389855 0.472336 0.413735 0.372474 0.537399 0.420069 0.874036 0.440107 0.410381 0.87578 0.700306 0.867863 1 0.977231 
loop 19
0.0735839 0 0.0124631 0.0354072 0.0172997 0.00250372 0.0551727 0.0216956 0.161089 0.0253497 0.0162874 0.161608 0.105621 0.154998 0.202535 0.189907 
0.181824 0.0616337 0.0827297 0.118847 0.0864882 0.0687607 0.147487 0.0959689 0.319886 0.104738 0.0916737 0.312713 0.229222 0.307226 0.379318 0.36823 
0.125146 0.0302642 0.0480068 0.0757081 0.0524343 0.0387285 0.0939002 0.0564622 0.230663 0.0664568 0.051257 0.231237 0.162691 0.224646 0.278012 0.265973 
0.13743 0.0383231 0.0600929 0.0859555 0.0654534 0.0486079 0.108278 0.0706929 0.24546 0.0827484 0.0641509 0.246112 0.173643 0.238003 0.30142 0.287207 
0.614091 0.34118 0.389794 0.472272 0.413648 0.372414 0.537292 0.419981 0.874025 0.440045 0.41032 0.875774 0.70013 0.86765 1 0.977148 
0.235553 0.0996894 0.123546 0.164603 0.135171 0.114863 0.197034 0.138673 0.39009 0.148489 0.133583 0.390874 0.288692 0.37557 0.464895 0.443492 
0.125146 0.0302642 0.0480068 0.0757081 0.0524343 0.0387285 0.0939002 0.0564622 0.230663 0.0664568 0.051257 0.231237 0.162691 0.224646 0.278012 0.265973 
0.135993 0.0406409 0.0582584 0.0865027 0.062402 0.0485492 0.104828 0.06714 0.234167 0.0766607 0.0611898 0.234738 0.165911 0.226753 0.287974 0.276269 
0.135993 0.0406409 0.0582584 0.0865027 0.062402 0.0485492 0.104828 0.06714 0.234167 0.0766607 0.0611898 0.234738 0.165911 0.226753 0.287974 0.276269 
0.223851 0.0941971 0.115294 0.156025 0.120609 0.104417 0.186356 0.133104 0.366864 0.136536 0.127725 0.357464 0.267597 0.351259 0.434236 0.40923 
0.235553 0.0996894 0.123546 0.164603 0.135171 0.114863 0.197034 0.138673 0.39009 0.148489 0.133583 0.390874 0.288692 0.37557 0.464895 0.443492 
0.223851 0.0941971 0.115294 0.156025 0.120609 0.104417 0.186356 0.133104 0.366864 0.136536 0.127725 0.357464 0.267597 0.351259 0.434236 0.40923 
0.614091 0.34118 0.389794 0.472272 0.413648 0.372414 0.537292 0.419981 0.874025 0.440045 0.41032 0.875774 0.70013 0.86765 1 0.977148 
0.109607 0.016642 0.0340299 0.0611493 0.038375 0.0249516 0.085996 0.0423084 0.213075 0.0520943 0.0439503 0.205734 0.14643 0.20726 0.259653 0.24782 
0.614132 0.34118 0.389794 0.472308 0.413674 0.372414 0.537292 0.420007 0.873885 0.440045 0.41032 0.875634 0.70013 0.867577 0.999834 0.976993 
0.614132 0.34118 0.389794 0.472308 0.413674 0.372414 0.537292 0.420007 0.873885 0.440045 0.41032 0.875634 0.70013 0.867577 0.999834 0.976993 
loop 20
0.0735543 0 0.0124585 0.0353935 0.0172934 0.0025026 0.0551511 0.0217016 0.161054 0.025354 0.0162811 0.161572 0.105603 0.154933 0.202486 0.189862 
0.176391 0.0565729 0.077664 0.113567 0.0814125 0.0700104 0.142171 0.0907896 0.306203 0.0996003 0.0865812 0.306876 0.223688 0.301457 0.373313 0.354209 
0.118831 0.024511 0.042146 0.0696875 0.0465521 0.0329433 0.0949263 0.0505518 0.223736 0.0604895 0.0522477 0.224298 0.156123 0.217827 0.279328 0.26724 
0.110541 0.019104 0.0410164 0.067146 0.0464618 0.0295676 0.0897249 0.051645 0.209766 0.0557018 0.0452689 0.210398 0.146896 0.202522 0.25626 0.24208 
0.614146 0.341203 0.389815 0.472327 0.413694 0.372436 0.537308 0.420027 0.873962 0.440064 0.410341 0.875706 0.700192 0.867655 0.999917 0.977071 
0.220404 0.0862313 0.109842 0.150258 0.121237 0.101214 0.182302 0.124645 0.364509 0.134351 0.119729 0.365256 0.272964 0.359017 0.438258 0.417146 
0.118831 0.024511 0.042146 0.0696875 0.0465521 0.0329433 0.0949263 0.0505518 0.223736 0.0604895 0.0522477 0.224298 0.156123 0.217827 0.279328 0.26724 
0.125713 0.0315874 0.0490075 0.07682 0.0531546 0.0395167 0.0948977 0.0577258 0.222667 0.0672207 0.0520141 0.223266 0.155301 0.215651 0.276235 0.256533 
0.125713 0.0315874 0.0490075 0.07682 0.0531546 0.0395167 0.0948977 0.0577258 0.222667 0.0672207 0.0520141 0.223266 0.155301 0.215651 0.276235 0.256533 
0.223878 0.0942286 0.115304 0.156054 0.12064 0.104448 0.186384 0.133111 0.366886 0.136566 0.127755 0.357487 0.267623 0.351282 0.434256 0.409188 
0.220404 0.0862313 0.109842 0.150258 0.121237 0.101214 0.182302 0.124645 0.364509 0.134351 0.119729 0.365256 0.272964 0.359017 0.438258 0.417146 
0.223878 0.0942286 0.115304 0.156054 0.12064 0.104448 0.186384 0.133111 0.366886 0.136566 0.127755 0.357487 0.267623 0.351282 0.434256 0.409188 
0.614146 0.341203 0.389815 0.472327 0.413694 0.372436 0.537308 0.420027 0.873962 0.440064 0.410341 0.875706 0.700192 0.867655 0.999917 0.977071 
0.110981 0.0177907 0.0352201 0.062432 0.0395671 0.0261322 0.0803198 0.0435195 0.206794 0.0533425 0.0384645 0.207333 0.140394 0.200984 0.253264 0.241432 
0.614057 0.341156 0.389758 0.472259 0.413642 0.372389 0.537272 0.41997 0.874029 0.440002 0.410283 0.875706 0.70014 0.867655 1 0.977149 
0.614057 0.341156 0.389758 0.472259 0.413642 0.372389 0.537272 0.41997 0.874029 0.440002 0.410283 0.875706 0.70014 0.867655 1 0.977149 
loop 21
0.0735742 0 0.0124514 0.0354053 0.0172973 0.00250055 0.0551569 0.0217036 0.161057 0.0253543 0.0162717 0.161575 0.105567 0.154937 0.202519 0.189859 
0.20356 0.0709833 0.09822 0.13399 0.101922 0.0842905 0.169392 0.111291 0.349157 0.120012 0.107101 0.349837 0.2509 0.344393 0.425247 0.405733 
0.119652 0.0249313 0.0426391 0.0703185 0.0470605 0.0333728 0.0956484 0.0510947 0.224945 0.0610647 0.0527705 0.225553 0.157092 0.218965 0.280711 0.260238 
0.145707 0.0458554 0.0597241 0.0938339 0.0650678 0.05621 0.116309 0.0703242 0.24528 0.0823469 0.0718921 0.245933 0.182245 0.247123 0.301191 0.286947 
0.614018 0.341124 0.389716 0.472201 0.413596 0.372376 0.537201 0.419922 0.873825 0.43995 0.410238 0.875569 0.70009 0.867587 0.999756 0.976915 
0.211834 0.0806793 0.110839 0.143291 0.114909 0.0953375 0.174613 0.125459 0.361265 0.135055 0.120614 0.353411 0.263217 0.34744 0.424936 0.413128 
0.119652 0.0249313 0.0426391 0.0703185 0.0470605 0.0333728 0.0956484 0.0510947 0.224945 0.0610647 0.0527705 0.225553 0.157092 0.218965 0.280711 0.260238 
0.125756 0.0309989 0.0485007 0.0765595 0.0526522 0.0454152 0.0947998 0.0573419 0.223456 0.0668334 0.0581105 0.224004 0.155612 0.216181 0.277107 0.257359 
0.125756 0.0309989 0.0485007 0.0765595 0.0526522 0.0454152 0.0947998 0.0573419 0.223456 0.0668334 0.0581105 0.224004 0.155612 0.216181 0.277107 0.257359 
0.223798 0.0941884 0.115273 0.156006 0.120607 0.104422 0.186322 0.133073 0.366735 0.136502 0.12772 0.357343 0.267523 0.351141 0.434075 0.419595 
0.211834 0.0806793 0.110839 0.143291 0.114909 0.0953375 0.174613 0.125459 0.361265 0.135055 0.120614 0.353411 0.263217 0.34744 0.424936 0.413128 
0.223798 0.0941884 0.115273 0.156006 0.120607 0.104422 0.186322 0.133073 0.366735 0.136502 0.12772 0.357343 0.267523 0.351141 0.434075 0.419595 
0.614018 0.341124 0.389716 0.472201 0.413596 0.372376 0.537201 0.419922 0.873825 0.43995 0.410238 0.875569 0.70009 0.867587 0.999756 0.976915 
0.104292 0.0181671 0.0356269 0.0628708 0.0400047 0.0265324 0.0807587 0.0439319 0.207461 0.0537784 0.0388836 0.208045 0.14098 0.201682 0.25399 0.242131 
0.614195 0.34131 0.389908 0.472398 0.413793 0.372527 0.537393 0.420099 0.874033 0.440132 0.41044 0.875782 0.700199 0.867722 1 0.977154 
0.614195 0.34131 0.389908 0.472398 0.413793 0.372527 0.537393 0.420099 0.874033 0.440132 0.41044 0.875782 0.700199 0.867722 1 0.977154 
loop 22
0.0735375 0 0.0124717 0.0353792 0.0173073 0.00249049 0.0551355 0.0217023 0.160999 0.0253555 0.0162951 0.161517 0.105559 0.154911 0.202461 0.189837 
0.179812 0.0588972 0.0801873 0.116409 0.0904721 0.0724277 0.145274 0.0934241 0.318632 0.102273 0.0891796 0.311403 0.227495 0.305982 0.378446 0.367271 
0.119561 0.0250347 0.0427105 0.0703042 0.0471169 0.0334882 0.0956145 0.0511153 0.224693 0.0610897 0.0528308 0.225302 0.156959 0.218764 0.272021 0.259961 
0.117901 0.0260505 0.040151 0.0661366 0.0455768 0.028744 0.0885858 0.0507545 0.208146 0.0547934 0.0443835 0.208744 0.145578 0.210173 0.264037 0.249796 
0.614228 0.341285 0.389913 0.472413 0.413769 0.372529 0.537416 0.420107 0.874032 0.440143 0.410416 0.875776 0.700295 0.867788 1 0.977156 
0.215212 0.0829581 0.106203 0.146088 0.110267 0.0977375 0.177674 0.120804 0.357223 0.130444 0.115985 0.357969 0.258918 0.343261 0.430021 0.409196 
0.119561 0.0250347 0.0427105 0.0703042 0.0471169 0.0334882 0.0956145 0.0511153 0.224693 0.0610897 0.0528308 0.225302 0.156959 0.218764 0.272021 0.259961 
0.137014 0.0409592 0.0586823 0.0871895 0.0628379 0.0488646 0.10568 0.0677084 0.236035 0.0772354 0.0683562 0.236606 0.167203 0.228381 0.290002 0.270106 
0.137014 0.0409592 0.0586823 0.0871895 0.0628379 0.0488646 0.10568 0.0677084 0.236035 0.0772354 0.0683562 0.236606 0.167203 0.228381 0.290002 0.270106 
0.223851 0.0942105 0.115285 0.156032 0.12062 0.104429 0.18636 0.13309 0.366793 0.136545 0.127735 0.357397 0.267552 0.351247 0.434148 0.409149 
0.215212 0.0829581 0.106203 0.146088 0.110267 0.0977375 0.177674 0.120804 0.357223 0.130444 0.115985 0.357969 0.258918 0.343261 0.430021 0.409196 
0.223851 0.0942105 0.115285 0.156032 0.12062 0.104429 0.18636 0.13309 0.366793 0.136545 0.127735 0.357397 0.267552 0.351247 0.434148 0.409149 
0.614228 0.341285 0.389913 0.472413 0.413769 0.372529 0.537416 0.420107 0.874032 0.440143 0.410416 0.875776 0.700295 0.867788 1 0.977156 
0.10588 0.0126699 0.0301179 0.0573057 0.0344651 0.021014 0.082181 0.0384126 0.201662 0.048222 0.0400384 0.202233 0.135294 0.195876 0.248129 0.2363 
0.614228 0.341285 0.389881 0.472382 0.413743 0.372529 0.537416 0.420076 0.87396 0.440112 0.410416 0.875709 0.700295 0.867788 0.999922 0.977073 
0.614228 0.341285 0.389881 0.472382 0.413743 0.372529 0.537416 0.420076 0.87396 0.440112 0.410416 0.875709 0.700295 0.867788 0.999922 0.977073 
loop 23
0.0735243 0 0.0124534 0.0353798 0.0172866 0.00248901 0.0551294 0.0216931 0.160985 0.0253438 0.0162744 0.161504 0.105535 0.154867 0.202436 0.18978 
0.20467 0.0730535 0.0936181 0.13558 0.103697 0.0862413 0.163845 0.113047 0.349102 0.121661 0.102336 0.341899 0.251565 0.336495 0.416258 0.397129 
0.119192 0.0247728 0.0424404 0.0699909 0.046836 0.0332209 0.0952708 0.0508236 0.224184 0.0607766 0.0525397 0.224793 0.156545 0.218267 0.271415 0.259432 
0.137885 0.0385244 0.0603307 0.0862242 0.0656804 0.0488049 0.108594 0.0709761 0.246318 0.0830287 0.0643946 0.246971 0.174168 0.238731 0.302386 0.288092 
0.614294 0.341318 0.389914 0.472443 0.413802 0.372561 0.53748 0.420135 0.873966 0.440172 0.410449 0.87571 0.700311 0.867794 0.999917 0.977072 
0.217094 0.0857202 0.108847 0.148501 0.120064 0.100415 0.179795 0.123374 0.36683 0.132897 0.11858 0.358966 0.268527 0.35287 0.439461 0.418718 
0.119192 0.0247728 0.0424404 0.0699909 0.046836 0.0332209 0.0952708 0.0508236 0.224184 0.0607766 0.0525397 0.224793 0.156545 0.218267 0.271415 0.259432 
0.136541 0.0408068 0.0584817 0.0868616 0.0626297 0.0487213 0.10528 0.0674442 0.235206 0.0769533 0.0681403 0.235777 0.166612 0.235569 0.289071 0.277389 
0.136541 0.0408068 0.0584817 0.0868616 0.0626297 0.0487213 0.10528 0.0674442 0.235206 0.0769533 0.0681403 0.235777 0.166612 0.235569 0.289071 0.277389 
0.22387 0.094241 0.115335 0.156057 0.120648 0.104459 0.186382 0.133676 0.366851 0.137124 0.127763 0.357455 0.267607 0.351251 0.434208 0.419725 
0.217094 0.0857202 0.108847 0.148501 0.120064 0.100415 0.179795 0.123374 0.36683 0.132897 0.11858 0.358966 0.268527 0.35287 0.439461 0.418718 
0.22387 0.094241 0.115335 0.156057 0.120648 0.104459 0.186382 0.133676 0.366851 0.137124 0.127763 0.357455 0.267607 0.351251 0.434208 0.419725 
0.614294 0.341318 0.389914 0.472443 0.413802 0.372561 0.53748 0.420135 0.873966 0.440172 0.410449 0.87571 0.700311 0.867794 0.999917 0.977072 
0.111654 0.0182168 0.0357048 0.0629469 0.0400671 0.0265875 0.0808953 0.0440163 0.215698 0.0538696 0.0456966 0.208258 0.148653 0.201935 0.262567 0.250623 
0.614294 0.341342 0.389914 0.472407 0.413802 0.372587 0.537443 0.420135 0.874106 0.440172 0.410449 0.875783 0.700311 0.867862 1 0.977233 
0.614294 0.341342 0.389914 0.472407 0.413802 0.372587 0.537443 0.420135 0.874106 0.440172 0.410449 0.875783 0.700311 0.867862 1 0.977233 
loop 24
0.0735397 0 0.012449 0.0353835 0.0172807 0.00248772 0.0551467 0.0216852 0.160992 0.025335 0.0162686 0.161511 0.105547 0.154874 0.202439 0.19823 
0.187013 0.0652476 0.0866749 0.123203 0.0904732 0.0724643 0.15222 0.0999642 0.318755 0.108864 0.0957289 0.319439 0.227549 0.313917 0.386851 0.367403 
0.120341 0.0255577 0.0432998 0.070956 0.0477038 0.0340439 0.0890998 0.051719 0.225683 0.0617073 0.0465645 0.218176 0.157804 0.219735 0.273062 0.261018 
0.126743 0.035546 0.0494498 0.0751804 0.0548286 0.0380711 0.0975081 0.0600023 0.22524 0.0720542 0.0535876 0.225884 0.162937 0.227349 0.280991 0.26678 
0.614208 0.341307 0.389898 0.472382 0.413783 0.372546 0.537412 0.420116 0.874041 0.44015 0.41043 0.875718 0.700155 0.867662 1 0.977157 
0.240241 0.0958861 0.127309 0.160961 0.131506 0.111115 0.193421 0.142429 0.387209 0.15236 0.137443 0.38806 0.285436 0.381598 0.462391 0.440893 
0.120341 0.0255577 0.0432998 0.070956 0.0477038 0.0340439 0.0890998 0.051719 0.225683 0.0617073 0.0465645 0.218176 0.157804 0.219735 0.273062 0.261018 
0.144847 0.0495682 0.0671483 0.0953972 0.0712726 0.0574133 0.113697 0.0760529 0.250871 0.0855574 0.0767904 0.251477 0.182221 0.243339 0.30482 0.293158 
0.144847 0.0495682 0.0671483 0.0953972 0.0712726 0.0574133 0.113697 0.0760529 0.250871 0.0855574 0.0767904 0.251477 0.182221 0.243339 0.30482 0.293158 
0.22387 0.0942543 0.115346 0.15609 0.12068 0.104491 0.186416 0.13315 0.366837 0.136581 0.127795 0.357441 0.267602 0.351238 0.434187 0.419706 
0.240241 0.0958861 0.127309 0.160961 0.131506 0.111115 0.193421 0.142429 0.387209 0.15236 0.137443 0.38806 0.285436 0.381598 0.462391 0.440893 
0.22387 0.0942543 0.115346 0.15609 0.12068 0.104491 0.186416 0.13315 0.366837 0.136581 0.127795 0.357441 0.267602 0.351238 0.434187 0.419706 
0.614208 0.341307 0.389898 0.472382 0.413783 0.372546 0.537412 0.420116 0.874041 0.44015 0.41043 0.875718 0.700155 0.867662 1 0.977157 
0.105032 0.0186307 0.0361756 0.0634897 0.0405531 0.027012 0.0814041 0.0444983 0.208439 0.0475694 0.039432 0.208978 0.141828 0.202683 0.255035 0.243187 
0.61412 0.341214 0.38982 0.472284 0.413669 0.372442 0.537293 0.420001 0.873828 0.440031 0.410316 0.875577 0.700103 0.867522 0.999756 0.976919 
0.61412 0.341214 0.38982 0.472284 0.413669 0.372442 0.537293 0.420001 0.873828 0.440031 0.410316 0.875577 0.700103 0.867522 0.999756 0.976919 
loop 25
0.0735018 0 0.0124371 0.035376 0.0172727 0.00249178 0.0551182 0.0216676 0.16096 0.0253201 0.0162469 0.161478 0.105522 0.15484 0.20242 0.189797 
0.193875 0.0691116 0.0897482 0.13178 0.0997989 0.0823331 0.16005 0.102693 0.337789 0.117832 0.0985048 0.338459 0.240604 0.325191 0.404677 0.385631 
0.114892 0.0202063 0.037915 0.0655577 0.0423182 0.0353895 0.0908799 0.0532125 0.220231 0.0563179 0.0480068 0.220827 0.152364 0.214265 0.267647 0.255554 
0.15666 0.0567591 0.0705408 0.104861 0.0758695 0.0670486 0.127185 0.0812123 0.265541 0.0932653 0.0827302 0.26624 0.193024 0.26735 0.321616 0.307384 
0.614091 0.34118 0.389794 0.472272 0.413648 0.372414 0.537292 0.419981 0.873957 0.440014 0.410294 0.875634 0.700182 0.86765 0.999917 0.97707 
0.210403 0.0851821 0.108643 0.141299 0.112744 0.0929886 0.172825 0.123257 0.352597 0.132959 0.118498 0.353332 0.262234 0.347248 0.42552 0.404688 
0.114892 0.0202063 0.037915 0.0655577 0.0423182 0.0353895 0.0908799 0.0532125 0.220231 0.0563179 0.0480068 0.220827 0.152364 0.214265 0.267647 0.255554 
0.116025 0.0221348 0.0395233 0.067236 0.0436674 0.0300774 0.0853186 0.0482092 0.205156 0.0576702 0.0491021 0.205672 0.145659 0.205906 0.25836 0.246799 
0.116025 0.0221348 0.0395233 0.067236 0.0436674 0.0300774 0.0853186 0.0482092 0.205156 0.0576702 0.0491021 0.205672 0.145659 0.205906 0.25836 0.246799 
0.223851 0.0941971 0.115294 0.156051 0.120631 0.104437 0.186386 0.133104 0.366864 0.136536 0.127748 0.357464 0.267597 0.351259 0.434236 0.40923 
0.210403 0.0851821 0.108643 0.141299 0.112744 0.0929886 0.172825 0.123257 0.352597 0.132959 0.118498 0.353332 0.262234 0.347248 0.42552 0.404688 
0.223851 0.0941971 0.115294 0.156051 0.120631 0.104437 0.186386 0.133104 0.366864 0.136536 0.127748 0.357464 0.267597 0.351259 0.434236 0.40923 
0.614091 0.34118 0.389794 0.472272 0.413648 0.372414 0.537292 0.419981 0.873957 0.440014 0.410294 0.875634 0.700182 0.86765 0.999917 0.97707 
0.105754 0.0126333 0.0300457 0.0572035 0.0344094 0.0209933 0.0820922 0.0383563 0.20144 0.0481438 0.0399822 0.202011 0.142612 0.195701 0.247871 0.236052 
0.614091 0.34118 0.389794 0.472272 0.413648 0.372414 0.537292 0.419981 0.874025 0.440014 0.410294 0.875702 0.70013 0.86765 1 0.977148 
0.614091 0.34118 0.389794 0.472272 0.413648 0.372414 0.537292 0.419981 0.874025 0.440014 0.410294 0.875702 0.70013 0.86765 1 0.977148 
loop 26
0.0799285 0 0.0191306 0.041967 0.0239576 0.0092445 0.0616216 0.0283328 0.166956 0.0319576 0.022938 0.167471 0.111762 0.160864 0.20816 0.195597 
0.178147 0.0636831 0.0850758 0.11481 0.0888775 0.0709357 0.143626 0.098385 0.308969 0.10731 0.0941115 0.309616 0.225768 0.304194 0.37661 0.357305 
0.119978 0.0261625 0.0437041 0.0710781 0.0480793 0.0412124 0.0961642 0.0588679 0.224358 0.0619352 0.0537134 0.22495 0.1571 0.218496 0.271342 0.259372 
0.123485 0.03225 0.0462261 0.0720374 0.0516091 0.0349191 0.0943307 0.056775 0.213055 0.0607809 0.0504239 0.213649 0.15098 0.215068 0.268567 0.254431 
0.616624 0.34548 0.393769 0.475739 0.417468 0.376512 0.540333 0.423786 0.874856 0.44369 0.414162 0.876522 0.702153 0.868589 1 0.977301 
0.229388 0.0984867 0.121533 0.161037 0.125563 0.106117 0.192234 0.135946 0.378668 0.145482 0.131259 0.370813 0.280741 0.364814 0.451127 0.430362 
0.119978 0.0261625 0.0437041 0.0710781 0.0480793 0.0412124 0.0961642 0.0588679 0.224358 0.0619352 0.0537134 0.22495 0.1571 0.218496 0.271342 0.259372 
0.136265 0.0476465 0.0653124 0.0937545 0.0694323 0.0555083 0.112194 0.0743098 0.242249 0.083806 0.0682517 0.234924 0.173589 0.23457 0.287818 0.276192 
0.136265 0.0476465 0.0653124 0.0937545 0.0694323 0.0555083 0.112194 0.0743098 0.242249 0.083806 0.0682517 0.234924 0.173589 0.23457 0.287818 0.276192 
0.228922 0.100105 0.121061 0.161518 0.12634 0.110256 0.191675 0.138751 0.370988 0.142159 0.133408 0.361652 0.272338 0.355488 0.437913 0.423462 
0.229388 0.0984867 0.121533 0.161037 0.125563 0.106117 0.192234 0.135946 0.378668 0.145482 0.131259 0.370813 0.280741 0.364814 0.451127 0.430362 
0.228922 0.100105 0.121061 0.161518 0.12634 0.110256 0.191675 0.138751 0.370988 0.142159 0.133408 0.361652 0.272338 0.355488 0.437913 0.423462 
0.616624 0.34548 0.393769 0.475739 0.417468 0.376512 0.540333 0.423786 0.874856 0.44369 0.414162 0.876522 0.702153 0.868589 1 0.977301 
0.111116 0.0187753 0.0360419 0.0629657 0.0403464 0.0270403 0.087649 0.0509304 0.20608 0.0539909 0.0458883 0.206604 0.147668 0.200349 0.260311 0.248471 
0.616712 0.345526 0.393826 0.47577 0.417525 0.376558 0.540369 0.423843 0.874856 0.443752 0.414219 0.876522 0.702205 0.868589 1 0.977301 
0.616712 0.345526 0.393826 0.47577 0.417525 0.376558 0.540369 0.423843 0.874856 0.443752 0.414219 0.876522 0.702205 0.868589 1 0.977301 
loop 27
0.0809913 0 0.0123724 0.0353464 0.0172055 0.00243039 0.0550678 0.0216369 0.169085 0.0252554 0.0161628 0.169598 0.113308 0.162933 0.210721 0.197997 
0.17226 0.0535468 0.0743463 0.110048 0.0780534 0.0605581 0.138383 0.0873784 0.308767 0.0960572 0.0831627 0.301627 0.219127 0.296258 0.367437 0.356504 
0.123068 0.0208678 0.038597 0.0662422 0.0430081 0.0293283 0.0916097 0.0539324 0.229147 0.0570178 0.0487318 0.221571 0.153093 0.215022 0.276878 0.264729 
0.135261 0.0355492 0.0574638 0.0834884 0.062866 0.0459059 0.10596 0.0681463 0.244168 0.0720128 0.0615586 0.244824 0.171711 0.236608 0.290655 0.276407 
0.612586 0.338619 0.387395 0.470223 0.411365 0.369974 0.535454 0.417722 0.873327 0.437837 0.407999 0.875083 0.698911 0.866996 0.999755 0.976827 
0.210898 0.078662 0.101921 0.141748 0.10601 0.0934648 0.173307 0.116483 0.352987 0.126114 0.11173 0.353737 0.254615 0.347695 0.425914 0.405096 
0.123068 0.0208678 0.038597 0.0662422 0.0430081 0.0293283 0.0916097 0.0539324 0.229147 0.0570178 0.0487318 0.221571 0.153093 0.215022 0.276878 0.264729 
0.138482 0.0420196 0.0598098 0.0884383 0.0639953 0.0499481 0.106972 0.0688467 0.237774 0.0784494 0.0627665 0.238412 0.168725 0.238093 0.291988 0.28023 
0.138482 0.0420196 0.0598098 0.0884383 0.0639953 0.0499481 0.106972 0.0688467 0.237774 0.0784494 0.0627665 0.238412 0.168725 0.238093 0.291988 0.28023 
0.220785 0.0906733 0.11183 0.152736 0.117186 0.100932 0.183182 0.129705 0.36432 0.133149 0.124329 0.354888 0.264692 0.34866 0.431938 0.417399 
0.210898 0.078662 0.101921 0.141748 0.10601 0.0934648 0.173307 0.116483 0.352987 0.126114 0.11173 0.353737 0.254615 0.347695 0.425914 0.405096 
0.220785 0.0906733 0.11183 0.152736 0.117186 0.100932 0.183182 0.129705 0.36432 0.133149 0.124329 0.354888 0.264692 0.34866 0.431938 0.417399 
0.612586 0.338619 0.387395 0.470223 0.411365 0.369974 0.535454 0.417722 0.873327 0.437837 0.407999 0.875083 0.698911 0.866996 0.999755 0.976827 
0.10746 0.0137371 0.0312569 0.0586003 0.0356331 0.0221122 0.076587 0.0396147 0.203761 0.049465 0.0345262 0.204302 0.137016 0.197883 0.250372 0.238544 
0.612722 0.338712 0.387499 0.470322 0.41148 0.370079 0.53561 0.417842 0.87354 0.437957 0.408113 0.875224 0.699125 0.867272 1 0.977067 
0.612722 0.338712 0.387499 0.470322 0.41148 0.370079 0.53561 0.417842 0.87354 0.437957 0.408113 0.875224 0.699125 0.867272 1 0.977067 
loop 28
0.0798956 0 0.0191404 0.0419448 0.0239538 0.00924302 0.0615937 0.0283144 0.166865 0.0319525 0.0229477 0.16738 0.11172 0.160807 0.208051 0.195492 
0.167691 0.0522506 0.0738359 0.110543 0.0776999 0.0659316 0.132908 0.0872647 0.291821 0.0962406 0.0829376 0.292491 0.208352 0.287 0.35154 0.34036 
0.131848 0.0307881 0.0483129 0.0826623 0.0526879 0.0458691 0.100741 0.0635012 0.236828 0.0665463 0.0583429 0.229291 0.169185 0.230873 0.283949 0.271996 
0.16832 0.0606356 0.0823884 0.116627 0.0876762 0.0788555 0.138965 0.0930532 0.286406 0.105026 0.0945198 0.277495 0.204616 0.27854 0.342489 0.32822 
0.616748 0.345587 0.393866 0.475859 0.417598 0.376627 0.540437 0.423894 0.874855 0.443799 0.414266 0.876521 0.702252 0.868651 0.999923 0.977305 
0.231907 0.0980377 0.121558 0.161944 0.132947 0.112962 0.193914 0.136387 0.384187 0.146088 0.131409 0.376158 0.28426 0.369959 0.448765 0.436832 
0.131848 0.0307881 0.0483129 0.0826623 0.0526879 0.0458691 0.100741 0.0635012 0.236828 0.0665463 0.0583429 0.229291 0.169185 0.230873 0.283949 0.271996 
0.151028 0.0559217 0.0734631 0.101695 0.0775689 0.0637291 0.119958 0.0823776 0.256806 0.0918413 0.0830599 0.249463 0.188274 0.249195 0.310542 0.298912 
0.151028 0.0559217 0.0734631 0.101695 0.0775689 0.0637291 0.119958 0.0823776 0.256806 0.0918413 0.0830599 0.249463 0.188274 0.249195 0.310542 0.298912 
0.22892 0.100145 0.121083 0.16157 0.126385 0.110299 0.191704 0.138775 0.370985 0.142208 0.133455 0.361648 0.272376 0.355484 0.43791 0.41307 
0.231907 0.0980377 0.121558 0.161944 0.132947 0.112962 0.193914 0.136387 0.384187 0.146088 0.131409 0.376158 0.28426 0.369959 0.448765 0.436832 
0.22892 0.100145 0.121083 0.16157 0.126385 0.110299 0.191704 0.138775 0.370985 0.142208 0.133455 0.361648 0.272376 0.355484 0.43791 0.41307 
0.616748 0.345587 0.393866 0.475859 0.417598 0.376627 0.540437 0.423894 0.874855 0.443799 0.414266 0.876521 0.702252 0.868651 0.999923 0.977305 
0.106131 0.020261 0.0376667 0.0648141 0.0420098 0.0286047 0.0826674 0.0459552 0.201085 0.0490421 0.0409325 0.201641 0.142657 0.195376 0.255308 0.23545 
0.616748 0.345587 0.393866 0.475828 0.417598 0.376627 0.540437 0.423894 0.874855 0.443799 0.414266 0.876521 0.702252 0.868651 1 0.977305 
0.616748 0.345587 0.393866 0.475828 0.417598 0.376627 0.540437 0.423894 0.874855 0.443799 0.414266 0.876521 0.702252 0.868651 1 0.977305 
loop 29
0.0799065 0 0.0191344 0.0419446 0.0239489 0.00923456 0.0615993 0.0283246 0.16687 0.0319499 0.0229428 0.167385 0.11174 0.160811 0.208101 0.195539 
0.154163 0.0477271 0.0688407 0.098406 0.072644 0.0549288 0.120232 0.0756804 0.275454 0.0844245 0.0714677 0.276046 0.193865 0.270607 0.333727 0.314987 
0.132279 0.0375246 0.0552475 0.0829336 0.0596603 0.0459815 0.101076 0.0636961 0.237564 0.0736728 0.0584907 0.238182 0.169741 0.231593 0.284818 0.272778 
0.151762 0.0522812 0.0661245 0.100207 0.0714295 0.062575 0.122457 0.0766973 0.250781 0.0886697 0.0782222 0.251429 0.188014 0.252574 0.306408 0.29227 
0.616735 0.345565 0.393846 0.475811 0.417579 0.376607 0.540423 0.423875 0.874918 0.44375 0.414247 0.876584 0.702191 0.86858 1 0.977382 
0.227963 0.093921 0.117493 0.15789 0.12162 0.108905 0.189921 0.132291 0.371873 0.142002 0.127417 0.372615 0.272212 0.357725 0.445493 0.424443 
0.132279 0.0375246 0.0552475 0.0829336 0.0596603 0.0459815 0.101076 0.0636961 0.237564 0.0736728 0.0584907 0.238182 0.169741 0.231593 0.284818 0.272778 
0.121655 0.0282673 0.0455462 0.073123 0.0496754 0.0425444 0.0911167 0.0542011 0.217983 0.063609 0.0550458 0.210836 0.151073 0.211022 0.263121 0.251638 
0.121655 0.0282673 0.0455462 0.073123 0.0496754 0.0425444 0.0911167 0.0542011 0.217983 0.063609 0.0550458 0.210836 0.151073 0.211022 0.263121 0.251638 
0.228825 0.10006 0.121013 0.161465 0.126291 0.11021 0.191618 0.138701 0.370852 0.142109 0.133359 0.361573 0.272271 0.35541 0.437825 0.423375 
0.227963 0.093921 0.117493 0.15789 0.12162 0.108905 0.189921 0.132291 0.371873 0.142002 0.127417 0.372615 0.272212 0.357725 0.445493 0.424443 
0.228825 0.10006 0.121013 0.161465 0.126291 0.11021 0.191618 0.138701 0.370852 0.142109 0.133359 0.361573 0.272271 0.35541 0.437825 0.423375 
0.616735 0.345565 0.393846 0.475811 0.417579 0.376607 0.540423 0.423875 0.874918 0.44375 0.414247 0.876584 0.702191 0.86858 1 0.977382 
0.111691 0.0191462 0.0364561 0.0634532 0.0407755 0.0274412 0.0881458 0.0446989 0.20685 0.054427 0.0463327 0.207418 0.140913 0.201102 0.253015 0.241263 
0.616735 0.345542 0.393821 0.475811 0.417553 0.376581 0.540423 0.423844 0.874712 0.44375 0.414222 0.876445 0.702134 0.86858 0.99984 0.977222 
0.616735 0.345542 0.393821 0.475811 0.417553 0.376581 0.540423 0.423844 0.874712 0.44375 0.414222 0.876445 0.702134 0.86858 0.99984 0.977222 
loop 30
0.0798846 0 0.0191554 0.0419348 0.0239664 0.00923788 0.0615914 0.0283396 0.166846 0.0319765 0.0229609 0.167361 0.111719 0.16079 0.208056 0.1955 
0.132423 0.0293003 0.0510958 0.075186 0.0550653 0.0430455 0.0976601 0.0583149 0.241712 0.0673574 0.0539422 0.234692 0.166099 0.229225 0.293031 0.274117 
0.126253 0.0320374 0.0496644 0.0771454 0.0540443 0.04046 0.0952128 0.058038 0.231009 0.06797 0.0529119 0.223544 0.163506 0.225093 0.278127 0.266149 
0.161312 0.0621158 0.0757728 0.109847 0.081051 0.072303 0.13211 0.0945693 0.269516 0.0982711 0.0878338 0.270211 0.197527 0.27115 0.325152 0.311007 
0.616769 0.345599 0.393899 0.475857 0.417604 0.376635 0.540463 0.423895 0.87479 0.443799 0.414273 0.876455 0.702269 0.868592 0.999923 0.977224 
0.223216 0.092368 0.115382 0.154823 0.126531 0.106996 0.186064 0.129837 0.372247 0.146615 0.125057 0.373015 0.274449 0.358337 0.444552 0.423879 
0.126253 0.0320374 0.0496644 0.0771454 0.0540443 0.04046 0.0952128 0.058038 0.231009 0.06797 0.0529119 0.223544 0.163506 0.225093 0.278127 0.266149 
0.142663 0.046918 0.0645667 0.0929867 0.0686852 0.0613356 0.111421 0.0735854 0.241375 0.0830342 0.0741578 0.241942 0.180189 0.24153 0.295045 0.283392 
0.142663 0.046918 0.0645667 0.0929867 0.0686852 0.0613356 0.111421 0.0735854 0.241375 0.0830342 0.0741578 0.241942 0.180189 0.24153 0.295045 0.283392 
0.228928 0.100175 0.121111 0.16159 0.126411 0.110327 0.191718 0.138799 0.370963 0.142231 0.133479 0.361629 0.272375 0.355466 0.437874 0.423487 
0.223216 0.092368 0.115382 0.154823 0.126531 0.106996 0.186064 0.129837 0.372247 0.146615 0.125057 0.373015 0.274449 0.358337 0.444552 0.423879 
0.228928 0.100175 0.121111 0.16159 0.126411 0.110327 0.191718 0.138799 0.370963 0.142231 0.133479 0.361629 0.272375 0.355466 0.437874 0.423487 
0.616769 0.345599 0.393899 0.475857 0.417604 0.376635 0.540463 0.423895 0.87479 0.443799 0.414273 0.876455 0.702269 0.868592 0.999923 0.977224 
0.110469 0.024745 0.0421338 0.0624365 0.0464715 0.0330517 0.0870464 0.0503986 0.213107 0.053459 0.0453762 0.205785 0.146981 0.207312 0.259363 0.247613 
0.616681 0.345576 0.393873 0.475821 0.417573 0.376635 0.540385 0.423869 0.874862 0.443768 0.414242 0.876595 0.702109 0.868592 1 0.977306 
0.616681 0.345576 0.393873 0.475821 0.417573 0.376635 0.540385 0.423869 0.874862 0.443768 0.414242 0.876595 0.702109 0.868592 1 0.977306 
loop 31
0.0799075 0 0.0191478 0.0419466 0.0239597 0.00924049 0.061591 0.0283336 0.166864 0.0319567 0.022954 0.167379 0.111728 0.160806 0.208081 0.195523 
0.152653 0.0458445 0.0685009 0.10014 0.0726093 0.0536482 0.123539 0.0758785 0.273392 0.0852495 0.0713932 0.266025 0.194889 0.260473 0.326687 0.315156 
0.125311 0.0313368 0.0489193 0.0763391 0.0532944 0.0397273 0.101525 0.0572836 0.229781 0.0671894 0.0589685 0.230386 0.162492 0.22389 0.285197 0.264816 
0.154665 0.0560484 0.0777352 0.103555 0.0830489 0.0662373 0.125718 0.0883409 0.271839 0.0920867 0.0817131 0.263008 0.19962 0.264126 0.317844 0.30373 
0.616729 0.345555 0.393852 0.475793 0.417551 0.376586 0.540389 0.423843 0.874861 0.443776 0.414245 0.876594 0.702218 0.868662 1 0.97738 
0.218838 0.0878896 0.110908 0.150448 0.122061 0.102505 0.181679 0.125381 0.359427 0.142156 0.120594 0.36017 0.270082 0.354123 0.43145 0.410867 
0.125311 0.0313368 0.0489193 0.0763391 0.0532944 0.0397273 0.101525 0.0572836 0.229781 0.0671894 0.0589685 0.230386 0.162492 0.22389 0.285197 0.264816 
0.145509 0.0504109 0.0679455 0.0961832 0.0787265 0.0647917 0.12149 0.0835935 0.251414 0.0930991 0.077499 0.252004 0.182784 0.251628 0.305099 0.293492 
0.145509 0.0504109 0.0679455 0.0961832 0.0787265 0.0647917 0.12149 0.0835935 0.251414 0.0930991 0.077499 0.252004 0.182784 0.251628 0.305099 0.293492 
0.22899 0.100182 0.121141 0.161607 0.126444 0.110355 0.19177 0.138835 0.371072 0.142245 0.133514 0.361733 0.272452 0.355569 0.438005 0.413162 
0.218838 0.0878896 0.110908 0.150448 0.122061 0.102505 0.181679 0.125381 0.359427 0.142156 0.120594 0.36017 0.270082 0.354123 0.43145 0.410867 
0.22899 0.100182 0.121141 0.161607 0.126444 0.110355 0.19177 0.138835 0.371072 0.142245 0.133514 0.361733 0.272452 0.355569 0.438005 0.413162 
0.616729 0.345555 0.393852 0.475793 0.417551 0.376586 0.540389 0.423843 0.874861 0.443776 0.414245 0.876594 0.702218 0.868662 1 0.97738 
0.116883 0.0242392 0.0415737 0.0685912 0.045893 0.0325436 0.086363 0.0498013 0.212062 0.0595606 0.0447976 0.212597 0.146081 0.206333 0.258186 0.246482 
0.616688 0.345532 0.393827 0.475793 0.417551 0.376586 0.540389 0.423843 0.874861 0.443745 0.414219 0.876594 0.702218 0.868595 1 0.977302 
0.616688 0.345532 0.393827 0.475793 0.417551 0.376586 0.540389 0.423843 0.874861 0.443745 0.414219 0.876594 0.702218 0.868595 1 0.977302 
