loop 0
0.616006 0.345911 0.393987 0.475643 0.41761 0.376825 0.539998 0.42389 0.874203 0.443715 0.414289 0.87592 0.70221 0.866879 1 0.976275 
0.585491 0.35614 0.400885 0.466016 0.415029 0.384376 0.517003 0.423746 0.828922 0.444527 0.421978 0.824425 0.670642 0.825612 0.964489 0.927385 
0.203934 0.0762612 0.0988332 0.1359 0.104371 0.0876449 0.165643 0.11268 0.343476 0.122341 0.107027 0.342667 0.250381 0.336092 0.413796 0.396942 
0.111729 0.0227328 0.0396448 0.0662078 0.0439638 0.0310259 0.0852518 0.0482971 0.21044 0.0567855 0.0453567 0.209039 0.144984 0.204705 0.256567 0.244827 
0.080683 0.00530735 0.0197327 0.0424439 0.0245266 0.00987972 0.0619993 0.0288821 0.167323 0.0324974 0.0235161 0.16784 0.112404 0.161276 0.208371 0.197414 
0.080683 0.00530735 0.0197327 0.0424439 0.0245266 0.00987972 0.0619993 0.0288821 0.167323 0.0324974 0.0235161 0.16784 0.112404 0.161276 0.208371 0.197414 
0.136869 0.037721 0.0546905 0.08515 0.0604646 0.0460346 0.10819 0.0670528 0.244768 0.0744191 0.0630134 0.242909 0.173711 0.238206 0.29804 0.283968 
0.080683 0.00530735 0.0197327 0.0424439 0.0245266 0.00987972 0.0619993 0.0288821 0.167323 0.0324974 0.0235161 0.16784 0.112404 0.161276 0.208371 0.197414 
0.228742 0.100385 0.121265 0.161602 0.12654 0.110512 0.191636 0.138929 0.370318 0.142334 0.133586 0.361019 0.272047 0.35488 0.437023 0.418108 
0.136869 0.037721 0.0546905 0.08515 0.0604646 0.0460346 0.10819 0.0670528 0.244768 0.0744191 0.0630134 0.242909 0.173711 0.238206 0.29804 0.283968 
0.121749 0.0270508 0.0453232 0.0737874 0.0498941 0.035827 0.0934117 0.0548961 0.222594 0.0643066 0.0518169 0.219563 0.155309 0.216125 0.273235 0.259276 
0.128161 0.0331234 0.0506455 0.078422 0.0554353 0.0419068 0.0999351 0.0606825 0.230439 0.0688594 0.0568323 0.22901 0.163365 0.224563 0.283005 0.269997 
0.203934 0.0762612 0.0988332 0.1359 0.104371 0.0876449 0.165643 0.11268 0.343476 0.122341 0.107027 0.342667 0.250381 0.336092 0.413796 0.396942 
0.0815156 0 0.0135074 0.0378305 0.017482 0.00766087 0.0602184 0.0269207 0.167741 0.0297954 0.0225318 0.168233 0.114355 0.162867 0.21005 0.199284 
0.127049 0.0365584 0.0538759 0.0798519 0.0579964 0.0452287 0.099966 0.0629574 0.222714 0.0707154 0.0613568 0.222302 0.160508 0.220501 0.273195 0.261202 
0.228742 0.100385 0.121265 0.161602 0.12654 0.110512 0.191636 0.138929 0.370318 0.142334 0.133586 0.361019 0.272047 0.35488 0.437023 0.418108 
loop 16
0.615624 0.343668 0.392089 0.474291 0.415864 0.374799 0.53909 0.422205 0.874488 0.442168 0.412549 0.876159 0.701379 0.868266 1 0.977238 
0.518619 0.307113 0.345557 0.409115 0.358934 0.332869 0.45996 0.366007 0.737453 0.386084 0.365821 0.738741 0.595707 0.735643 0.859712 0.834447 
0.153658 0.0420957 0.0642413 0.0951807 0.0682402 0.0561178 0.118098 0.0714758 0.264751 0.0806523 0.0736045 0.265355 0.187819 0.259876 0.325041 0.313705 
0.104282 0.017931 0.028852 0.0559104 0.0331747 0.0263074 0.0806709 0.0437533 0.199771 0.0468689 0.0387143 0.200327 0.141004 0.19398 0.246075 0.234278 
0.0878557 0.00751737 0.0198001 0.0425752 0.0245842 0.00993058 0.0621488 0.0289829 0.175244 0.0325748 0.0235632 0.175753 0.1199 0.169106 0.216556 0.20393 
0.0878557 0.00751737 0.0198001 0.0425752 0.0245842 0.00993058 0.0621488 0.0289829 0.175244 0.0325748 0.0235632 0.175753 0.1199 0.169106 0.216556 0.20393 
0.13466 0.031333 0.0545512 0.0807257 0.0587281 0.0457807 0.10481 0.0624932 0.243064 0.0720137 0.0575701 0.235747 0.170416 0.237402 0.296731 0.276988 
0.0878557 0.00751737 0.0198001 0.0425752 0.0245842 0.00993058 0.0621488 0.0289829 0.175244 0.0325748 0.0235632 0.175753 0.1199 0.169106 0.216556 0.20393 
0.226694 0.0975432 0.118548 0.159164 0.123867 0.107729 0.189363 0.136877 0.369193 0.140314 0.130958 0.359829 0.270283 0.353646 0.436329 0.411349 
0.13466 0.031333 0.0545512 0.0807257 0.0587281 0.0457807 0.10481 0.0624932 0.243064 0.0720137 0.0575701 0.235747 0.170416 0.237402 0.296731 0.276988 
0.114488 0.0236367 0.0420766 0.0708133 0.046693 0.0325018 0.0897 0.0508487 0.2148 0.0612447 0.0455619 0.215387 0.153092 0.208833 0.263551 0.25113 
0.123703 0.0291297 0.0468254 0.0744108 0.0512376 0.0375765 0.0997465 0.0552437 0.228852 0.0652069 0.0569334 0.229458 0.161113 0.222915 0.284591 0.264115 
0.153658 0.0420957 0.0642413 0.0951807 0.0682402 0.0561178 0.118098 0.0714758 0.264751 0.0806523 0.0736045 0.265355 0.187819 0.259876 0.325041 0.313705 
0.0783198 0 0.00992645 0.0343885 0.013914 0.00775114 0.0568951 0.0234112 0.165032 0.0263074 0.0189949 0.165535 0.111776 0.160124 0.207621 0.196745 
0.112652 0.0263545 0.0436732 0.0712006 0.0478226 0.0343135 0.0891513 0.0522849 0.208174 0.06175 0.0467349 0.208734 0.149123 0.209108 0.261208 0.249683 
0.226694 0.0975432 0.118548 0.159164 0.123867 0.107729 0.189363 0.136877 0.369193 0.140314 0.130958 0.359829 0.270283 0.353646 0.436329 0.411349 
loop 17
0.571326 0.321319 0.365846 0.441439 0.38771 0.349947 0.500994 0.393512 0.809388 0.41187 0.384661 0.810991 0.650218 0.803733 0.924803 0.903867 
0.6153 0.37338 0.417468 0.485085 0.438918 0.405916 0.541553 0.445443 0.862389 0.463911 0.445291 0.86365 0.697284 0.860187 1 0.96482 
0.175646 0.0627638 0.0826045 0.11647 0.0861525 0.07541 0.1434 0.0950063 0.297729 0.103296 0.0909946 0.291011 0.213302 0.286029 0.3532 0.342808 
0.105523 0.0202364 0.0361776 0.0610816 0.040176 0.0278831 0.0774475 0.0437925 0.193268 0.0527609 0.0452821 0.193791 0.132487 0.187969 0.235822 0.224989 
0.0759931 0.00860269 0.0199934 0.0410302 0.0244345 0.0108846 0.0591321 0.0284729 0.15616 0.0318187 0.0234947 0.156635 0.105333 0.150523 0.194156 0.182554 
0.0759931 0.00860269 0.0199934 0.0410302 0.0244345 0.0108846 0.0591321 0.0284729 0.15616 0.0318187 0.0234947 0.156635 0.105333 0.150523 0.194156 0.182554 
0.132012 0.0373547 0.0586493 0.0826273 0.0624646 0.0506041 0.104702 0.0659118 0.238631 0.0746286 0.0613874 0.231874 0.171687 0.226137 0.288103 0.269811 
0.0759931 0.00860269 0.0199934 0.0410302 0.0244345 0.0108846 0.0591321 0.0284729 0.15616 0.0318187 0.0234947 0.156635 0.105333 0.150523 0.194156 0.182554 
0.213719 0.0949349 0.114263 0.15158 0.119133 0.104317 0.179368 0.13058 0.344744 0.133725 0.125652 0.336132 0.253798 0.330447 0.406468 0.383558 
0.132012 0.0373547 0.0586493 0.0826273 0.0624646 0.0506041 0.104702 0.0659118 0.238631 0.0746286 0.0613874 0.231874 0.171687 0.226137 0.288103 0.269811 
0.114311 0.0309845 0.0479531 0.0742895 0.0521788 0.039114 0.09161 0.0560002 0.213959 0.0655399 0.0511191 0.206874 0.149745 0.20841 0.258888 0.247462 
0.124276 0.031015 0.0471826 0.078871 0.057496 0.0449273 0.0955741 0.0611938 0.221145 0.0703844 0.0564354 0.214234 0.158761 0.215693 0.264677 0.253597 
0.175646 0.0627638 0.0826045 0.11647 0.0861525 0.07541 0.1434 0.0950063 0.297729 0.103296 0.0909946 0.291011 0.213302 0.286029 0.3532 0.342808 
0.0774566 0 0.0145192 0.037038 0.0182056 0.00706126 0.0577562 0.0269314 0.157241 0.0295986 0.0228822 0.157703 0.108223 0.152723 0.196395 0.18643 
0.128588 0.041326 0.0574237 0.0832746 0.0612219 0.0485656 0.10009 0.0655703 0.218523 0.074289 0.0662319 0.219082 0.15602 0.211742 0.267776 0.249673 
0.213719 0.0949349 0.114263 0.15158 0.119133 0.104317 0.179368 0.13058 0.344744 0.133725 0.125652 0.336132 0.253798 0.330447 0.406468 0.383558 
loop 18
0.488623 0.274752 0.312827 0.377485 0.33154 0.29923 0.428411 0.336507 0.692126 0.352202 0.328913 0.693493 0.555974 0.687185 0.790815 0.772915 
0.627692 0.395954 0.444587 0.50765 0.455597 0.425076 0.559862 0.462475 0.86536 0.487387 0.461255 0.856604 0.712377 0.861228 1 0.968255 
0.119573 0.038575 0.0507163 0.0797673 0.0588379 0.0444718 0.097478 0.0613738 0.217304 0.0684973 0.0579012 0.211699 0.151678 0.207461 0.258012 0.249229 
0.0980913 0.0199676 0.0335226 0.0600275 0.0369091 0.031609 0.0740044 0.0452299 0.17307 0.0476024 0.0412741 0.173501 0.1211 0.168576 0.215898 0.206583 
0.0650047 0.00734797 0.0171083 0.0351011 0.0208961 0.00930841 0.0505833 0.0243606 0.133597 0.0272224 0.020103 0.134003 0.0900991 0.128775 0.16607 0.156175 
0.0650047 0.00734797 0.0171083 0.0351011 0.0208961 0.00930841 0.0505833 0.0243606 0.133597 0.0272224 0.020103 0.134003 0.0900991 0.128775 0.16607 0.156175 
0.108766 0.0330289 0.0461386 0.0719537 0.0494001 0.039273 0.0909495 0.0575721 0.199819 0.0597811 0.0537025 0.194053 0.142624 0.19534 0.24204 0.226485 
0.0650047 0.00734797 0.0171083 0.0351011 0.0208961 0.00930841 0.0505833 0.0243606 0.133597 0.0272224 0.020103 0.134003 0.0900991 0.128775 0.16607 0.156175 
0.182688 0.0811287 0.0976504 0.129568 0.10183 0.0891477 0.153323 0.111598 0.294731 0.114303 0.107403 0.287371 0.216981 0.282511 0.347505 0.336108 
0.108766 0.0330289 0.0461386 0.0719537 0.0494001 0.039273 0.0909495 0.0575721 0.199819 0.0597811 0.0537025 0.194053 0.142624 0.19534 0.24204 0.226485 
0.0991451 0.0221041 0.0365275 0.0590156 0.0401332 0.0290356 0.0738035 0.0434053 0.178263 0.051535 0.0447642 0.178735 0.123444 0.17351 0.216656 0.206902 
0.102485 0.0279525 0.0419021 0.0636596 0.0453755 0.0346192 0.0779305 0.0485289 0.178964 0.0564011 0.0444673 0.179431 0.12594 0.174345 0.222586 0.213139 
0.119573 0.038575 0.0507163 0.0797673 0.0588379 0.0444718 0.097478 0.0613738 0.217304 0.0684973 0.0579012 0.211699 0.151678 0.207461 0.258012 0.249229 
0.0662399 0 0.0124166 0.0316744 0.0155692 0.00603871 0.0493924 0.0230315 0.13447 0.0253124 0.0195686 0.134866 0.0925512 0.130607 0.167955 0.159433 
0.106741 0.0368851 0.0508265 0.0678461 0.05411 0.0431308 0.087747 0.0579008 0.184009 0.0601008 0.0531709 0.184478 0.136136 0.184283 0.226262 0.217105 
0.182688 0.0811287 0.0976504 0.129568 0.10183 0.0891477 0.153323 0.111598 0.294731 0.114303 0.107403 0.287371 0.216981 0.282511 0.347505 0.336108 
loop 19
0.474348 0.264753 0.302089 0.365432 0.320408 0.288741 0.415367 0.325272 0.673977 0.340681 0.317853 0.67532 0.540426 0.669081 0.770725 0.753175 
0.62316 0.402629 0.442441 0.504759 0.461578 0.431354 0.556233 0.468663 0.867466 0.493265 0.46718 0.858679 0.715874 0.862977 1 0.968851 
0.142368 0.0500627 0.0662644 0.094002 0.0691508 0.0555362 0.115998 0.076432 0.2484 0.0831666 0.0731333 0.242891 0.17877 0.238677 0.294043 0.285527 
0.0869058 0.0155092 0.0288631 0.0496907 0.0322001 0.0218909 0.0687729 0.0352209 0.166369 0.0427365 0.0364819 0.160731 0.115186 0.161903 0.202141 0.193053 
0.0592404 0.00272819 0.0122998 0.0299208 0.0160143 0.00465104 0.0451007 0.0193904 0.126444 0.0221967 0.0152369 0.126843 0.0838447 0.121766 0.158275 0.148576 
0.0592404 0.00272819 0.0122998 0.0299208 0.0160143 0.00465104 0.0451007 0.0193904 0.126444 0.0221967 0.0152369 0.126843 0.0838447 0.121766 0.158275 0.148576 
0.0993033 0.0248384 0.0377517 0.0578785 0.0409611 0.0309928 0.0763714 0.0438456 0.182727 0.0511535 0.0451764 0.183166 0.12682 0.17832 0.224033 0.208783 
0.0592404 0.00272819 0.0122998 0.0299208 0.0160143 0.00465104 0.0451007 0.0193904 0.126444 0.0221967 0.0152369 0.126843 0.0838447 0.121766 0.158275 0.148576 
0.174645 0.0750713 0.0912738 0.122555 0.0953555 0.0829202 0.145849 0.104952 0.284479 0.107588 0.100821 0.27726 0.208242 0.272494 0.33622 0.317015 
0.0993033 0.0248384 0.0377517 0.0578785 0.0409611 0.0309928 0.0763714 0.0438456 0.182727 0.0511535 0.0451764 0.183166 0.12682 0.17832 0.224033 0.208783 
0.087763 0.0178064 0.0320203 0.0541296 0.0355669 0.0246386 0.0686748 0.038772 0.165019 0.0467624 0.0346954 0.165439 0.117512 0.160399 0.202509 0.192957 
0.09884 0.025971 0.0395972 0.0608718 0.0429976 0.0324716 0.0748432 0.046091 0.179877 0.0537668 0.0420934 0.180318 0.127675 0.175256 0.21624 0.206994 
0.142368 0.0500627 0.0662644 0.094002 0.0691508 0.0555362 0.115998 0.076432 0.2484 0.0831666 0.0731333 0.242891 0.17877 0.238677 0.294043 0.285527 
0.0603782 0 0.00763638 0.0264921 0.0107254 0.00596949 0.0438695 0.018038 0.127236 0.0202731 0.0146313 0.127623 0.0861607 0.12345 0.160046 0.151695 
0.10717 0.0339403 0.0474704 0.069162 0.0506527 0.0400139 0.0832359 0.0542915 0.182567 0.0616034 0.0497218 0.183006 0.130147 0.176873 0.223891 0.214902 
0.174645 0.0750713 0.0912738 0.122555 0.0953555 0.0829202 0.145849 0.104952 0.284479 0.107588 0.100821 0.27726 0.208242 0.272494 0.33622 0.317015 
loop 20
0.560505 0.315158 0.358856 0.433025 0.38032 0.343233 0.491436 0.386013 0.794053 0.404025 0.377306 0.795621 0.637852 0.788384 0.907273 0.886738 
0.632565 0.406642 0.44554 0.510834 0.468306 0.431541 0.562904 0.467228 0.867718 0.496495 0.475039 0.857606 0.721433 0.873434 1 0.975185 
0.16701 0.0593059 0.0782646 0.110538 0.0816341 0.0713848 0.13625 0.0900631 0.283697 0.097983 0.0862802 0.284302 0.209525 0.279431 0.344022 0.32685 
0.108213 0.0244448 0.040112 0.0645726 0.0440195 0.0319429 0.0806519 0.0475723 0.194339 0.0564021 0.0430284 0.194823 0.134652 0.189117 0.236111 0.225475 
0.0745704 0.00845281 0.0196517 0.0402678 0.0239978 0.0107024 0.0580278 0.0279603 0.153223 0.0312434 0.0230879 0.153689 0.103379 0.147721 0.190467 0.179119 
0.0745704 0.00845281 0.0196517 0.0402678 0.0239978 0.0107024 0.0580278 0.0279603 0.153223 0.0312434 0.0230879 0.153689 0.103379 0.147721 0.190467 0.179119 
0.121904 0.0347683 0.0498835 0.0734095 0.0536523 0.041999 0.0950592 0.0570218 0.219481 0.0655801 0.0585794 0.219995 0.15411 0.214408 0.267887 0.257401 
0.0745704 0.00845281 0.0196517 0.0402678 0.0239978 0.0107024 0.0580278 0.0279603 0.153223 0.0312434 0.0230879 0.153689 0.103379 0.147721 0.190467 0.179119 
0.209695 0.0931545 0.112099 0.148729 0.116895 0.102341 0.175992 0.128106 0.338245 0.131211 0.123292 0.329796 0.249017 0.324218 0.398803 0.37627 
0.121904 0.0347683 0.0498835 0.0734095 0.0536523 0.041999 0.0950592 0.0570218 0.219481 0.0655801 0.0585794 0.219995 0.15411 0.214408 0.267887 0.257401 
0.114254 0.0257257 0.0423126 0.0681441 0.0464636 0.0336904 0.0851235 0.0501989 0.205143 0.0595355 0.0517747 0.198165 0.142157 0.199714 0.249256 0.237995 
0.11527 0.0304856 0.0463376 0.0710946 0.0502983 0.0380654 0.0937816 0.0538936 0.209568 0.0628265 0.055418 0.210073 0.148791 0.204257 0.25954 0.248674 
0.16701 0.0593059 0.0782646 0.110538 0.0816341 0.0713848 0.13625 0.0900631 0.283697 0.097983 0.0862802 0.284302 0.209525 0.279431 0.344022 0.32685 
0.0760062 0 0.0142576 0.0363333 0.0178589 0.00694049 0.0566569 0.0264354 0.154283 0.0290354 0.0224467 0.154699 0.106192 0.149851 0.192698 0.182921 
0.121456 0.0368466 0.0525054 0.0775059 0.0562332 0.0439742 0.0937559 0.0603423 0.208607 0.0688772 0.0552081 0.209145 0.148052 0.202301 0.25676 0.239049 
0.209695 0.0931545 0.112099 0.148729 0.116895 0.102341 0.175992 0.128106 0.338245 0.131211 0.123292 0.329796 0.249017 0.324218 0.398803 0.37627 
loop 21
0.551003 0.309757 0.352714 0.425633 0.373824 0.337385 0.483094 0.379417 0.780679 0.397122 0.370855 0.782221 0.627092 0.775164 0.892005 0.871813 
0.620091 0.401238 0.43903 0.502268 0.461195 0.425536 0.552554 0.459837 0.85903 0.488471 0.467779 0.860453 0.70631 0.865036 1 0.963928 
0.188147 0.0709455 0.0950235 0.126645 0.0982962 0.0827094 0.157942 0.106579 0.316859 0.114288 0.102874 0.31746 0.229997 0.312647 0.384124 0.366873 
0.100392 0.0242546 0.0396895 0.0637738 0.0435595 0.0316497 0.0795872 0.0470314 0.191595 0.0557359 0.0425685 0.192112 0.132824 0.186487 0.232728 0.222245 
0.0732359 0.00819437 0.0192017 0.0394935 0.0234856 0.0104049 0.0569545 0.0273809 0.150573 0.0306082 0.022579 0.151031 0.101518 0.145163 0.187227 0.176035 
0.0732359 0.00819437 0.0192017 0.0394935 0.0234856 0.0104049 0.0569545 0.0273809 0.150573 0.0306082 0.022579 0.151031 0.101518 0.145163 0.187227 0.176035 
0.128788 0.0369196 0.0517282 0.0808618 0.0553996 0.0439633 0.102283 0.0646226 0.225141 0.0730776 0.0602249 0.225714 0.160595 0.220092 0.27279 0.262501 
0.0732359 0.00819437 0.0192017 0.0394935 0.0234856 0.0104049 0.0569545 0.0273809 0.150573 0.0306082 0.022579 0.151031 0.101518 0.145163 0.187227 0.176035 
0.206038 0.0914594 0.110099 0.146107 0.114814 0.100506 0.172908 0.125834 0.332398 0.128865 0.121102 0.324095 0.244691 0.318613 0.391928 0.379128 
0.128788 0.0369196 0.0517282 0.0808618 0.0553996 0.0439633 0.102283 0.0646226 0.225141 0.0730776 0.0602249 0.225714 0.160595 0.220092 0.27279 0.262501 
0.111888 0.0248859 0.0411902 0.0665712 0.0452599 0.0327068 0.0832825 0.0489529 0.201244 0.0581282 0.0504862 0.201776 0.139348 0.195877 0.244594 0.23358 
0.11397 0.0302343 0.0458885 0.0703578 0.0497971 0.0376968 0.09275 0.0533634 0.207051 0.0621772 0.0548449 0.20759 0.147068 0.201765 0.256351 0.238251 
0.188147 0.0709455 0.0950235 0.126645 0.0982962 0.0827094 0.157942 0.106579 0.316859 0.114288 0.102874 0.31746 0.229997 0.312647 0.384124 0.366873 
0.0747665 0 0.0140185 0.0357446 0.017578 0.00683124 0.0557456 0.0260022 0.151764 0.0285619 0.0220771 0.15221 0.104471 0.147402 0.189563 0.179943 
0.119366 0.0355982 0.0510703 0.075875 0.0547403 0.0483426 0.0919999 0.0588861 0.205735 0.0672769 0.0595656 0.20622 0.14576 0.199304 0.253164 0.235706 
0.206038 0.0914594 0.110099 0.146107 0.114814 0.100506 0.172908 0.125834 0.332398 0.128865 0.121102 0.324095 0.244691 0.318613 0.391928 0.379128 
loop 22
0.564601 0.315173 0.359611 0.435004 0.381412 0.343725 0.494406 0.387204 0.802021 0.405514 0.378348 0.803615 0.643252 0.796315 0.917136 0.89626 
0.612856 0.379334 0.425517 0.496783 0.43822 0.4128 0.54622 0.455126 0.859033 0.474138 0.444761 0.860385 0.697907 0.855125 1 0.964092 
0.167611 0.0571144 0.0765702 0.109671 0.085969 0.0694792 0.13605 0.0886666 0.294472 0.0967528 0.0847878 0.287866 0.211187 0.282912 0.349133 0.33892 
0.10005 0.0148699 0.0308146 0.05566 0.0347873 0.022495 0.0783922 0.0383947 0.187579 0.0473589 0.0398804 0.188101 0.126929 0.182292 0.230043 0.219233 
0.0704934 0.0032915 0.0146887 0.0356226 0.0191077 0.00556742 0.0536768 0.023124 0.15042 0.0264625 0.0181827 0.150893 0.0997564 0.144856 0.188309 0.176773 
0.0704934 0.0032915 0.0146887 0.0356226 0.0191077 0.00556742 0.0536768 0.023124 0.15042 0.0264625 0.0181827 0.150893 0.0997564 0.144856 0.188309 0.176773 
0.119491 0.0305599 0.045962 0.0700133 0.0498118 0.0379118 0.092127 0.0532755 0.219133 0.0620144 0.0487625 0.212415 0.152391 0.206705 0.260941 0.250286 
0.0704934 0.0032915 0.0146887 0.0356226 0.0191077 0.00556742 0.0536768 0.023124 0.15042 0.0264625 0.0181827 0.150893 0.0997564 0.144856 0.188309 0.176773 
0.207857 0.0893852 0.108644 0.145881 0.113519 0.0987237 0.173595 0.124915 0.338483 0.128073 0.120021 0.329897 0.247792 0.324276 0.400035 0.37719 
0.119491 0.0305599 0.045962 0.0700133 0.0498118 0.0379118 0.092127 0.0532755 0.219133 0.0620144 0.0487625 0.212415 0.152391 0.206705 0.260941 0.250286 
0.110177 0.0204397 0.0372544 0.0634336 0.041458 0.0285202 0.0806463 0.0452395 0.202365 0.0547151 0.0468409 0.202914 0.138489 0.196903 0.247097 0.235732 
0.112552 0.0261693 0.0423223 0.0675386 0.046349 0.0338946 0.0906683 0.0500029 0.208626 0.059118 0.0515707 0.209182 0.146728 0.203208 0.251876 0.240855 
0.167611 0.0571144 0.0765702 0.109671 0.085969 0.0694792 0.13605 0.0886666 0.294472 0.0967528 0.0847878 0.287866 0.211187 0.282912 0.349133 0.33892 
0.0718543 0 0.00909231 0.0315318 0.0127657 0.00711143 0.0521982 0.0214785 0.151411 0.0241187 0.0174266 0.151834 0.10252 0.146908 0.190441 0.180508 
0.128501 0.0407218 0.056918 0.0829692 0.0607156 0.0479462 0.0998664 0.0651664 0.21899 0.0738726 0.0657584 0.219512 0.156089 0.211996 0.268308 0.250126 
0.207857 0.0893852 0.108644 0.145881 0.113519 0.0987237 0.173595 0.124915 0.338483 0.128073 0.120021 0.329897 0.247792 0.324276 0.400035 0.37719 
loop 23
0.600702 0.335309 0.382555 0.462792 0.40578 0.365684 0.526022 0.411937 0.853162 0.431417 0.40252 0.854858 0.684331 0.847162 0.975614 0.953404 
0.619567 0.389141 0.441026 0.500622 0.455096 0.426087 0.556191 0.4539 0.858612 0.48533 0.462378 0.860005 0.703069 0.864931 1 0.960808 
0.202456 0.0744954 0.0944888 0.135286 0.104288 0.087317 0.162765 0.113378 0.342876 0.121752 0.102965 0.335874 0.248048 0.33062 0.408167 0.38957 
0.112023 0.0211819 0.0381841 0.0646696 0.0424253 0.0293202 0.0821194 0.0462649 0.213178 0.0558444 0.0478985 0.205945 0.147995 0.199797 0.258745 0.247132 
0.0749532 0.0034711 0.0155786 0.0378682 0.0202775 0.00589098 0.0570693 0.0245616 0.159985 0.028111 0.0192934 0.160489 0.106074 0.154037 0.200285 0.187979 
0.0749532 0.0034711 0.0155786 0.0378682 0.0202775 0.00589098 0.0570693 0.0245616 0.159985 0.028111 0.0192934 0.160489 0.106074 0.154037 0.200285 0.187979 
0.130359 0.0361756 0.0524723 0.0779408 0.0565454 0.0439595 0.10135 0.0601962 0.235826 0.0694392 0.0554155 0.236392 0.165181 0.230327 0.288066 0.27675 
0.0749532 0.0034711 0.0155786 0.0378682 0.0202775 0.00589098 0.0570693 0.0245616 0.159985 0.028111 0.0192934 0.160489 0.106074 0.154037 0.200285 0.187979 
0.221122 0.0950944 0.115602 0.155194 0.120768 0.105029 0.184676 0.133435 0.360133 0.136786 0.127685 0.350997 0.263645 0.344966 0.425618 0.411538 
0.130359 0.0361756 0.0524723 0.0779408 0.0565454 0.0439595 0.10135 0.0601962 0.235826 0.0694392 0.0554155 0.236392 0.165181 0.230327 0.288066 0.27675 
0.111126 0.0225965 0.0405682 0.0685838 0.0450728 0.0312273 0.0869703 0.0491288 0.208849 0.0592595 0.0439691 0.209421 0.148741 0.203043 0.256331 0.244244 
0.119352 0.0275558 0.0447327 0.0715179 0.0490062 0.0357693 0.0960957 0.0528831 0.221428 0.0625596 0.0545515 0.222021 0.155668 0.215675 0.267347 0.255697 
0.202456 0.0744954 0.0944888 0.135286 0.104288 0.087317 0.162765 0.113378 0.342876 0.121752 0.102965 0.335874 0.248048 0.33062 0.408167 0.38957 
0.0764091 0 0.00967195 0.0335225 0.0135629 0.00754932 0.0555033 0.0228301 0.161022 0.0256563 0.0185208 0.161471 0.109024 0.156232 0.202531 0.191966 
0.13622 0.0431445 0.0603284 0.0879201 0.0643612 0.0508392 0.105827 0.069042 0.232144 0.078287 0.0697188 0.232699 0.165455 0.232497 0.284513 0.273156 
0.221122 0.0950944 0.115602 0.155194 0.120768 0.105029 0.184676 0.133435 0.360133 0.136786 0.127685 0.350997 0.263645 0.344966 0.425618 0.411538 
loop 24
0.589616 0.331527 0.37748 0.455488 0.40007 0.361071 0.516988 0.406058 0.835346 0.425005 0.396899 0.836931 0.670897 0.829313 0.954468 0.932865 
0.627063 0.400649 0.441611 0.51043 0.455331 0.426895 0.554205 0.464309 0.861607 0.484846 0.46233 0.851038 0.708944 0.867723 1 0.961556 
0.185607 0.0704513 0.0907156 0.125261 0.0943077 0.0772763 0.152703 0.103284 0.310199 0.1117 0.0992781 0.310846 0.223943 0.305624 0.374599 0.356206 
0.108076 0.0263646 0.0429572 0.0687888 0.0470971 0.0342911 0.0857309 0.0508282 0.205871 0.0537326 0.0460369 0.206381 0.142875 0.200427 0.249937 0.238732 
0.0782933 0.00874518 0.0205185 0.0422082 0.0250879 0.0110979 0.0608987 0.0292534 0.160999 0.0327051 0.0241307 0.161489 0.108563 0.155213 0.200196 0.196215 
0.0782933 0.00874518 0.0205185 0.0422082 0.0250879 0.0110979 0.0608987 0.0292534 0.160999 0.0327051 0.0241307 0.161489 0.108563 0.155213 0.200196 0.196215 
0.145072 0.0472984 0.0630423 0.0940696 0.0669333 0.0547786 0.116868 0.0768266 0.255169 0.0858173 0.0721129 0.25571 0.186053 0.249677 0.306142 0.295112 
0.0782933 0.00874518 0.0205185 0.0422082 0.0250879 0.0110979 0.0608987 0.0292534 0.160999 0.0327051 0.0241307 0.161489 0.108563 0.155213 0.200196 0.196215 
0.220464 0.0978836 0.11783 0.156363 0.122875 0.107565 0.185043 0.134668 0.355671 0.137913 0.129604 0.346786 0.261823 0.340919 0.419365 0.40567 
0.145072 0.0472984 0.0630423 0.0940696 0.0669333 0.0547786 0.116868 0.0768266 0.255169 0.0858173 0.0721129 0.25571 0.186053 0.249677 0.306142 0.295112 
0.120071 0.0270106 0.0444342 0.0715916 0.0488009 0.0353926 0.0894531 0.0527312 0.215626 0.0625539 0.0543884 0.208327 0.149389 0.209918 0.262017 0.25022 
0.122555 0.0329157 0.0496948 0.0758498 0.0538597 0.0409413 0.0930089 0.057657 0.222179 0.0671032 0.0527823 0.215079 0.157984 0.216554 0.266986 0.255595 
0.185607 0.0704513 0.0907156 0.125261 0.0943077 0.0772763 0.152703 0.103284 0.310199 0.1117 0.0992781 0.310846 0.223943 0.305624 0.374599 0.356206 
0.0799893 0 0.0149978 0.0382415 0.0188059 0.00730843 0.0596396 0.0278186 0.162365 0.0305571 0.0236193 0.162802 0.111739 0.157699 0.202805 0.192467 
0.14573 0.0556229 0.0722489 0.0989645 0.0761493 0.0630423 0.116271 0.0806701 0.246 0.0896587 0.0813676 0.246573 0.181076 0.238877 0.297021 0.285991 
0.220464 0.0978836 0.11783 0.156363 0.122875 0.107565 0.185043 0.134668 0.355671 0.137913 0.129604 0.346786 0.261823 0.340919 0.419365 0.40567 
loop 25
0.599115 0.336878 0.383591 0.462843 0.406512 0.366891 0.52532 0.412597 0.848818 0.431847 0.40329 0.85043 0.681839 0.842758 0.969851 0.947899 
0.621687 0.402172 0.443878 0.503357 0.457865 0.428964 0.558626 0.467013 0.859568 0.487919 0.465038 0.848843 0.704675 0.865878 1 0.961002 
0.195335 0.0754511 0.0952806 0.135669 0.104938 0.0881555 0.162833 0.107719 0.33362 0.122266 0.103695 0.334264 0.240236 0.321515 0.397892 0.379591 
0.11066 0.0211818 0.0379131 0.0640088 0.0421062 0.0292147 0.0879241 0.0458987 0.202604 0.0553034 0.047461 0.203152 0.146077 0.19709 0.247219 0.235862 
0.0796696 0.00904256 0.0209932 0.043035 0.0256397 0.0114369 0.062005 0.0298627 0.163707 0.0333724 0.0246541 0.164205 0.110438 0.157827 0.203545 0.191416 
0.0796696 0.00904256 0.0209932 0.043035 0.0256397 0.0114369 0.062005 0.0298627 0.163707 0.0333724 0.0246541 0.164205 0.110438 0.157827 0.203545 0.191416 
0.139046 0.0396136 0.0620045 0.0871499 0.066022 0.0535361 0.110318 0.0696304 0.243335 0.0787808 0.0648917 0.243906 0.17344 0.237874 0.294984 0.283797 
0.0796696 0.00904256 0.0209932 0.043035 0.0256397 0.0114369 0.062005 0.0298627 0.163707 0.0333724 0.0246541 0.164205 0.110438 0.157827 0.203545 0.191416 
0.224138 0.0995555 0.119827 0.158991 0.124956 0.109395 0.188139 0.136941 0.361558 0.140239 0.131794 0.352526 0.266174 0.346563 0.426295 0.402267 
0.139046 0.0396136 0.0620045 0.0871499 0.066022 0.0535361 0.110318 0.0696304 0.243335 0.0787808 0.0648917 0.243906 0.17344 0.237874 0.294984 0.283797 
0.120303 0.0328032 0.0505991 0.0713149 0.0550425 0.041338 0.0964603 0.0590435 0.216834 0.0621691 0.0539312 0.217413 0.157488 0.211085 0.272061 0.260007 
0.119441 0.0284585 0.0454747 0.0720362 0.0497057 0.043048 0.0963681 0.0601739 0.22066 0.0631578 0.0551717 0.221233 0.155447 0.214927 0.266221 0.254602 
0.195335 0.0754511 0.0952806 0.135669 0.104938 0.0881555 0.162833 0.107719 0.33362 0.122266 0.103695 0.334264 0.240236 0.321515 0.397892 0.379591 
0.0812499 0 0.0152304 0.0388324 0.0190808 0.00740694 0.0605619 0.02825 0.164943 0.0310299 0.0239856 0.165387 0.113524 0.160204 0.206016 0.195562 
0.120529 0.0303116 0.04702 0.0736489 0.0510021 0.0379436 0.0910242 0.0553663 0.206175 0.0644572 0.0562242 0.20667 0.149004 0.206895 0.257298 0.246189 
0.224138 0.0995555 0.119827 0.158991 0.124956 0.109395 0.188139 0.136941 0.361558 0.140239 0.131794 0.352526 0.266174 0.346563 0.426295 0.402267 
loop 26
0.589254 0.330145 0.376291 0.454622 0.398938 0.359799 0.516349 0.404976 0.836023 0.423995 0.395779 0.837615 0.670986 0.830035 0.955612 0.933921 
0.625943 0.399194 0.440201 0.508897 0.454026 0.425513 0.553008 0.462966 0.861273 0.483553 0.461049 0.850676 0.708227 0.867399 1 0.961463 
0.170239 0.0608563 0.0812995 0.109714 0.0849324 0.0677871 0.137251 0.094018 0.295255 0.102547 0.0899341 0.295872 0.215747 0.290692 0.359893 0.341445 
0.106184 0.0179419 0.0344421 0.0601708 0.0385556 0.0258401 0.0837584 0.0486697 0.196932 0.0515944 0.0438514 0.197433 0.141113 0.191456 0.248757 0.237442 
0.0763807 0 0.0182814 0.0401042 0.0228942 0.00883416 0.0588864 0.0270752 0.159545 0.0305391 0.0219198 0.160037 0.106801 0.153723 0.19892 0.186915 
0.0763807 0 0.0182814 0.0401042 0.0228942 0.00883416 0.0588864 0.0270752 0.159545 0.0305391 0.0219198 0.160037 0.106801 0.153723 0.19892 0.186915 
0.125433 0.0334943 0.0494248 0.0807381 0.0534076 0.0410958 0.0971423 0.0633148 0.22844 0.0659965 0.0585941 0.229032 0.15941 0.223047 0.279498 0.268393 
0.0763807 0 0.0182814 0.0401042 0.0228942 0.00883416 0.0588864 0.0270752 0.159545 0.0305391 0.0219198 0.160037 0.106801 0.153723 0.19892 0.186915 
0.218761 0.0956617 0.115687 0.154348 0.120732 0.105362 0.183167 0.132592 0.354521 0.135849 0.127487 0.345599 0.26025 0.339709 0.418475 0.404665 
0.125433 0.0334943 0.0494248 0.0807381 0.0534076 0.0410958 0.0971423 0.0633148 0.22844 0.0659965 0.0585941 0.229032 0.15941 0.223047 0.279498 0.268393 
0.117984 0.0244472 0.0419637 0.0692602 0.0463301 0.0328585 0.0872144 0.050308 0.213985 0.0601688 0.0519552 0.206655 0.147457 0.208251 0.26058 0.248732 
0.114652 0.0250012 0.0417641 0.0679231 0.0459451 0.0393831 0.0918957 0.0562549 0.214399 0.059186 0.0513292 0.214965 0.150127 0.208797 0.259298 0.247859 
0.170239 0.0608563 0.0812995 0.109714 0.0849324 0.0677871 0.137251 0.094018 0.295255 0.102547 0.0899341 0.295872 0.215747 0.290692 0.359893 0.341445 
0.077431 0.00279456 0.0122384 0.0355471 0.0160542 0.0101812 0.057014 0.0251047 0.160065 0.0278648 0.0208961 0.160544 0.109314 0.155388 0.200604 0.190286 
0.130216 0.0455316 0.0624133 0.089593 0.0663503 0.0530444 0.107214 0.0710114 0.231496 0.0800861 0.0652222 0.224496 0.165883 0.224158 0.275043 0.263932 
0.218761 0.0956617 0.115687 0.154348 0.120732 0.105362 0.183167 0.132592 0.354521 0.135849 0.127487 0.345599 0.26025 0.339709 0.418475 0.404665 
loop 27
0.595122 0.334616 0.380995 0.459754 0.403788 0.364431 0.521779 0.409833 0.843052 0.428959 0.400587 0.844722 0.677206 0.837032 0.963269 0.941467 
0.624342 0.396335 0.43761 0.506692 0.451464 0.42278 0.551038 0.460422 0.860618 0.481089 0.45853 0.849974 0.706752 0.854538 1 0.961208 
0.17643 0.0635495 0.0833271 0.117275 0.0868521 0.0702164 0.144218 0.0957189 0.30623 0.103971 0.0917104 0.299442 0.220995 0.294336 0.362017 0.351622 
0.114814 0.0256958 0.0423548 0.0683548 0.0465159 0.0336594 0.0854578 0.050302 0.206383 0.0596683 0.0454635 0.206898 0.142918 0.200794 0.250705 0.239458 
0.0896457 0.0126336 0.0243981 0.0462434 0.0289938 0.0149446 0.0649959 0.0332075 0.173411 0.0366482 0.0280023 0.173899 0.120374 0.167561 0.213002 0.200903 
0.0896457 0.0126336 0.0243981 0.0462434 0.0289938 0.0149446 0.0649959 0.0332075 0.173411 0.0366482 0.0280023 0.173899 0.120374 0.167561 0.213002 0.200903 
0.133815 0.0409149 0.0569867 0.0821137 0.0609858 0.0485524 0.105199 0.0646351 0.237766 0.0737136 0.0662326 0.238372 0.168108 0.232302 0.289197 0.278055 
0.0896457 0.0126336 0.0243981 0.0462434 0.0289938 0.0149446 0.0649959 0.0332075 0.173411 0.0366482 0.0280023 0.173899 0.120374 0.167561 0.213002 0.200903 
0.222571 0.0988519 0.118969 0.157866 0.124062 0.108607 0.186816 0.135966 0.359054 0.139241 0.130854 0.350085 0.264321 0.344163 0.42335 0.409525 
0.133815 0.0409149 0.0569867 0.0821137 0.0609858 0.0485524 0.105199 0.0646351 0.237766 0.0737136 0.0662326 0.238372 0.168108 0.232302 0.289197 0.278055 
0.115524 0.028308 0.0460234 0.0667038 0.0504551 0.0368171 0.0917476 0.0544458 0.211805 0.0575932 0.049372 0.212367 0.152588 0.206037 0.258567 0.246688 
0.129655 0.0324761 0.0493343 0.0756212 0.0535287 0.040521 0.0997423 0.0639162 0.230522 0.06685 0.0589712 0.223319 0.158205 0.217092 0.275908 0.264356 
0.17643 0.0635495 0.0833271 0.117275 0.0868521 0.0702164 0.144218 0.0957189 0.30623 0.103971 0.0917104 0.299442 0.220995 0.294336 0.362017 0.351622 
0.0807451 0 0.0151353 0.038591 0.0189779 0.00737542 0.0601851 0.0280732 0.163884 0.0308544 0.0238526 0.164366 0.112789 0.159175 0.204698 0.19431 
0.144311 0.0525887 0.0695049 0.0967268 0.0734847 0.0601276 0.114349 0.0780977 0.238726 0.0872287 0.0723163 0.239332 0.173068 0.239029 0.290276 0.279096 
0.222571 0.0988519 0.118969 0.157866 0.124062 0.108607 0.186816 0.135966 0.359054 0.139241 0.130854 0.350085 0.264321 0.344163 0.42335 0.409525 
loop 28
0.604019 0.339646 0.386717 0.466657 0.409854 0.369909 0.529619 0.415993 0.855665 0.4354 0.406607 0.857289 0.687383 0.849617 0.977602 0.95555 
0.621646 0.402182 0.443862 0.503153 0.457909 0.429015 0.558468 0.466929 0.859295 0.487884 0.465079 0.860683 0.716021 0.865851 1 0.960885 
0.166204 0.0536535 0.0746984 0.110487 0.0784657 0.066992 0.132292 0.0877911 0.287226 0.0965423 0.0835723 0.28788 0.205847 0.282527 0.345451 0.334551 
0.106185 0.0224647 0.0394347 0.0659025 0.043669 0.0305995 0.0833089 0.0475157 0.198762 0.0505253 0.0426187 0.199304 0.141797 0.193196 0.251628 0.232266 
0.0806065 0.00271093 0.0213722 0.0436057 0.0260651 0.0117226 0.0627627 0.0303165 0.165399 0.0338635 0.0250842 0.1659 0.111634 0.159492 0.205554 0.193309 
0.0806065 0.00271093 0.0213722 0.0436057 0.0260651 0.0117226 0.0627627 0.0303165 0.165399 0.0338635 0.0250842 0.1659 0.111634 0.159492 0.205554 0.193309 
0.14152 0.040855 0.0570678 0.0890183 0.0611015 0.0485776 0.112486 0.0712293 0.247132 0.0805165 0.0664219 0.240002 0.176394 0.241592 0.299413 0.288063 
0.0806065 0.00271093 0.0213722 0.0436057 0.0260651 0.0117226 0.0627627 0.0303165 0.165399 0.0338635 0.0250842 0.1659 0.111634 0.159492 0.205554 0.193309 
0.2259 0.100349 0.120763 0.160237 0.125932 0.110248 0.189615 0.138012 0.364409 0.141359 0.132825 0.355305 0.268269 0.349295 0.429659 0.40544 
0.14152 0.040855 0.0570678 0.0890183 0.0611015 0.0485776 0.112486 0.0712293 0.247132 0.0805165 0.0664219 0.240002 0.176394 0.241592 0.299413 0.288063 
0.12202 0.033504 0.0447007 0.0724646 0.0491427 0.042125 0.0978852 0.0600407 0.219663 0.0632092 0.0548521 0.220246 0.159623 0.213843 0.267048 0.25502 
0.131258 0.0327283 0.0498144 0.0833038 0.0540799 0.0474318 0.10093 0.0646224 0.23361 0.0675913 0.0595932 0.226262 0.167661 0.227805 0.279552 0.267898 
0.166204 0.0536535 0.0746984 0.110487 0.0784657 0.066992 0.132292 0.0877911 0.287226 0.0965423 0.0835723 0.28788 0.205847 0.282527 0.345451 0.334551 
0.0819056 0 0.0153687 0.0391652 0.019251 0.00748121 0.0610734 0.028495 0.166277 0.0312984 0.0241958 0.166766 0.114441 0.1615 0.207683 0.197144 
0.149958 0.0572327 0.0743349 0.10186 0.078338 0.0648447 0.119666 0.0830263 0.253089 0.0922531 0.0836915 0.245929 0.186272 0.245667 0.305479 0.29414 
0.2259 0.100349 0.120763 0.160237 0.125932 0.110248 0.189615 0.138012 0.364409 0.141359 0.132825 0.355305 0.268269 0.349295 0.429659 0.40544 
loop 29
0.584349 0.327419 0.373165 0.450825 0.395651 0.356831 0.512044 0.401617 0.828975 0.420448 0.392495 0.830553 0.665318 0.82297 0.947488 0.926058 
0.618181 0.393794 0.444327 0.502457 0.457954 0.429688 0.556425 0.466984 0.862396 0.487379 0.464981 0.851876 0.710417 0.868431 1 0.961805 
0.146068 0.0452209 0.0652258 0.0932386 0.0688293 0.0520444 0.113919 0.0717063 0.260989 0.0799912 0.0677148 0.261551 0.183685 0.256397 0.316203 0.298447 
0.105826 0.0181408 0.0345417 0.0601212 0.0386343 0.0260002 0.0835171 0.0423517 0.195988 0.051569 0.0438997 0.196526 0.133514 0.190542 0.239729 0.228594 
0.0757105 0 0.0181296 0.039742 0.0226913 0.00874964 0.0583646 0.0268372 0.158107 0.0302722 0.021738 0.158595 0.105873 0.152366 0.197173 0.185271 
0.0757105 0 0.0181296 0.039742 0.0226913 0.00874964 0.0583646 0.0268372 0.158107 0.0302722 0.021738 0.158595 0.105873 0.152366 0.197173 0.185271 
0.133852 0.0361952 0.0581609 0.0829107 0.0620781 0.0498402 0.105666 0.0656597 0.23629 0.0746306 0.0609714 0.236849 0.16764 0.230829 0.286934 0.275953 
0.0757105 0 0.0181296 0.039742 0.0226913 0.00874964 0.0583646 0.0268372 0.158107 0.0302722 0.021738 0.158595 0.105873 0.152366 0.197173 0.185271 
0.216809 0.0948056 0.114659 0.152986 0.119659 0.104423 0.181556 0.131418 0.351378 0.134646 0.126356 0.342586 0.257974 0.336747 0.414834 0.401143 
0.133852 0.0361952 0.0581609 0.0829107 0.0620781 0.0498402 0.105666 0.0656597 0.23629 0.0746306 0.0609714 0.236849 0.16764 0.230829 0.286934 0.275953 
0.110446 0.0247 0.0421265 0.0692139 0.0464747 0.0330612 0.0870454 0.0504046 0.205118 0.0602189 0.0454066 0.205672 0.146885 0.199454 0.251119 0.239408 
0.125333 0.0355541 0.0523464 0.0785787 0.0565274 0.0435669 0.0957681 0.0603513 0.225089 0.0698041 0.0554193 0.225674 0.160827 0.219432 0.269862 0.258454 
0.146068 0.0452209 0.0652258 0.0932386 0.0688293 0.0520444 0.113919 0.0717063 0.260989 0.0799912 0.0677148 0.261551 0.183685 0.256397 0.316203 0.298447 
0.0767322 0.00275335 0.0121177 0.0352282 0.0159005 0.0100777 0.0564913 0.0248573 0.158653 0.0275936 0.0207017 0.159128 0.10834 0.154016 0.198889 0.188659 
0.115266 0.026783 0.0431545 0.0692832 0.0470669 0.0403103 0.086332 0.051355 0.206536 0.0602688 0.0521553 0.199765 0.14314 0.199941 0.249304 0.238424 
0.216809 0.0948056 0.114659 0.152986 0.119659 0.104423 0.181556 0.131418 0.351378 0.134646 0.126356 0.342586 0.257974 0.336747 0.414834 0.401143 
loop 30
0.610759 0.343413 0.391032 0.471834 0.414403 0.374012 0.535529 0.420605 0.865142 0.440228 0.411118 0.866784 0.695054 0.859031 0.988511 0.966132 
0.626926 0.40302 0.44548 0.506206 0.45972 0.430244 0.562524 0.469038 0.857364 0.49036 0.467055 0.858731 0.711581 0.863719 1 0.960438 
0.133243 0.0315744 0.0530626 0.0768131 0.0569761 0.0451258 0.0989703 0.0601799 0.240991 0.0690949 0.0558689 0.23407 0.166444 0.22868 0.291587 0.272939 
0.111599 0.0270834 0.044227 0.0642434 0.0485035 0.0352729 0.0885064 0.0523753 0.212789 0.0553925 0.0474237 0.20557 0.147596 0.207076 0.258394 0.246809 
0.0814455 0.00268729 0.0215726 0.0440308 0.0263158 0.0117949 0.0634102 0.0306273 0.167181 0.0342129 0.0253244 0.167689 0.112831 0.16121 0.20781 0.195431 
0.0814455 0.00268729 0.0215726 0.0440308 0.0263158 0.0117949 0.0634102 0.0306273 0.167181 0.0342129 0.0253244 0.167689 0.112831 0.16121 0.20781 0.195431 
0.137756 0.0363517 0.0591413 0.0848247 0.0632653 0.0505462 0.108448 0.0669195 0.244132 0.0762691 0.0621052 0.244754 0.172861 0.238625 0.296868 0.285432 
0.0814455 0.00268729 0.0215726 0.0440308 0.0263158 0.0117949 0.0634102 0.0306273 0.167181 0.0342129 0.0253244 0.167689 0.112831 0.16121 0.20781 0.195431 
0.228387 0.10145 0.12209 0.161999 0.127316 0.111459 0.191702 0.139529 0.36842 0.142913 0.134284 0.359217 0.271222 0.353141 0.434387 0.420203 
0.137756 0.0363517 0.0591413 0.0848247 0.0632653 0.0505462 0.108448 0.0669195 0.244132 0.0762691 0.0621052 0.244754 0.172861 0.238625 0.296868 0.285432 
0.12414 0.027815 0.0458604 0.0739596 0.0503753 0.036495 0.0924493 0.0544378 0.222998 0.0645957 0.0561546 0.223587 0.154489 0.217094 0.271024 0.258775 
0.12716 0.0342729 0.0516514 0.078745 0.0559695 0.0425768 0.0965576 0.0599069 0.230439 0.0696988 0.0548531 0.22308 0.163887 0.224607 0.276893 0.265083 
0.133243 0.0315744 0.0530626 0.0768131 0.0569761 0.0451258 0.0989703 0.0601799 0.240991 0.0690949 0.0558689 0.23407 0.166444 0.22868 0.291587 0.272939 
0.0828196 0 0.0155244 0.0395829 0.0194659 0.00756469 0.061732 0.0287956 0.168091 0.0316476 0.0244658 0.168585 0.115718 0.163262 0.209952 0.199298 
0.143339 0.0489437 0.0663435 0.0943629 0.070404 0.063158 0.112537 0.0752351 0.240659 0.0845506 0.0757994 0.241218 0.180335 0.240811 0.293572 0.282084 
0.228387 0.10145 0.12209 0.161999 0.127316 0.111459 0.191702 0.139529 0.36842 0.142913 0.134284 0.359217 0.271222 0.353141 0.434387 0.420203 
loop 31
0.569702 0.320273 0.364698 0.440068 0.386496 0.348816 0.499484 0.392283 0.807135 0.410618 0.383455 0.808729 0.648336 0.801433 0.922239 0.901433 
0.624655 0.402046 0.440461 0.504693 0.45346 0.426904 0.55576 0.4616 0.867937 0.490793 0.460139 0.857899 0.712491 0.862998 1 0.975266 
0.14284 0.0445962 0.0654358 0.0945382 0.0692147 0.0517741 0.116061 0.0722218 0.253897 0.0808414 0.0680961 0.24712 0.181689 0.242014 0.302919 0.292312 
0.109939 0.0247234 0.0406678 0.0655188 0.0446408 0.0323619 0.0818656 0.0482357 0.197485 0.0572124 0.0436332 0.197977 0.136795 0.192215 0.239911 0.229145 
0.0759277 0.00242789 0.0200403 0.0410108 0.0244663 0.0109274 0.05908 0.0284895 0.155911 0.031822 0.0235412 0.156385 0.105196 0.150339 0.193823 0.182272 
0.0759277 0.00242789 0.0200403 0.0410108 0.0244663 0.0109274 0.05908 0.0284895 0.155911 0.031822 0.0235412 0.156385 0.105196 0.150339 0.193823 0.182272 
0.131175 0.0426934 0.0580226 0.0881843 0.0618172 0.0499828 0.11037 0.0714083 0.237501 0.0739382 0.0668414 0.238055 0.170709 0.232201 0.286773 0.276122 
0.0759277 0.00242789 0.0200403 0.0410108 0.0244663 0.0109274 0.05908 0.0284895 0.155911 0.031822 0.0235412 0.156385 0.105196 0.150339 0.193823 0.182272 
0.213056 0.0945762 0.113855 0.151076 0.118732 0.103934 0.17882 0.13013 0.343744 0.133266 0.125235 0.335154 0.253032 0.329484 0.40531 0.382459 
0.131175 0.0426934 0.0580226 0.0881843 0.0618172 0.0499828 0.11037 0.0714083 0.237501 0.0739382 0.0668414 0.238055 0.170709 0.232201 0.286773 0.276122 
0.115394 0.0255858 0.0424107 0.0686037 0.0466137 0.0336636 0.0858366 0.0504107 0.207564 0.059886 0.0519956 0.208074 0.143684 0.202025 0.252299 0.240889 
0.11769 0.0312518 0.0474245 0.0726455 0.0514486 0.0389695 0.0958114 0.055118 0.213783 0.0642294 0.0566678 0.214339 0.15189 0.208365 0.264756 0.246008 
0.14284 0.0445962 0.0654358 0.0945382 0.0692147 0.0517741 0.116061 0.0722218 0.253897 0.0808414 0.0680961 0.24712 0.181689 0.242014 0.302919 0.292312 
0.0772901 0 0.0145004 0.0369558 0.0181669 0.00705217 0.0576204 0.026879 0.156914 0.029544 0.0228358 0.157375 0.108008 0.152404 0.196004 0.186055 
0.136269 0.0487964 0.0649249 0.0908983 0.0748414 0.062024 0.114176 0.0793181 0.233681 0.0880615 0.0737123 0.234224 0.170555 0.233878 0.283061 0.272385 
0.213056 0.0945762 0.113855 0.151076 0.118732 0.103934 0.17882 0.13013 0.343744 0.133266 0.125235 0.335154 0.253032 0.329484 0.40531 0.382459 
