loop 0
0.100936 0.0272214 0.0413289 0.0635398 0.0460172 0.031693 0.0826643 0.0502767 0.185668 0.0538124 0.045029 0.186173 0.131958 0.179754 0.225812 0.215096 
0.624465 0.360322 0.407338 0.487195 0.43044 0.390554 0.550133 0.436583 0.876975 0.45597 0.427193 0.878654 0.708771 0.869812 1 0.976797 
0.0664492 0 0.013714 0.0320509 0.0153818 0.00720809 0.047597 0.0199927 0.138082 0.0267815 0.0187144 0.135843 0.0919896 0.134208 0.17138 0.163826 
0.624471 0.360324 0.407343 0.487205 0.430445 0.390549 0.550133 0.436583 0.876975 0.45597 0.427198 0.878654 0.708776 0.869787 1 0.976807 
0.131299 0.0442629 0.0608023 0.0867801 0.0650261 0.0523733 0.105405 0.069264 0.227835 0.0775654 0.0663883 0.226464 0.163821 0.222226 0.272946 0.261464 
0.221472 0.096612 0.118687 0.154937 0.124103 0.107745 0.184025 0.132228 0.35794 0.141676 0.1267 0.357149 0.266895 0.350718 0.42671 0.410228 
0.221472 0.096612 0.118687 0.154937 0.124103 0.107745 0.184025 0.132228 0.35794 0.141676 0.1267 0.357149 0.266895 0.350718 0.42671 0.410228 
0.101751 0.0220309 0.0352407 0.0590279 0.0391278 0.029523 0.0809226 0.0483611 0.186077 0.0511699 0.0440674 0.186558 0.133866 0.18131 0.227463 0.216924 
0.0664492 0 0.013714 0.0320509 0.0153818 0.00720809 0.047597 0.0199927 0.138082 0.0267815 0.0187144 0.135843 0.0919896 0.134208 0.17138 0.163826 
0.624471 0.360324 0.407343 0.487205 0.430445 0.390549 0.550133 0.436583 0.876975 0.45597 0.427198 0.878654 0.708776 0.869787 1 0.976807 
0.146281 0.0577839 0.0747199 0.100124 0.0787497 0.0662632 0.119795 0.0836013 0.239838 0.0911884 0.082036 0.239435 0.179003 0.237674 0.289207 0.277478 
0.594623 0.370324 0.414084 0.47778 0.427917 0.397938 0.527644 0.436442 0.832691 0.456764 0.434713 0.828293 0.677898 0.829454 0.965271 0.928985 
0.147369 0.0544246 0.0715607 0.0987252 0.0762449 0.0630145 0.119764 0.0813765 0.247393 0.0893733 0.0776111 0.245996 0.181797 0.241647 0.298802 0.286079 
0.624465 0.360322 0.407338 0.487195 0.43044 0.390554 0.550133 0.436583 0.876975 0.45597 0.427193 0.878654 0.708771 0.869812 1 0.976797 
0.146281 0.0577839 0.0747199 0.100124 0.0787497 0.0662632 0.119795 0.0836013 0.239838 0.0911884 0.082036 0.239435 0.179003 0.237674 0.289207 0.277478 
0.624471 0.360324 0.407343 0.487205 0.430445 0.390549 0.550133 0.436583 0.876975 0.45597 0.427198 0.878654 0.708776 0.869787 1 0.976807 
loop 16
0.108426 0.0298989 0.0419047 0.0641661 0.0465808 0.0322577 0.0832983 0.0508804 0.193843 0.0543912 0.0455829 0.194341 0.139747 0.187843 0.234223 0.221883 
0.624292 0.358469 0.405798 0.486146 0.429037 0.388898 0.549484 0.435235 0.877319 0.454748 0.425796 0.878951 0.708113 0.871237 1 0.977752 
0.0658455 0 0.0111904 0.0315854 0.0155258 0.00241187 0.0492642 0.0194279 0.13714 0.0227897 0.0146876 0.137567 0.0877935 0.131862 0.174314 0.163028 
0.624246 0.358469 0.405798 0.486146 0.429037 0.388898 0.549448 0.435204 0.877319 0.454718 0.425796 0.879017 0.708007 0.871171 1 0.977752 
0.124481 0.0400777 0.0507525 0.0772007 0.0549777 0.0482653 0.101403 0.0653177 0.217817 0.068363 0.0603924 0.218361 0.160375 0.212156 0.263077 0.251546 
0.172744 0.0636975 0.0853437 0.115585 0.0892524 0.0774034 0.137986 0.092415 0.281332 0.101385 0.0944958 0.281922 0.206134 0.276566 0.340262 0.329181 
0.172744 0.0636975 0.0853437 0.115585 0.0892524 0.0774034 0.137986 0.092415 0.281332 0.101385 0.0944958 0.281922 0.206134 0.276566 0.340262 0.329181 
0.0991047 0.0225511 0.0322537 0.0561641 0.0361513 0.0301274 0.0781632 0.0454343 0.183861 0.0482653 0.0411176 0.184353 0.131807 0.179064 0.22549 0.214859 
0.0658455 0 0.0111904 0.0315854 0.0155258 0.00241187 0.0492642 0.0194279 0.13714 0.0227897 0.0146876 0.137567 0.0877935 0.131862 0.174314 0.163028 
0.624246 0.358469 0.405798 0.486146 0.429037 0.388898 0.549448 0.435204 0.877319 0.454718 0.425796 0.879017 0.708007 0.871171 1 0.977752 
0.132663 0.0483113 0.0652394 0.0921461 0.0692952 0.0560908 0.109692 0.0736569 0.226031 0.0829086 0.0682321 0.226578 0.168311 0.226943 0.277868 0.266604 
0.529475 0.322738 0.360315 0.42244 0.373391 0.347914 0.472138 0.380304 0.743374 0.399929 0.380122 0.744633 0.604824 0.741605 0.862876 0.838181 
0.143464 0.0510239 0.0683206 0.0952839 0.0726332 0.0592802 0.120048 0.076549 0.246242 0.0862875 0.0782006 0.246835 0.180031 0.24044 0.300724 0.28071 
0.624292 0.358469 0.405798 0.486146 0.429037 0.388898 0.549484 0.435235 0.877319 0.454748 0.425796 0.878951 0.708113 0.871237 1 0.977752 
0.132663 0.0483113 0.0652394 0.0921461 0.0692952 0.0560908 0.109692 0.0736569 0.226031 0.0829086 0.0682321 0.226578 0.168311 0.226943 0.277868 0.266604 
0.624246 0.358469 0.405798 0.486146 0.429037 0.388898 0.549448 0.435204 0.877319 0.454718 0.425796 0.879017 0.708007 0.871171 1 0.977752 
loop 17
0.0946357 0.0286049 0.0397657 0.0603781 0.0441173 0.0308408 0.0781148 0.0480742 0.173185 0.0513525 0.0431965 0.173651 0.123384 0.167662 0.210414 0.199047 
0.579974 0.335012 0.378641 0.452708 0.400063 0.363062 0.511061 0.405749 0.813234 0.423736 0.397076 0.814804 0.657276 0.807693 0.92632 0.905806 
0.060352 0 0.0158405 0.0289423 0.0142449 0.00770635 0.0451257 0.0178061 0.125713 0.0265661 0.0190732 0.126096 0.0866791 0.127474 0.159867 0.149482 
0.580054 0.334991 0.378618 0.452675 0.400063 0.363039 0.511061 0.405749 0.813234 0.423736 0.397053 0.814804 0.657276 0.807633 0.92632 0.905806 
0.12357 0.0400039 0.0556235 0.080025 0.0595412 0.0474963 0.0960607 0.0630847 0.209544 0.0718722 0.0645442 0.210057 0.149989 0.204352 0.251239 0.240625 
0.192278 0.0816732 0.101114 0.134296 0.10459 0.0940643 0.160683 0.113265 0.311898 0.121388 0.109334 0.305316 0.229175 0.300433 0.36625 0.356068 
0.192278 0.0816732 0.101114 0.134296 0.10459 0.0940643 0.160683 0.113265 0.311898 0.121388 0.109334 0.305316 0.229175 0.300433 0.36625 0.356068 
0.0960696 0.0201757 0.034402 0.0564665 0.038014 0.0270945 0.0767666 0.0465638 0.174244 0.0491772 0.0425963 0.174697 0.126216 0.169817 0.212608 0.202844 
0.060352 0 0.0158405 0.0289423 0.0142449 0.00770635 0.0451257 0.0178061 0.125713 0.0265661 0.0190732 0.126096 0.0866791 0.127474 0.159867 0.149482 
0.580054 0.334991 0.378618 0.452675 0.400063 0.363039 0.511061 0.405749 0.813234 0.423736 0.397053 0.814804 0.657276 0.807633 0.92632 0.905806 
0.146169 0.060668 0.0764409 0.10177 0.0801624 0.0677615 0.118247 0.0844231 0.234289 0.092966 0.0850713 0.234837 0.173048 0.227646 0.28255 0.264811 
0.623061 0.386023 0.429221 0.495473 0.450238 0.417902 0.550802 0.456632 0.865166 0.474727 0.456483 0.866401 0.703392 0.863008 1 0.96553 
0.141945 0.050565 0.0664064 0.0974555 0.0765117 0.0641966 0.113822 0.0801349 0.236859 0.08914 0.0754725 0.230087 0.175734 0.231517 0.279513 0.268656 
0.579974 0.335012 0.378641 0.452708 0.400063 0.363062 0.511061 0.405749 0.813234 0.423736 0.397076 0.814804 0.657276 0.807693 0.92632 0.905806 
0.146169 0.060668 0.0764409 0.10177 0.0801624 0.0677615 0.118247 0.0844231 0.234289 0.092966 0.0850713 0.234837 0.173048 0.227646 0.28255 0.264811 
0.580054 0.334991 0.378618 0.452675 0.400063 0.363039 0.511061 0.405749 0.813234 0.423736 0.397053 0.814804 0.657276 0.807633 0.92632 0.905806 
loop 18
0.081259 0.0246046 0.0341952 0.0518753 0.0379172 0.0265309 0.0670883 0.0413215 0.148659 0.0441335 0.0371379 0.149058 0.105917 0.143921 0.180567 0.170845 
0.497513 0.28736 0.324773 0.388307 0.343161 0.311412 0.438348 0.348041 0.697478 0.363464 0.340579 0.698821 0.563693 0.692623 0.794452 0.776863 
0.0569034 0 0.0135604 0.0297258 0.0122008 0.00660116 0.0386734 0.015251 0.113385 0.022755 0.0163468 0.108093 0.0742841 0.109253 0.137029 0.133934 
0.497445 0.287306 0.324733 0.388231 0.343117 0.311352 0.43832 0.347993 0.697478 0.36342 0.340535 0.698821 0.563733 0.692727 0.794452 0.776923 
0.11377 0.0370048 0.0503242 0.0763684 0.0536518 0.0484438 0.0901022 0.061828 0.187445 0.0641592 0.0579409 0.187869 0.136379 0.18303 0.229529 0.220377 
0.134879 0.0552888 0.067219 0.095765 0.0751993 0.061083 0.113168 0.0776912 0.230911 0.0846908 0.0742789 0.225403 0.166426 0.221239 0.270911 0.262281 
0.134879 0.0552888 0.067219 0.095765 0.0751993 0.061083 0.113168 0.0776912 0.230911 0.0846908 0.0742789 0.225403 0.166426 0.221239 0.270911 0.262281 
0.0824727 0.0173843 0.0295851 0.0485082 0.0326829 0.0233181 0.0659181 0.0400154 0.149517 0.0422567 0.0366127 0.149906 0.108327 0.145721 0.182419 0.174045 
0.0569034 0 0.0135604 0.0297258 0.0122008 0.00660116 0.0386734 0.015251 0.113385 0.022755 0.0163468 0.108093 0.0742841 0.109253 0.137029 0.133934 
0.497445 0.287306 0.324733 0.388231 0.343117 0.311352 0.43832 0.347993 0.697478 0.36342 0.340535 0.698821 0.563733 0.692727 0.794452 0.776923 
0.12227 0.0536282 0.0673273 0.084051 0.0705537 0.0597653 0.103606 0.0742785 0.198195 0.0764403 0.0696309 0.198655 0.151153 0.198464 0.239713 0.230715 
0.634165 0.406455 0.454242 0.516209 0.465061 0.435071 0.567514 0.471819 0.867701 0.496298 0.47062 0.859096 0.717377 0.863641 1 0.968807 
0.118088 0.0448509 0.058558 0.0799373 0.0619711 0.0514017 0.0939601 0.0650696 0.193237 0.072805 0.0610786 0.193696 0.141135 0.188698 0.236101 0.226818 
0.497513 0.28736 0.324773 0.388307 0.343161 0.311412 0.438348 0.348041 0.697478 0.363464 0.340579 0.698821 0.563693 0.692623 0.794452 0.776863 
0.12227 0.0536282 0.0673273 0.084051 0.0705537 0.0597653 0.103606 0.0742785 0.198195 0.0764403 0.0696309 0.198655 0.151153 0.198464 0.239713 0.230715 
0.497445 0.287306 0.324733 0.388231 0.343117 0.311352 0.43832 0.347993 0.697478 0.36342 0.340535 0.698821 0.563733 0.692727 0.794452 0.776923 
loop 19
0.0793448 0.0240403 0.0334073 0.0506518 0.0370425 0.0259221 0.0655073 0.0403464 0.145113 0.0430928 0.0362817 0.145502 0.103423 0.140535 0.176263 0.166771 
0.485581 0.280466 0.317003 0.378993 0.334931 0.303941 0.427861 0.339691 0.680944 0.354771 0.33243 0.682259 0.550247 0.676153 0.775625 0.75845 
0.0505265 0 0.0132581 0.0242256 0.0119222 0.00644589 0.0377756 0.0149101 0.105275 0.0222487 0.0159709 0.105596 0.0725708 0.101252 0.133862 0.12517 
0.485613 0.280466 0.317003 0.37902 0.334951 0.303941 0.427861 0.339711 0.680839 0.354771 0.33243 0.682153 0.550247 0.676098 0.7755 0.758333 
0.106419 0.0365482 0.0496167 0.0699992 0.0528824 0.0427935 0.0886736 0.0558386 0.184184 0.0631936 0.0570727 0.178667 0.134095 0.179814 0.219192 0.210298 
0.160696 0.0703632 0.0862187 0.113364 0.0890435 0.0757198 0.134889 0.096169 0.264462 0.10276 0.0929408 0.25907 0.19632 0.254946 0.30913 0.300796 
0.160696 0.0703632 0.0862187 0.113364 0.0890435 0.0757198 0.134889 0.096169 0.264462 0.10276 0.0929408 0.25907 0.19632 0.254946 0.30913 0.300796 
0.0804583 0.0213704 0.0288436 0.0472964 0.0318666 0.0272123 0.0643024 0.039023 0.145887 0.0412102 0.035689 0.146266 0.10569 0.142183 0.177996 0.169824 
0.0505265 0 0.0132581 0.0242256 0.0119222 0.00644589 0.0377756 0.0149101 0.105275 0.0222487 0.0159709 0.105596 0.0725708 0.101252 0.133862 0.12517 
0.485613 0.280466 0.317003 0.37902 0.334951 0.303941 0.427861 0.339711 0.680839 0.354771 0.33243 0.682153 0.550247 0.676098 0.7755 0.758333 
0.126251 0.0545854 0.0678264 0.0890544 0.0709407 0.0605292 0.102828 0.0745017 0.200036 0.0816573 0.0700296 0.200466 0.148736 0.194464 0.240477 0.23168 
0.631214 0.415395 0.454357 0.515343 0.473084 0.443506 0.565717 0.480018 0.870298 0.504095 0.478566 0.861699 0.721946 0.865905 1 0.969517 
0.118098 0.0467864 0.0601214 0.0809413 0.0634491 0.0531481 0.0946142 0.0664764 0.197403 0.0739882 0.0625643 0.197835 0.146317 0.192881 0.23299 0.223941 
0.485581 0.280466 0.317003 0.378993 0.334931 0.303941 0.427861 0.339691 0.680944 0.354771 0.33243 0.682259 0.550247 0.676153 0.775625 0.75845 
0.126251 0.0545854 0.0678264 0.0890544 0.0709407 0.0605292 0.102828 0.0745017 0.200036 0.0816573 0.0700296 0.200466 0.148736 0.194464 0.240477 0.23168 
0.485613 0.280466 0.317003 0.37902 0.334951 0.303941 0.427861 0.339711 0.680839 0.354771 0.33243 0.682153 0.550247 0.676098 0.7755 0.758333 
loop 20
0.0888482 0.0237506 0.0347767 0.0550748 0.0390558 0.0259655 0.0725608 0.0429572 0.166288 0.0461896 0.0381599 0.166747 0.117212 0.160871 0.202956 0.191784 
0.567286 0.325724 0.368748 0.441772 0.389881 0.353366 0.499283 0.395486 0.79723 0.413219 0.386913 0.798774 0.643439 0.791648 0.908704 0.888485 
0.0598271 0 0.0101619 0.0286834 0.014089 0.00763786 0.0447521 0.0176321 0.124582 0.0206955 0.0133374 0.12497 0.0797425 0.119814 0.158375 0.148095 
0.567208 0.325683 0.368697 0.441713 0.389835 0.353325 0.49925 0.395435 0.79729 0.413164 0.386863 0.798774 0.643394 0.791648 0.908778 0.888554 
0.121972 0.0394959 0.0549214 0.0790046 0.0587686 0.0468783 0.0948358 0.0622666 0.206769 0.0709602 0.0577928 0.207246 0.148003 0.201627 0.247896 0.237425 
0.179862 0.0738192 0.0924854 0.124261 0.0958029 0.0857117 0.149576 0.104102 0.294749 0.1119 0.100377 0.295344 0.22172 0.290548 0.354143 0.337235 
0.179862 0.0738192 0.0924854 0.124261 0.0958029 0.0857117 0.149576 0.104102 0.294749 0.1119 0.100377 0.295344 0.22172 0.290548 0.354143 0.337235 
0.0902618 0.0154282 0.0294658 0.051201 0.0330116 0.0222617 0.071211 0.0414558 0.167331 0.0440157 0.0375287 0.167741 0.119982 0.162967 0.205154 0.195527 
0.0598271 0 0.0101619 0.0286834 0.014089 0.00763786 0.0447521 0.0176321 0.124582 0.0206955 0.0133374 0.12497 0.0797425 0.119814 0.158375 0.148095 
0.567208 0.325683 0.368697 0.441713 0.389835 0.353325 0.49925 0.395435 0.79729 0.413164 0.386863 0.798774 0.643394 0.791648 0.908778 0.888554 
0.13501 0.0517064 0.0671236 0.0917384 0.0707939 0.058724 0.107738 0.0748395 0.220817 0.0832428 0.0697845 0.221347 0.161196 0.214608 0.268226 0.250789 
0.638234 0.415797 0.454094 0.518381 0.476509 0.440311 0.569647 0.475448 0.869759 0.504263 0.483139 0.859803 0.725731 0.875387 1 0.975568 
0.12892 0.0454435 0.061051 0.085426 0.0649505 0.0529064 0.107763 0.0684904 0.221763 0.0772855 0.0699913 0.222261 0.161924 0.216533 0.270964 0.260265 
0.567286 0.325724 0.368748 0.441772 0.389881 0.353366 0.499283 0.395486 0.79723 0.413219 0.386913 0.798774 0.643439 0.791648 0.908704 0.888485 
0.13501 0.0517064 0.0671236 0.0917384 0.0707939 0.058724 0.107738 0.0748395 0.220817 0.0832428 0.0697845 0.221347 0.161196 0.214608 0.268226 0.250789 
0.567208 0.325683 0.368697 0.441713 0.389835 0.353325 0.49925 0.395435 0.79729 0.413164 0.386863 0.798774 0.643394 0.791648 0.908778 0.888554 
loop 21
0.0911793 0.027397 0.0381912 0.0580902 0.0423922 0.0295648 0.0752131 0.0462121 0.167019 0.0493769 0.0415032 0.167468 0.118914 0.161714 0.202963 0.191988 
0.559696 0.323121 0.365246 0.436753 0.385947 0.350214 0.493102 0.391432 0.784925 0.408795 0.383036 0.786437 0.634312 0.779517 0.894096 0.874295 
0.0583449 0 0.00992361 0.0279747 0.013761 0.00744946 0.0436363 0.0171976 0.12153 0.025672 0.0184416 0.121899 0.0838013 0.116903 0.154544 0.144527 
0.559849 0.323282 0.365413 0.436924 0.386118 0.350345 0.493269 0.391585 0.785105 0.408952 0.383212 0.786622 0.634407 0.779634 0.894307 0.874502 
0.117809 0.0431463 0.0582823 0.0819004 0.0620775 0.0503982 0.0974076 0.0654821 0.207247 0.0740181 0.0611056 0.207753 0.149614 0.202237 0.247584 0.237303 
0.203865 0.0889332 0.112545 0.143554 0.115754 0.100469 0.174245 0.123876 0.330085 0.131437 0.120244 0.330675 0.244905 0.325955 0.396048 0.379131 
0.203865 0.0889332 0.112545 0.143554 0.115754 0.100469 0.174245 0.123876 0.330085 0.131437 0.120244 0.330675 0.244905 0.325955 0.396048 0.379131 
0.0926802 0.0193613 0.0331084 0.0544138 0.0365989 0.0260603 0.0740275 0.0448601 0.168187 0.0473702 0.0410109 0.168624 0.12181 0.16391 0.205254 0.19582 
0.0583449 0 0.00992361 0.0279747 0.013761 0.00744946 0.0436363 0.0171976 0.12153 0.025672 0.0184416 0.121899 0.0838013 0.116903 0.154544 0.144527 
0.559849 0.323282 0.365413 0.436924 0.386118 0.350345 0.493269 0.391585 0.785105 0.408952 0.383212 0.786622 0.634407 0.779634 0.894307 0.874502 
0.136416 0.0542703 0.0694428 0.0937672 0.0730418 0.066768 0.10958 0.0771073 0.221113 0.0853356 0.0777736 0.221588 0.162299 0.214806 0.267624 0.250504 
0.627446 0.412831 0.449891 0.511905 0.471627 0.436659 0.561217 0.470295 0.86176 0.498375 0.478084 0.863154 0.711997 0.867649 1 0.964627 
0.131125 0.0490102 0.0643613 0.0883569 0.0681942 0.0563283 0.110316 0.0716915 0.222404 0.0803346 0.0731443 0.222932 0.163582 0.21722 0.270749 0.253 
0.559696 0.323121 0.365246 0.436753 0.385947 0.350214 0.493102 0.391432 0.784925 0.408795 0.383036 0.786437 0.634312 0.779517 0.894096 0.874295 
0.136416 0.0542703 0.0694428 0.0937672 0.0730418 0.066768 0.10958 0.0771073 0.221113 0.0853356 0.0777736 0.221588 0.162299 0.214806 0.267624 0.250504 
0.559849 0.323282 0.365413 0.436924 0.386118 0.350345 0.493269 0.391585 0.785105 0.408952 0.383212 0.786622 0.634407 0.779634 0.894307 0.874502 
loop 22
0.0940661 0.0285685 0.0396766 0.0600797 0.0439836 0.0307867 0.077676 0.047898 0.171965 0.0511518 0.0430821 0.172427 0.122587 0.166543 0.208894 0.197651 
0.575642 0.33254 0.375852 0.449332 0.3971 0.360368 0.507229 0.402745 0.807042 0.42059 0.394113 0.808596 0.6523 0.80148 0.919238 0.898891 
0.0657939 0 0.0156698 0.0343715 0.014097 0.00762826 0.0447242 0.0232223 0.131118 0.0263156 0.0188885 0.124974 0.0858988 0.126341 0.158447 0.15487 
0.575642 0.33254 0.375824 0.449305 0.397077 0.360368 0.507229 0.402717 0.806977 0.420562 0.394113 0.808535 0.6523 0.80148 0.919168 0.898817 
0.122873 0.0398532 0.0553936 0.0796089 0.0592655 0.047285 0.101765 0.0627815 0.208182 0.0715184 0.0642294 0.208691 0.14907 0.203029 0.249569 0.239033 
0.188721 0.0810264 0.0999889 0.13225 0.109149 0.0930777 0.15796 0.111778 0.312364 0.11966 0.107998 0.305926 0.231192 0.301097 0.365639 0.355685 
0.188721 0.0810264 0.0999889 0.13225 0.109149 0.0930777 0.15796 0.111778 0.312364 0.11966 0.107998 0.305926 0.231192 0.301097 0.365639 0.355685 
0.0953925 0.0253605 0.0342222 0.0560926 0.0378172 0.0322916 0.0762349 0.0462943 0.172932 0.0488675 0.0423451 0.173344 0.125281 0.168543 0.210972 0.20129 
0.0657939 0 0.0156698 0.0343715 0.014097 0.00762826 0.0447242 0.0232223 0.131118 0.0263156 0.0188885 0.124974 0.0858988 0.126341 0.158447 0.15487 
0.575642 0.33254 0.375824 0.449305 0.397077 0.360368 0.507229 0.402717 0.806977 0.420562 0.394113 0.808535 0.6523 0.80148 0.919168 0.898817 
0.150603 0.0650496 0.080835 0.106226 0.0845363 0.0720907 0.122694 0.0888743 0.238797 0.0973597 0.0894512 0.239306 0.177491 0.23198 0.286864 0.269143 
0.622674 0.395075 0.440086 0.509545 0.452467 0.427691 0.557728 0.468944 0.862608 0.487474 0.458842 0.863926 0.705568 0.858799 1 0.965002 
0.135058 0.0508661 0.0666095 0.0911863 0.0705341 0.0583954 0.113729 0.0740953 0.228696 0.0829792 0.0756233 0.229238 0.168367 0.223415 0.270849 0.260107 
0.575642 0.33254 0.375852 0.449332 0.3971 0.360368 0.507229 0.402745 0.807042 0.42059 0.394113 0.808596 0.6523 0.80148 0.919238 0.898891 
0.150603 0.0650496 0.080835 0.106226 0.0845363 0.0720907 0.122694 0.0888743 0.238797 0.0973597 0.0894512 0.239306 0.177491 0.23198 0.286864 0.269143 
0.575642 0.33254 0.375824 0.449305 0.397077 0.360368 0.507229 0.402717 0.806977 0.420562 0.394113 0.808535 0.6523 0.80148 0.919168 0.898817 
loop 23
0.0997861 0.030223 0.0420054 0.0636967 0.0465782 0.0325779 0.0823823 0.0507474 0.182535 0.0542014 0.0456206 0.183026 0.130072 0.176746 0.221753 0.209778 
0.611421 0.353153 0.39913 0.477213 0.421732 0.382712 0.538746 0.427723 0.857104 0.44668 0.418559 0.858754 0.692805 0.851265 0.976269 0.954655 
0.0635941 0 0.0166838 0.0305088 0.015013 0.00811133 0.0475625 0.018773 0.132489 0.0279963 0.0201084 0.132893 0.0913344 0.127426 0.168462 0.157525 
0.611421 0.353175 0.39913 0.477179 0.421732 0.382737 0.538711 0.427723 0.857237 0.44668 0.418559 0.858823 0.692805 0.851328 0.976348 0.954807 
0.135861 0.0474583 0.0640041 0.0897786 0.0681315 0.0553781 0.10676 0.0718679 0.2343 0.0811904 0.0734577 0.227261 0.170867 0.221278 0.278644 0.267343 
0.223866 0.0993407 0.118797 0.158499 0.128333 0.111818 0.18524 0.137179 0.360517 0.145329 0.127046 0.353702 0.268235 0.348589 0.424055 0.405957 
0.223866 0.0993407 0.118797 0.158499 0.128333 0.111818 0.18524 0.137179 0.360517 0.145329 0.127046 0.353702 0.268235 0.348589 0.424055 0.405957 
0.101203 0.0268451 0.0362574 0.0594677 0.0400439 0.0341917 0.0808584 0.0490623 0.183544 0.0518126 0.0448687 0.183982 0.132943 0.178883 0.223939 0.213658 
0.0635941 0 0.0166838 0.0305088 0.015013 0.00811133 0.0475625 0.018773 0.132489 0.0279963 0.0201084 0.132893 0.0913344 0.127426 0.168462 0.157525 
0.611421 0.353175 0.39913 0.477179 0.421732 0.382737 0.538711 0.427723 0.857237 0.44668 0.418559 0.858823 0.692805 0.851328 0.976348 0.954807 
0.159408 0.0688314 0.085554 0.112405 0.0894785 0.0763195 0.129831 0.0940336 0.252757 0.10303 0.0946922 0.253297 0.187859 0.253101 0.30372 0.292668 
0.62978 0.405539 0.456031 0.514028 0.469724 0.441494 0.568105 0.46856 0.862408 0.499147 0.476811 0.863763 0.71104 0.868557 1 0.96186 
0.142993 0.0536612 0.0703769 0.0964431 0.0745357 0.0616541 0.120361 0.0783085 0.242329 0.0877252 0.0799321 0.242906 0.178334 0.23673 0.287015 0.275678 
0.611421 0.353153 0.39913 0.477213 0.421732 0.382712 0.538746 0.427723 0.857104 0.44668 0.418559 0.858754 0.692805 0.851265 0.976269 0.954655 
0.159408 0.0688314 0.085554 0.112405 0.0894785 0.0763195 0.129831 0.0940336 0.252757 0.10303 0.0946922 0.253297 0.187859 0.253101 0.30372 0.292668 
0.611421 0.353175 0.39913 0.477179 0.421732 0.382737 0.538711 0.427723 0.857237 0.44668 0.418559 0.858823 0.692805 0.851328 0.976348 0.954807 
loop 24
0.0933232 0.0249091 0.0364905 0.0578265 0.0409854 0.0272235 0.0762122 0.0450829 0.17468 0.0484783 0.0400438 0.175163 0.1231 0.168989 0.213238 0.209322 
0.596307 0.342427 0.387631 0.464367 0.409852 0.371489 0.524864 0.415743 0.83803 0.434381 0.406733 0.83959 0.676264 0.832096 0.95521 0.93396 
0.0628965 0 0.0106909 0.0301728 0.01483 0.00230081 0.0409559 0.0185547 0.130964 0.0217633 0.0140289 0.131372 0.0838307 0.125926 0.166488 0.15568 
0.596225 0.342341 0.387559 0.464275 0.409746 0.371393 0.524753 0.415637 0.837833 0.43427 0.406627 0.83946 0.676215 0.831966 0.954983 0.933738 
0.122621 0.0422413 0.0585633 0.0839736 0.0626357 0.0500385 0.100639 0.0663059 0.218821 0.069163 0.0615927 0.219322 0.156852 0.213466 0.262168 0.251146 
0.198887 0.0856091 0.105543 0.139525 0.109076 0.0923227 0.16652 0.117906 0.321447 0.126185 0.113966 0.322083 0.236598 0.316947 0.384797 0.366704 
0.198887 0.0856091 0.105543 0.139525 0.109076 0.0923227 0.16652 0.117906 0.321447 0.126185 0.113966 0.322083 0.236598 0.316947 0.384797 0.366704 
0.0949915 0.0163066 0.0310598 0.0539245 0.0348058 0.0234958 0.0749737 0.0436715 0.176024 0.0463654 0.0395407 0.176454 0.126223 0.171434 0.215805 0.205635 
0.0628965 0 0.0106909 0.0301728 0.01483 0.00230081 0.0409559 0.0185547 0.130964 0.0217633 0.0140289 0.131372 0.0838307 0.125926 0.166488 0.15568 
0.596225 0.342341 0.387559 0.464275 0.409746 0.371393 0.524753 0.415637 0.837833 0.43427 0.406627 0.83946 0.676215 0.831966 0.954983 0.933738 
0.15966 0.0710225 0.0873773 0.113657 0.0912141 0.0783208 0.130681 0.0956612 0.258295 0.104503 0.0963473 0.258859 0.19443 0.251288 0.308484 0.297634 
0.633145 0.410422 0.450716 0.518413 0.464212 0.43624 0.561474 0.473044 0.863863 0.493247 0.471098 0.853467 0.71369 0.86988 1 0.962183 
0.136863 0.0486855 0.065191 0.0909195 0.069288 0.0565802 0.107799 0.0730234 0.234863 0.0823155 0.0682282 0.227879 0.171714 0.229329 0.278939 0.267734 
0.596307 0.342427 0.387631 0.464367 0.409852 0.371489 0.524864 0.415743 0.83803 0.434381 0.406733 0.83959 0.676264 0.832096 0.95521 0.93396 
0.15966 0.0710225 0.0873773 0.113657 0.0912141 0.0783208 0.130681 0.0956612 0.258295 0.104503 0.0963473 0.258859 0.19443 0.251288 0.308484 0.297634 
0.596225 0.342341 0.387559 0.464275 0.409746 0.371393 0.524753 0.415637 0.837833 0.43427 0.406627 0.83946 0.676215 0.831966 0.954983 0.933738 
loop 25
0.0989827 0.0298377 0.0415376 0.0631168 0.0460866 0.0321818 0.0816887 0.0502209 0.181256 0.053657 0.0451216 0.181744 0.129105 0.1755 0.220259 0.208384 
0.607528 0.350794 0.396526 0.474116 0.418966 0.380177 0.535281 0.424924 0.851991 0.443769 0.415811 0.853568 0.688516 0.846057 0.970484 0.948992 
0.0633634 0 0.0107867 0.0303871 0.0149508 0.00808219 0.0473836 0.0186911 0.131997 0.0278882 0.0200302 0.132399 0.0909938 0.126974 0.167841 0.156935 
0.607528 0.350794 0.396526 0.474116 0.418966 0.380177 0.535281 0.424924 0.852054 0.443769 0.415811 0.853632 0.688467 0.846057 0.970562 0.949065 
0.129323 0.0417222 0.0581024 0.0836504 0.0622075 0.0495866 0.107064 0.0659204 0.219337 0.0751278 0.0674499 0.219874 0.163996 0.213939 0.263016 0.251897 
0.212221 0.0948527 0.114266 0.153807 0.123721 0.10729 0.180401 0.126444 0.347604 0.140685 0.122504 0.348234 0.25618 0.335753 0.410527 0.39261 
0.212221 0.0948527 0.114266 0.153807 0.123721 0.10729 0.180401 0.126444 0.347604 0.140685 0.122504 0.348234 0.25618 0.335753 0.410527 0.39261 
0.10053 0.0209849 0.0358957 0.0590024 0.0396652 0.0282364 0.0802759 0.0486421 0.182467 0.0513637 0.0444672 0.182902 0.132126 0.177827 0.222678 0.212443 
0.0633634 0 0.0107867 0.0303871 0.0149508 0.00808219 0.0473836 0.0186911 0.131997 0.0278882 0.0200302 0.132399 0.0909938 0.126974 0.167841 0.156935 
0.607528 0.350794 0.396526 0.474116 0.418966 0.380177 0.535281 0.424924 0.852054 0.443769 0.415811 0.853632 0.688467 0.846057 0.970562 0.949065 
0.138985 0.0506604 0.0670182 0.0930883 0.0709167 0.0581322 0.110099 0.0751893 0.222833 0.0840895 0.0760292 0.223318 0.166862 0.223538 0.272883 0.262008 
0.629626 0.414717 0.455548 0.513779 0.469242 0.440947 0.567888 0.478198 0.862515 0.498665 0.476264 0.852015 0.710872 0.868692 1 0.961821 
0.13792 0.0488462 0.0655053 0.0915095 0.0696475 0.0631295 0.115331 0.079896 0.237014 0.0828173 0.0749988 0.237575 0.17317 0.231402 0.28162 0.270244 
0.607528 0.350794 0.396526 0.474116 0.418966 0.380177 0.535281 0.424924 0.851991 0.443769 0.415811 0.853568 0.688516 0.846057 0.970484 0.948992 
0.138985 0.0506604 0.0670182 0.0930883 0.0709167 0.0581322 0.110099 0.0751893 0.222833 0.0840895 0.0760292 0.223318 0.166862 0.223538 0.272883 0.262008 
0.607528 0.350794 0.396526 0.474116 0.418966 0.380177 0.535281 0.424924 0.852054 0.443769 0.415811 0.853632 0.688467 0.846057 0.970562 0.949065 
loop 26
0.0935435 0.0185822 0.0365239 0.0579411 0.0410509 0.0272522 0.0763743 0.0451543 0.175163 0.0485538 0.0400947 0.175645 0.123399 0.169449 0.213806 0.202024 
0.596886 0.342592 0.387881 0.464756 0.410107 0.371696 0.525336 0.416032 0.83907 0.434699 0.407006 0.840632 0.6771 0.833193 0.956437 0.935149 
0.0629248 0 0.0107001 0.0301786 0.0148591 0.00230923 0.0409677 0.018557 0.130995 0.0217829 0.0140566 0.131403 0.0838737 0.126025 0.16657 0.155739 
0.596969 0.342636 0.387934 0.464785 0.41016 0.371739 0.52537 0.416086 0.83907 0.434757 0.40706 0.840632 0.677148 0.833193 0.956437 0.935149 
0.122793 0.0361906 0.0523843 0.0776348 0.0564213 0.0439421 0.100784 0.0663475 0.211855 0.0692178 0.0616187 0.212346 0.157073 0.20648 0.262716 0.251612 
0.185658 0.0783077 0.098371 0.126258 0.101936 0.0851096 0.153283 0.110853 0.308351 0.119224 0.106845 0.308957 0.23032 0.303872 0.371788 0.353682 
0.185658 0.0783077 0.098371 0.126258 0.101936 0.0851096 0.153283 0.110853 0.308351 0.119224 0.106845 0.308957 0.23032 0.303872 0.371788 0.353682 
0.0945743 0.0213248 0.0305932 0.0534687 0.034338 0.0285742 0.0745367 0.0432204 0.175673 0.0459292 0.03909 0.176143 0.125865 0.171083 0.215459 0.205333 
0.0629248 0 0.0107001 0.0301786 0.0148591 0.00230923 0.0409677 0.018557 0.130995 0.0217829 0.0140566 0.131403 0.0838737 0.126025 0.16657 0.155739 
0.596969 0.342636 0.387934 0.464785 0.41016 0.371739 0.52537 0.416086 0.83907 0.434757 0.40706 0.840632 0.677148 0.833193 0.956437 0.935149 
0.146379 0.0632677 0.0798357 0.10651 0.0836996 0.0706409 0.123804 0.088274 0.245776 0.0971801 0.0825924 0.238906 0.181383 0.238575 0.288514 0.27761 
0.632894 0.410359 0.450603 0.518023 0.464171 0.436189 0.561314 0.472946 0.86385 0.49315 0.471064 0.853451 0.713649 0.869863 1 0.962179 
0.131104 0.0431188 0.0595702 0.0852431 0.0636735 0.0572334 0.10877 0.0737918 0.228997 0.0766684 0.0689576 0.229553 0.165919 0.2235 0.273062 0.261836 
0.596886 0.342592 0.387881 0.464756 0.410107 0.371696 0.525336 0.416032 0.83907 0.434699 0.407006 0.840632 0.6771 0.833193 0.956437 0.935149 
0.146379 0.0632677 0.0798357 0.10651 0.0836996 0.0706409 0.123804 0.088274 0.245776 0.0971801 0.0825924 0.238906 0.181383 0.238575 0.288514 0.27761 
0.596969 0.342636 0.387934 0.464785 0.41016 0.371739 0.52537 0.416086 0.83907 0.434757 0.40706 0.840632 0.677148 0.833193 0.956437 0.935149 
loop 27
0.104089 0.0282988 0.0398766 0.0613753 0.0443994 0.0305731 0.0798303 0.0485462 0.186526 0.0519323 0.0434236 0.187005 0.13433 0.180768 0.225488 0.213581 
0.601546 0.345172 0.390816 0.468325 0.413247 0.374514 0.529367 0.419196 0.845543 0.438019 0.410097 0.847186 0.682327 0.839618 0.963852 0.942396 
0.063557 0 0.0108025 0.0304755 0.0149962 0.00234015 0.0413751 0.0187358 0.132315 0.0219878 0.0141872 0.132726 0.0847017 0.127263 0.161091 0.157331 
0.601673 0.34526 0.390913 0.468418 0.413354 0.374612 0.529513 0.419308 0.845742 0.438131 0.410204 0.847317 0.682527 0.839876 0.964081 0.94262 
0.128858 0.0411537 0.0575484 0.0831359 0.0616435 0.0489909 0.0999675 0.0653695 0.218975 0.0745872 0.0606078 0.219481 0.156516 0.213474 0.262593 0.251524 
0.189496 0.0784069 0.0978707 0.13128 0.10134 0.084968 0.157795 0.110066 0.317237 0.118187 0.106121 0.310556 0.233354 0.305532 0.372139 0.361909 
0.189496 0.0784069 0.0978707 0.13128 0.10134 0.084968 0.157795 0.110066 0.317237 0.118187 0.106121 0.310556 0.233354 0.305532 0.372139 0.361909 
0.0953297 0.0158656 0.0307608 0.0538443 0.0345424 0.023124 0.0750958 0.0434934 0.177149 0.0462305 0.0393397 0.177623 0.126865 0.172515 0.217316 0.207093 
0.063557 0 0.0108025 0.0304755 0.0149962 0.00234015 0.0413751 0.0187358 0.132315 0.0219878 0.0141872 0.132726 0.0847017 0.127263 0.161091 0.157331 
0.601673 0.34526 0.390913 0.468418 0.413354 0.374612 0.529513 0.419308 0.845742 0.438131 0.410204 0.847317 0.682527 0.839876 0.964081 0.94262 
0.157887 0.06762 0.0842677 0.111058 0.0881844 0.0750393 0.128401 0.0927242 0.250804 0.10171 0.0870345 0.251401 0.186188 0.251102 0.301536 0.290533 
0.630302 0.405913 0.446533 0.514518 0.460167 0.431938 0.558161 0.468983 0.862829 0.489322 0.46712 0.852355 0.711405 0.856846 1 0.961823 
0.143464 0.0478265 0.0644172 0.090287 0.068545 0.0557437 0.114025 0.0787677 0.242731 0.081655 0.0739011 0.235641 0.17156 0.229513 0.287396 0.276027 
0.601546 0.345172 0.390816 0.468325 0.413247 0.374514 0.529367 0.419196 0.845543 0.438019 0.410097 0.847186 0.682327 0.839618 0.963852 0.942396 
0.157887 0.06762 0.0842677 0.111058 0.0881844 0.0750393 0.128401 0.0927242 0.250804 0.10171 0.0870345 0.251401 0.186188 0.251102 0.301536 0.290533 
0.601673 0.34526 0.390913 0.468418 0.413354 0.374612 0.529513 0.419308 0.845742 0.438131 0.410204 0.847317 0.682527 0.839876 0.964081 0.94262 
loop 28
0.0995288 0.0232364 0.0415136 0.0632895 0.0461099 0.0320626 0.0820522 0.0502738 0.182576 0.0537478 0.0451492 0.183067 0.129918 0.176791 0.221904 0.209912 
0.612169 0.353237 0.399339 0.477634 0.422 0.382878 0.5393 0.428013 0.858636 0.44702 0.418819 0.860226 0.693817 0.852712 0.978063 0.956465 
0.0641399 0 0.0109101 0.030766 0.0151361 0.00818602 0.0479766 0.0189129 0.133558 0.0222176 0.0143418 0.133989 0.0855105 0.128491 0.162643 0.15882 
0.612169 0.353237 0.399339 0.477605 0.422 0.382878 0.5393 0.428013 0.858636 0.44702 0.418819 0.860226 0.693817 0.852712 0.978136 0.956465 
0.124581 0.0425836 0.0592043 0.0851274 0.0633515 0.050551 0.102176 0.067119 0.215253 0.0700667 0.0623229 0.215783 0.15946 0.209801 0.26703 0.248067 
0.183365 0.0731305 0.0937423 0.128794 0.097432 0.0861945 0.15015 0.106565 0.301896 0.115137 0.102434 0.302536 0.222191 0.297293 0.358922 0.348246 
0.183365 0.0731305 0.0937423 0.128794 0.097432 0.0861945 0.15015 0.106565 0.301896 0.115137 0.102434 0.302536 0.222191 0.297293 0.358922 0.348246 
0.100801 0.0205813 0.0356336 0.0589404 0.0394361 0.0279085 0.0803977 0.0484897 0.183436 0.0512355 0.044279 0.183875 0.132667 0.178757 0.22399 0.213668 
0.0641399 0 0.0109101 0.030766 0.0151361 0.00818602 0.0479766 0.0189129 0.133558 0.0222176 0.0143418 0.133989 0.0855105 0.128491 0.162643 0.15882 
0.612169 0.353237 0.399339 0.477605 0.422 0.382878 0.5393 0.428013 0.858636 0.44702 0.418819 0.860226 0.693817 0.852712 0.978136 0.956465 
0.167453 0.0766361 0.0933863 0.120345 0.0973069 0.0840913 0.137784 0.101899 0.268461 0.110936 0.10255 0.261449 0.20302 0.261192 0.319773 0.308667 
0.629433 0.414486 0.455308 0.513379 0.469066 0.440767 0.567555 0.4779 0.862191 0.498424 0.476088 0.86355 0.721865 0.868612 1 0.96169 
0.149138 0.0526359 0.0693704 0.102171 0.0735481 0.0670368 0.119434 0.0838737 0.249383 0.0867814 0.078948 0.242187 0.184792 0.243697 0.294379 0.282966 
0.612169 0.353237 0.399339 0.477634 0.422 0.382878 0.5393 0.428013 0.858636 0.44702 0.418819 0.860226 0.693817 0.852712 0.978063 0.956465 
0.167453 0.0766361 0.0933863 0.120345 0.0973069 0.0840913 0.137784 0.101899 0.268461 0.110936 0.10255 0.261449 0.20302 0.261192 0.319773 0.308667 
0.612169 0.353237 0.399339 0.477605 0.422 0.382878 0.5393 0.428013 0.858636 0.44702 0.418819 0.860226 0.693817 0.852712 0.978136 0.956465 
loop 29
0.093433 0.0191742 0.0369562 0.0581542 0.0414304 0.0277561 0.0764197 0.0454968 0.17425 0.0488659 0.0404954 0.174729 0.123017 0.168619 0.212567 0.200893 
0.592319 0.340315 0.385184 0.461355 0.407239 0.369163 0.5214 0.413091 0.832254 0.431561 0.404143 0.833802 0.671735 0.826364 0.948495 0.927476 
0.0621976 0 0.0105722 0.0298298 0.0146602 0.00793824 0.0465243 0.0183369 0.129549 0.0215124 0.0138766 0.129981 0.08931 0.124572 0.164703 0.154023 
0.592319 0.340294 0.38516 0.461355 0.407215 0.369139 0.5214 0.413062 0.832062 0.431561 0.404119 0.833673 0.671682 0.826364 0.948347 0.927327 
0.122971 0.0369672 0.0530536 0.0781426 0.0570677 0.0446759 0.10109 0.0607138 0.211404 0.0697544 0.0622321 0.211932 0.150128 0.206063 0.254307 0.243385 
0.162441 0.063528 0.0831493 0.110625 0.0866837 0.0702207 0.130909 0.0895056 0.275159 0.0976317 0.0855906 0.27571 0.199337 0.270655 0.329314 0.311899 
0.162441 0.063528 0.0831493 0.110625 0.0866837 0.0702207 0.130909 0.0895056 0.275159 0.0976317 0.0855906 0.27571 0.199337 0.270655 0.329314 0.311899 
0.0944351 0.0218747 0.0310595 0.0537269 0.0347698 0.0290586 0.0745823 0.0435549 0.174786 0.0462387 0.0394789 0.175251 0.125437 0.170238 0.21425 0.204216 
0.0621976 0 0.0105722 0.0298298 0.0146602 0.00793824 0.0465243 0.0183369 0.129549 0.0215124 0.0138766 0.129981 0.08931 0.124572 0.164703 0.154023 
0.592319 0.340294 0.38516 0.461355 0.407215 0.369139 0.5214 0.413062 0.832062 0.431561 0.404119 0.833673 0.671682 0.826364 0.948347 0.927327 
0.13223 0.0454436 0.0615012 0.087129 0.0653386 0.0587116 0.103851 0.0695444 0.22175 0.0782873 0.0703295 0.215108 0.15957 0.215281 0.263698 0.253027 
0.625502 0.405418 0.454981 0.511997 0.468348 0.440623 0.56493 0.477204 0.865035 0.497208 0.475239 0.854716 0.71597 0.870953 1 0.962537 
0.142104 0.0540466 0.0705168 0.0962462 0.0746178 0.0619057 0.113106 0.0783683 0.239947 0.0876398 0.0735308 0.240521 0.176918 0.234399 0.283862 0.272672 
0.592319 0.340315 0.385184 0.461355 0.407239 0.369163 0.5214 0.413091 0.832254 0.431561 0.404143 0.833802 0.671735 0.826364 0.948495 0.927476 
0.13223 0.0454436 0.0615012 0.087129 0.0653386 0.0587116 0.103851 0.0695444 0.22175 0.0782873 0.0703295 0.215108 0.15957 0.215281 0.263698 0.253027 
0.592319 0.340294 0.38516 0.461355 0.407215 0.369139 0.5214 0.413062 0.832062 0.431561 0.404119 0.833673 0.671682 0.826364 0.948347 0.927327 
loop 30
0.10059 0.0234735 0.0419652 0.0639553 0.0466095 0.0323913 0.0829308 0.0508312 0.184538 0.0543421 0.0456388 0.185036 0.131322 0.178692 0.224321 0.2122 
0.618872 0.357098 0.403725 0.482842 0.426608 0.387059 0.54521 0.432681 0.867953 0.451895 0.423392 0.869561 0.701409 0.86197 0.98875 0.966838 
0.0647886 0 0.0110234 0.0310597 0.0152825 0.00827167 0.0484453 0.0190985 0.134967 0.0285001 0.0204748 0.135376 0.0930313 0.129821 0.171632 0.160493 
0.618787 0.357076 0.4037 0.482808 0.426578 0.387059 0.545135 0.432656 0.868023 0.451865 0.423362 0.869695 0.701255 0.86197 0.988825 0.966917 
0.130115 0.0473611 0.0641474 0.0837467 0.0683348 0.0553799 0.107504 0.0721259 0.229197 0.0750802 0.0672775 0.222128 0.165362 0.223603 0.27385 0.262507 
0.151308 0.0517586 0.0727989 0.0960544 0.0766308 0.0650275 0.11775 0.0797679 0.256811 0.088497 0.0755467 0.250033 0.183817 0.244756 0.306352 0.288093 
0.151308 0.0517586 0.0727989 0.0960544 0.0766308 0.0650275 0.11775 0.0797679 0.256811 0.088497 0.0755467 0.250033 0.183817 0.244756 0.306352 0.288093 
0.101936 0.0208422 0.036043 0.0596002 0.0399024 0.0282492 0.0812876 0.0490377 0.185511 0.0518303 0.0447981 0.185914 0.134148 0.180701 0.226418 0.215986 
0.0647886 0 0.0110234 0.0310597 0.0152825 0.00827167 0.0484453 0.0190985 0.134967 0.0285001 0.0204748 0.135376 0.0930313 0.129821 0.171632 0.160493 
0.618787 0.357076 0.4037 0.482808 0.426578 0.387059 0.545135 0.432656 0.868023 0.451865 0.423362 0.869695 0.701255 0.86197 0.988825 0.966917 
0.161193 0.0687659 0.085803 0.113238 0.0897788 0.0826839 0.131034 0.0945092 0.256485 0.103631 0.0950618 0.257033 0.197419 0.256634 0.308296 0.297047 
0.634701 0.415462 0.457037 0.516498 0.47098 0.442119 0.571642 0.480105 0.860337 0.500982 0.478163 0.861676 0.717592 0.866559 1 0.961262 
0.145352 0.0544008 0.0714171 0.0979459 0.0756452 0.0625316 0.115387 0.0795006 0.246478 0.0890884 0.0745521 0.239272 0.181314 0.240768 0.291964 0.280401 
0.618872 0.357098 0.403725 0.482842 0.426608 0.387059 0.54521 0.432681 0.867953 0.451895 0.423392 0.869561 0.701409 0.86197 0.98875 0.966838 
0.161193 0.0687659 0.085803 0.113238 0.0897788 0.0826839 0.131034 0.0945092 0.256485 0.103631 0.0950618 0.257033 0.197419 0.256634 0.308296 0.297047 
0.618787 0.357076 0.4037 0.482808 0.426578 0.387059 0.545135 0.432656 0.868023 0.451865 0.423362 0.869695 0.701255 0.86197 0.988825 0.966917 
loop 31
0.0944401 0.0224127 0.0396723 0.0602227 0.0440096 0.030742 0.0779299 0.0479522 0.172821 0.051218 0.0431031 0.173285 0.123122 0.167361 0.209974 0.198654 
0.578323 0.333891 0.377425 0.451285 0.398786 0.361861 0.509511 0.404458 0.810999 0.422425 0.395807 0.812561 0.655381 0.805411 0.923797 0.903408 
0.0603236 0 0.0102645 0.0289317 0.0142299 0.00769793 0.0451053 0.0177923 0.125661 0.0265511 0.019067 0.126043 0.0866362 0.120878 0.159792 0.149437 
0.578285 0.33387 0.377402 0.451285 0.398786 0.361861 0.509511 0.404458 0.810999 0.422398 0.395783 0.812561 0.655381 0.805351 0.923797 0.903338 
0.12777 0.0442616 0.0598866 0.0842397 0.06378 0.051747 0.100259 0.0673028 0.213562 0.0760997 0.0627926 0.214045 0.154088 0.208398 0.255138 0.244588 
0.160012 0.0637363 0.0841584 0.112678 0.0878616 0.0707703 0.133769 0.0908085 0.268844 0.0992553 0.0867654 0.262203 0.198082 0.257199 0.316884 0.306489 
0.160012 0.0637363 0.0841584 0.112678 0.0878616 0.0707703 0.133769 0.0908085 0.268844 0.0992553 0.0867654 0.262203 0.198082 0.257199 0.316884 0.306489 
0.0957752 0.0200335 0.0342434 0.0562489 0.0378365 0.0269444 0.0764995 0.046374 0.173804 0.0489857 0.0424118 0.174256 0.125878 0.169385 0.212111 0.202361 
0.0603236 0 0.0102645 0.0289317 0.0142299 0.00769793 0.0451053 0.0177923 0.125661 0.0265511 0.019067 0.126043 0.0866362 0.120878 0.159792 0.149437 
0.578285 0.33387 0.377402 0.451285 0.398786 0.361861 0.509511 0.404458 0.810999 0.422398 0.395783 0.812561 0.655381 0.805351 0.923797 0.903338 
0.153572 0.0678523 0.0836577 0.109111 0.0933755 0.080815 0.131922 0.0977626 0.249033 0.106331 0.0922691 0.249565 0.187172 0.249227 0.297424 0.286962 
0.632174 0.414025 0.451671 0.514616 0.464409 0.438385 0.56466 0.472386 0.870582 0.500995 0.470954 0.860746 0.718251 0.865743 1 0.975761 
0.135366 0.0506592 0.0665079 0.0912236 0.0704514 0.0582223 0.113925 0.0740473 0.229533 0.0829762 0.075566 0.230079 0.168881 0.224224 0.279485 0.261114 
0.578323 0.333891 0.377425 0.451285 0.398786 0.361861 0.509511 0.404458 0.810999 0.422425 0.395807 0.812561 0.655381 0.805411 0.923797 0.903408 
0.153572 0.0678523 0.0836577 0.109111 0.0933755 0.080815 0.131922 0.0977626 0.249033 0.106331 0.0922691 0.249565 0.187172 0.249227 0.297424 0.286962 
0.578285 0.33387 0.377402 0.451285 0.398786 0.361861 0.509511 0.404458 0.810999 0.422398 0.395783 0.812561 0.655381 0.805351 0.923797 0.903338 
