loop 0
0.141098 0.0484857 0.0663557 0.0941928 0.0708258 0.0570686 0.113385 0.0757176 0.239721 0.0849208 0.0727062 0.236757 0.173919 0.233394 0.289246 0.275595 
0.155884 0.0589209 0.0755166 0.105305 0.0811634 0.0670513 0.127837 0.0876065 0.261406 0.0948105 0.0836561 0.259588 0.191915 0.254989 0.313505 0.299742 
0.100936 0.0272214 0.0413289 0.0635398 0.0460172 0.031693 0.0826643 0.0502767 0.185668 0.0538124 0.045029 0.186173 0.131958 0.179754 0.225812 0.215096 
0.241744 0.122085 0.145027 0.17914 0.151805 0.134676 0.206186 0.158722 0.370985 0.167523 0.153529 0.368429 0.286879 0.364577 0.437593 0.419568 
0.0664492 0 0.013714 0.0320509 0.0153818 0.00720809 0.047597 0.0199927 0.138082 0.0267815 0.0187144 0.135843 0.0919896 0.134208 0.17138 0.163826 
0.624471 0.360324 0.407343 0.487205 0.430445 0.390549 0.550133 0.436583 0.876975 0.45597 0.427198 0.878654 0.708776 0.869787 1 0.976807 
0.100936 0.0272214 0.0413289 0.0635398 0.0460172 0.031693 0.0826643 0.0502767 0.185668 0.0538124 0.045029 0.186173 0.131958 0.179754 0.225812 0.215096 
0.0664492 0 0.013714 0.0320509 0.0153818 0.00720809 0.047597 0.0199927 0.138082 0.0267815 0.0187144 0.135843 0.0919896 0.134208 0.17138 0.163826 
0.141098 0.0484857 0.0663557 0.0941928 0.0708258 0.0570686 0.113385 0.0757176 0.239721 0.0849208 0.0727062 0.236757 0.173919 0.233394 0.289246 0.275595 
0.155884 0.0589209 0.0755166 0.105305 0.0811634 0.0670513 0.127837 0.0876065 0.261406 0.0948105 0.0836561 0.259588 0.191915 0.254989 0.313505 0.299742 
0.594623 0.370324 0.414084 0.47778 0.427917 0.397938 0.527644 0.436442 0.832691 0.456764 0.434713 0.828293 0.677898 0.829454 0.965271 0.928985 
0.221472 0.096612 0.118687 0.154937 0.124103 0.107745 0.184025 0.132228 0.35794 0.141676 0.1267 0.357149 0.266895 0.350718 0.42671 0.410228 
0.155884 0.0589209 0.0755166 0.105305 0.0811634 0.0670513 0.127837 0.0876065 0.261406 0.0948105 0.0836561 0.259588 0.191915 0.254989 0.313505 0.299742 
0.221472 0.096612 0.118687 0.154937 0.124103 0.107745 0.184025 0.132228 0.35794 0.141676 0.1267 0.357149 0.266895 0.350718 0.42671 0.410228 
0.100936 0.0272214 0.0413289 0.0635398 0.0460172 0.031693 0.0826643 0.0502767 0.185668 0.0538124 0.045029 0.186173 0.131958 0.179754 0.225812 0.215096 
0.0664492 0 0.013714 0.0320509 0.0153818 0.00720809 0.047597 0.0199927 0.138082 0.0267815 0.0187144 0.135843 0.0919896 0.134208 0.17138 0.163826 
loop 16
0.134457 0.0456547 0.0636788 0.0917674 0.0681911 0.05432 0.110228 0.0722531 0.232507 0.0824147 0.0670855 0.233081 0.172191 0.226675 0.280158 0.268018 
0.154174 0.0531775 0.0758721 0.101456 0.0799548 0.0672994 0.124998 0.083635 0.260134 0.0929408 0.0788229 0.252982 0.189124 0.254599 0.31259 0.293293 
0.108426 0.0298989 0.0419047 0.0641661 0.0465808 0.0322577 0.0832983 0.0508804 0.193843 0.0543912 0.0455829 0.194341 0.139747 0.187843 0.234223 0.221883 
0.292831 0.154935 0.184017 0.225618 0.188836 0.172483 0.25572 0.194067 0.437236 0.205468 0.195643 0.438141 0.346555 0.438591 0.522484 0.498127 
0.0658455 0 0.0111904 0.0315854 0.0155258 0.00241187 0.0492642 0.0194279 0.13714 0.0227897 0.0146876 0.137567 0.0877935 0.131862 0.174314 0.163028 
0.624246 0.358469 0.405798 0.486146 0.429037 0.388898 0.549448 0.435204 0.877319 0.454718 0.425796 0.879017 0.708007 0.871171 1 0.977752 
0.108426 0.0298989 0.0419047 0.0641661 0.0465808 0.0322577 0.0832983 0.0508804 0.193843 0.0543912 0.0455829 0.194341 0.139747 0.187843 0.234223 0.221883 
0.0658455 0 0.0111904 0.0315854 0.0155258 0.00241187 0.0492642 0.0194279 0.13714 0.0227897 0.0146876 0.137567 0.0877935 0.131862 0.174314 0.163028 
0.134457 0.0456547 0.0636788 0.0917674 0.0681911 0.05432 0.110228 0.0722531 0.232507 0.0824147 0.0670855 0.233081 0.172191 0.226675 0.280158 0.268018 
0.154174 0.0531775 0.0758721 0.101456 0.0799548 0.0672994 0.124998 0.083635 0.260134 0.0929408 0.0788229 0.252982 0.189124 0.254599 0.31259 0.293293 
0.529475 0.322738 0.360315 0.42244 0.373391 0.347914 0.472138 0.380304 0.743374 0.399929 0.380122 0.744633 0.604824 0.741605 0.862876 0.838181 
0.172744 0.0636975 0.0853437 0.115585 0.0892524 0.0774034 0.137986 0.092415 0.281332 0.101385 0.0944958 0.281922 0.206134 0.276566 0.340262 0.329181 
0.154174 0.0531775 0.0758721 0.101456 0.0799548 0.0672994 0.124998 0.083635 0.260134 0.0929408 0.0788229 0.252982 0.189124 0.254599 0.31259 0.293293 
0.172744 0.0636975 0.0853437 0.115585 0.0892524 0.0774034 0.137986 0.092415 0.281332 0.101385 0.0944958 0.281922 0.206134 0.276566 0.340262 0.329181 
0.108426 0.0298989 0.0419047 0.0641661 0.0465808 0.0322577 0.0832983 0.0508804 0.193843 0.0543912 0.0455829 0.194341 0.139747 0.187843 0.234223 0.221883 
0.0658455 0 0.0111904 0.0315854 0.0155258 0.00241187 0.0492642 0.0194279 0.13714 0.0227897 0.0146876 0.137567 0.0877935 0.131862 0.174314 0.163028 
loop 17
0.132181 0.0505351 0.0671613 0.0929664 0.0713018 0.0585006 0.109937 0.0750461 0.229818 0.0843933 0.0702635 0.222876 0.1669 0.224381 0.273841 0.262645 
0.149524 0.0567768 0.0776418 0.101136 0.0813801 0.0697588 0.122766 0.0847577 0.253993 0.0932987 0.0803246 0.247372 0.188399 0.24175 0.302466 0.284543 
0.0946357 0.0286049 0.0397657 0.0603781 0.0441173 0.0308408 0.0781148 0.0480742 0.173185 0.0513525 0.0431965 0.173651 0.123384 0.167662 0.210414 0.199047 
0.15358 0.0642744 0.0838914 0.107206 0.088737 0.0735535 0.127305 0.0934282 0.251187 0.0968995 0.0875677 0.243264 0.186217 0.244375 0.292842 0.280066 
0.060352 0 0.0158405 0.0289423 0.0142449 0.00770635 0.0451257 0.0178061 0.125713 0.0265661 0.0190732 0.126096 0.0866791 0.127474 0.159867 0.149482 
0.580054 0.334991 0.378618 0.452675 0.400063 0.363039 0.511061 0.405749 0.813234 0.423736 0.397053 0.814804 0.657276 0.807633 0.92632 0.905806 
0.0946357 0.0286049 0.0397657 0.0603781 0.0441173 0.0308408 0.0781148 0.0480742 0.173185 0.0513525 0.0431965 0.173651 0.123384 0.167662 0.210414 0.199047 
0.060352 0 0.0158405 0.0289423 0.0142449 0.00770635 0.0451257 0.0178061 0.125713 0.0265661 0.0190732 0.126096 0.0866791 0.127474 0.159867 0.149482 
0.132181 0.0505351 0.0671613 0.0929664 0.0713018 0.0585006 0.109937 0.0750461 0.229818 0.0843933 0.0702635 0.222876 0.1669 0.224381 0.273841 0.262645 
0.149524 0.0567768 0.0776418 0.101136 0.0813801 0.0697588 0.122766 0.0847577 0.253993 0.0932987 0.0803246 0.247372 0.188399 0.24175 0.302466 0.284543 
0.623061 0.386023 0.429221 0.495473 0.450238 0.417902 0.550802 0.456632 0.865166 0.474727 0.456483 0.866401 0.703392 0.863008 1 0.96553 
0.192278 0.0816732 0.101114 0.134296 0.10459 0.0940643 0.160683 0.113265 0.311898 0.121388 0.109334 0.305316 0.229175 0.300433 0.36625 0.356068 
0.149524 0.0567768 0.0776418 0.101136 0.0813801 0.0697588 0.122766 0.0847577 0.253993 0.0932987 0.0803246 0.247372 0.188399 0.24175 0.302466 0.284543 
0.192278 0.0816732 0.101114 0.134296 0.10459 0.0940643 0.160683 0.113265 0.311898 0.121388 0.109334 0.305316 0.229175 0.300433 0.36625 0.356068 
0.0946357 0.0286049 0.0397657 0.0603781 0.0441173 0.0308408 0.0781148 0.0480742 0.173185 0.0513525 0.0431965 0.173651 0.123384 0.167662 0.210414 0.199047 
0.060352 0 0.0158405 0.0289423 0.0142449 0.00770635 0.0451257 0.0178061 0.125713 0.0265661 0.0190732 0.126096 0.0866791 0.127474 0.159867 0.149482 
loop 18
0.114806 0.0391042 0.0532769 0.075374 0.0568199 0.0459152 0.0899048 0.0600351 0.192549 0.0680235 0.0613704 0.193012 0.138682 0.187878 0.230274 0.220689 
0.124259 0.049839 0.0627208 0.0880871 0.0659257 0.0559746 0.106753 0.0739556 0.21373 0.0761262 0.0701533 0.208064 0.157529 0.209328 0.255217 0.239932 
0.081259 0.0246046 0.0341952 0.0518753 0.0379172 0.0265309 0.0670883 0.0413215 0.148659 0.0441335 0.0371379 0.149058 0.105917 0.143921 0.180567 0.170845 
0.13671 0.0597577 0.0704206 0.0967254 0.0745423 0.0677197 0.114083 0.0786104 0.213259 0.0878593 0.079779 0.213761 0.164787 0.214707 0.256272 0.245314 
0.0569034 0 0.0135604 0.0297258 0.0122008 0.00660116 0.0386734 0.015251 0.113385 0.022755 0.0163468 0.108093 0.0742841 0.109253 0.137029 0.133934 
0.497445 0.287306 0.324733 0.388231 0.343117 0.311352 0.43832 0.347993 0.697478 0.36342 0.340535 0.698821 0.563733 0.692727 0.794452 0.776923 
0.081259 0.0246046 0.0341952 0.0518753 0.0379172 0.0265309 0.0670883 0.0413215 0.148659 0.0441335 0.0371379 0.149058 0.105917 0.143921 0.180567 0.170845 
0.0569034 0 0.0135604 0.0297258 0.0122008 0.00660116 0.0386734 0.015251 0.113385 0.022755 0.0163468 0.108093 0.0742841 0.109253 0.137029 0.133934 
0.114806 0.0391042 0.0532769 0.075374 0.0568199 0.0459152 0.0899048 0.0600351 0.192549 0.0680235 0.0613704 0.193012 0.138682 0.187878 0.230274 0.220689 
0.124259 0.049839 0.0627208 0.0880871 0.0659257 0.0559746 0.106753 0.0739556 0.21373 0.0761262 0.0701533 0.208064 0.157529 0.209328 0.255217 0.239932 
0.634165 0.406455 0.454242 0.516209 0.465061 0.435071 0.567514 0.471819 0.867701 0.496298 0.47062 0.859096 0.717377 0.863641 1 0.968807 
0.134879 0.0552888 0.067219 0.095765 0.0751993 0.061083 0.113168 0.0776912 0.230911 0.0846908 0.0742789 0.225403 0.166426 0.221239 0.270911 0.262281 
0.124259 0.049839 0.0627208 0.0880871 0.0659257 0.0559746 0.106753 0.0739556 0.21373 0.0761262 0.0701533 0.208064 0.157529 0.209328 0.255217 0.239932 
0.134879 0.0552888 0.067219 0.095765 0.0751993 0.061083 0.113168 0.0776912 0.230911 0.0846908 0.0742789 0.225403 0.166426 0.221239 0.270911 0.262281 
0.081259 0.0246046 0.0341952 0.0518753 0.0379172 0.0265309 0.0670883 0.0413215 0.148659 0.0441335 0.0371379 0.149058 0.105917 0.143921 0.180567 0.170845 
0.0569034 0 0.0135604 0.0297258 0.0122008 0.00660116 0.0386734 0.015251 0.113385 0.022755 0.0163468 0.108093 0.0742841 0.109253 0.137029 0.133934 
loop 19
0.107258 0.0387963 0.0527064 0.0743433 0.0561773 0.0454825 0.0885776 0.0593138 0.182863 0.0671335 0.0553244 0.183274 0.136371 0.178341 0.219552 0.210204 
0.118552 0.045678 0.0583154 0.078012 0.0614562 0.0517009 0.0961097 0.064279 0.200192 0.0714307 0.0655814 0.200622 0.145481 0.195879 0.240616 0.225692 
0.0793448 0.0240403 0.0334073 0.0506518 0.0370425 0.0259221 0.0655073 0.0403464 0.145113 0.0430928 0.0362817 0.145502 0.103423 0.140535 0.176263 0.166771 
0.127331 0.0528433 0.0692052 0.0886432 0.0732341 0.0605733 0.10542 0.077172 0.208524 0.0862327 0.0722551 0.209014 0.154548 0.20292 0.250583 0.239901 
0.0505265 0 0.0132581 0.0242256 0.0119222 0.00644589 0.0377756 0.0149101 0.105275 0.0222487 0.0159709 0.105596 0.0725708 0.101252 0.133862 0.12517 
0.485613 0.280466 0.317003 0.37902 0.334951 0.303941 0.427861 0.339711 0.680839 0.354771 0.33243 0.682153 0.550247 0.676098 0.7755 0.758333 
0.0793448 0.0240403 0.0334073 0.0506518 0.0370425 0.0259221 0.0655073 0.0403464 0.145113 0.0430928 0.0362817 0.145502 0.103423 0.140535 0.176263 0.166771 
0.0505265 0 0.0132581 0.0242256 0.0119222 0.00644589 0.0377756 0.0149101 0.105275 0.0222487 0.0159709 0.105596 0.0725708 0.101252 0.133862 0.12517 
0.107258 0.0387963 0.0527064 0.0743433 0.0561773 0.0454825 0.0885776 0.0593138 0.182863 0.0671335 0.0553244 0.183274 0.136371 0.178341 0.219552 0.210204 
0.118552 0.045678 0.0583154 0.078012 0.0614562 0.0517009 0.0961097 0.064279 0.200192 0.0714307 0.0655814 0.200622 0.145481 0.195879 0.240616 0.225692 
0.631214 0.415395 0.454357 0.515343 0.473084 0.443506 0.565717 0.480018 0.870298 0.504095 0.478566 0.861699 0.721946 0.865905 1 0.969517 
0.160696 0.0703632 0.0862187 0.113364 0.0890435 0.0757198 0.134889 0.096169 0.264462 0.10276 0.0929408 0.25907 0.19632 0.254946 0.30913 0.300796 
0.118552 0.045678 0.0583154 0.078012 0.0614562 0.0517009 0.0961097 0.064279 0.200192 0.0714307 0.0655814 0.200622 0.145481 0.195879 0.240616 0.225692 
0.160696 0.0703632 0.0862187 0.113364 0.0890435 0.0757198 0.134889 0.096169 0.264462 0.10276 0.0929408 0.25907 0.19632 0.254946 0.30913 0.300796 
0.0793448 0.0240403 0.0334073 0.0506518 0.0370425 0.0259221 0.0655073 0.0403464 0.145113 0.0430928 0.0362817 0.145502 0.103423 0.140535 0.176263 0.166771 
0.0505265 0 0.0132581 0.0242256 0.0119222 0.00644589 0.0377756 0.0149101 0.105275 0.0222487 0.0159709 0.105596 0.0725708 0.101252 0.133862 0.12517 
loop 20
0.12792 0.040757 0.057088 0.082521 0.061175 0.0485988 0.0992384 0.0648527 0.217406 0.0740452 0.0664041 0.210536 0.155392 0.212061 0.260839 0.249751 
0.135451 0.0496601 0.0645421 0.0877051 0.0682528 0.0567793 0.109021 0.0715703 0.231523 0.0799965 0.0731038 0.232029 0.16716 0.226528 0.279183 0.268858 
0.0888482 0.0237506 0.0347767 0.0550748 0.0390558 0.0259655 0.0725608 0.0429572 0.166288 0.0461896 0.0381599 0.166747 0.117212 0.160871 0.202956 0.191784 
0.121582 0.0406582 0.0600513 0.0831766 0.0648706 0.0499188 0.10316 0.0694579 0.2094 0.0730483 0.0638148 0.209958 0.153758 0.202988 0.250548 0.237998 
0.0598271 0 0.0101619 0.0286834 0.014089 0.00763786 0.0447521 0.0176321 0.124582 0.0206955 0.0133374 0.12497 0.0797425 0.119814 0.158375 0.148095 
0.567208 0.325683 0.368697 0.441713 0.389835 0.353325 0.49925 0.395435 0.79729 0.413164 0.386863 0.798774 0.643394 0.791648 0.908778 0.888554 
0.0888482 0.0237506 0.0347767 0.0550748 0.0390558 0.0259655 0.0725608 0.0429572 0.166288 0.0461896 0.0381599 0.166747 0.117212 0.160871 0.202956 0.191784 
0.0598271 0 0.0101619 0.0286834 0.014089 0.00763786 0.0447521 0.0176321 0.124582 0.0206955 0.0133374 0.12497 0.0797425 0.119814 0.158375 0.148095 
0.12792 0.040757 0.057088 0.082521 0.061175 0.0485988 0.0992384 0.0648527 0.217406 0.0740452 0.0664041 0.210536 0.155392 0.212061 0.260839 0.249751 
0.135451 0.0496601 0.0645421 0.0877051 0.0682528 0.0567793 0.109021 0.0715703 0.231523 0.0799965 0.0731038 0.232029 0.16716 0.226528 0.279183 0.268858 
0.638234 0.415797 0.454094 0.518381 0.476509 0.440311 0.569647 0.475448 0.869759 0.504263 0.483139 0.859803 0.725731 0.875387 1 0.975568 
0.179862 0.0738192 0.0924854 0.124261 0.0958029 0.0857117 0.149576 0.104102 0.294749 0.1119 0.100377 0.295344 0.22172 0.290548 0.354143 0.337235 
0.135451 0.0496601 0.0645421 0.0877051 0.0682528 0.0567793 0.109021 0.0715703 0.231523 0.0799965 0.0731038 0.232029 0.16716 0.226528 0.279183 0.268858 
0.179862 0.0738192 0.0924854 0.124261 0.0958029 0.0857117 0.149576 0.104102 0.294749 0.1119 0.100377 0.295344 0.22172 0.290548 0.354143 0.337235 
0.0888482 0.0237506 0.0347767 0.0550748 0.0390558 0.0259655 0.0725608 0.0429572 0.166288 0.0461896 0.0381599 0.166747 0.117212 0.160871 0.202956 0.191784 
0.0598271 0 0.0101619 0.0286834 0.014089 0.00763786 0.0447521 0.0176321 0.124582 0.0206955 0.0133374 0.12497 0.0797425 0.119814 0.158375 0.148095 
loop 21
0.129083 0.0437654 0.059754 0.0846436 0.0637449 0.0514349 0.101031 0.0673664 0.216709 0.076364 0.06887 0.21723 0.156012 0.211446 0.25922 0.248419 
0.145656 0.0555661 0.070088 0.0986575 0.0736883 0.0624734 0.119664 0.0827328 0.240143 0.091024 0.0784202 0.240705 0.176847 0.235192 0.28687 0.276779 
0.0911793 0.027397 0.0381912 0.0580902 0.0423922 0.0295648 0.0752131 0.0462121 0.167019 0.0493769 0.0415032 0.167468 0.118914 0.161714 0.202963 0.191988 
0.153712 0.0671495 0.0791725 0.108743 0.0838049 0.076126 0.128226 0.0883618 0.240033 0.0987844 0.089721 0.240599 0.185387 0.24163 0.288502 0.276155 
0.0583449 0 0.00992361 0.0279747 0.013761 0.00744946 0.0436363 0.0171976 0.12153 0.025672 0.0184416 0.121899 0.0838013 0.116903 0.154544 0.144527 
0.559849 0.323282 0.365413 0.436924 0.386118 0.350345 0.493269 0.391585 0.785105 0.408952 0.383212 0.786622 0.634407 0.779634 0.894307 0.874502 
0.0911793 0.027397 0.0381912 0.0580902 0.0423922 0.0295648 0.0752131 0.0462121 0.167019 0.0493769 0.0415032 0.167468 0.118914 0.161714 0.202963 0.191988 
0.0583449 0 0.00992361 0.0279747 0.013761 0.00744946 0.0436363 0.0171976 0.12153 0.025672 0.0184416 0.121899 0.0838013 0.116903 0.154544 0.144527 
0.129083 0.0437654 0.059754 0.0846436 0.0637449 0.0514349 0.101031 0.0673664 0.216709 0.076364 0.06887 0.21723 0.156012 0.211446 0.25922 0.248419 
0.145656 0.0555661 0.070088 0.0986575 0.0736883 0.0624734 0.119664 0.0827328 0.240143 0.091024 0.0784202 0.240705 0.176847 0.235192 0.28687 0.276779 
0.627446 0.412831 0.449891 0.511905 0.471627 0.436659 0.561217 0.470295 0.86176 0.498375 0.478084 0.863154 0.711997 0.867649 1 0.964627 
0.203865 0.0889332 0.112545 0.143554 0.115754 0.100469 0.174245 0.123876 0.330085 0.131437 0.120244 0.330675 0.244905 0.325955 0.396048 0.379131 
0.145656 0.0555661 0.070088 0.0986575 0.0736883 0.0624734 0.119664 0.0827328 0.240143 0.091024 0.0784202 0.240705 0.176847 0.235192 0.28687 0.276779 
0.203865 0.0889332 0.112545 0.143554 0.115754 0.100469 0.174245 0.123876 0.330085 0.131437 0.120244 0.330675 0.244905 0.325955 0.396048 0.379131 
0.0911793 0.027397 0.0381912 0.0580902 0.0423922 0.0295648 0.0752131 0.0462121 0.167019 0.0493769 0.0415032 0.167468 0.118914 0.161714 0.202963 0.191988 
0.0583449 0 0.00992361 0.0279747 0.013761 0.00744946 0.0436363 0.0171976 0.12153 0.025672 0.0184416 0.121899 0.0838013 0.116903 0.154544 0.144527 
loop 22
0.132743 0.0452818 0.0616701 0.0871854 0.0657671 0.0531574 0.103962 0.0694527 0.222593 0.078688 0.0710135 0.223129 0.160338 0.21727 0.266191 0.255114 
0.141821 0.0551454 0.0701568 0.0935982 0.073909 0.0623108 0.115151 0.0772849 0.238936 0.0858022 0.0728864 0.232388 0.173887 0.226823 0.279684 0.269299 
0.0940661 0.0285685 0.0396766 0.0600797 0.0439836 0.0307867 0.077676 0.047898 0.171965 0.0511518 0.0430821 0.172427 0.122587 0.166543 0.208894 0.197651 
0.133579 0.0517709 0.0643298 0.0874744 0.0691624 0.0541699 0.107469 0.073774 0.213958 0.0773713 0.0680995 0.21449 0.15823 0.215763 0.263738 0.251054 
0.0657939 0 0.0156698 0.0343715 0.014097 0.00762826 0.0447242 0.0232223 0.131118 0.0263156 0.0188885 0.124974 0.0858988 0.126341 0.158447 0.15487 
0.575642 0.33254 0.375824 0.449305 0.397077 0.360368 0.507229 0.402717 0.806977 0.420562 0.394113 0.808535 0.6523 0.80148 0.919168 0.898817 
0.0940661 0.0285685 0.0396766 0.0600797 0.0439836 0.0307867 0.077676 0.047898 0.171965 0.0511518 0.0430821 0.172427 0.122587 0.166543 0.208894 0.197651 
0.0657939 0 0.0156698 0.0343715 0.014097 0.00762826 0.0447242 0.0232223 0.131118 0.0263156 0.0188885 0.124974 0.0858988 0.126341 0.158447 0.15487 
0.132743 0.0452818 0.0616701 0.0871854 0.0657671 0.0531574 0.103962 0.0694527 0.222593 0.078688 0.0710135 0.223129 0.160338 0.21727 0.266191 0.255114 
0.141821 0.0551454 0.0701568 0.0935982 0.073909 0.0623108 0.115151 0.0772849 0.238936 0.0858022 0.0728864 0.232388 0.173887 0.226823 0.279684 0.269299 
0.622674 0.395075 0.440086 0.509545 0.452467 0.427691 0.557728 0.468944 0.862608 0.487474 0.458842 0.863926 0.705568 0.858799 1 0.965002 
0.188721 0.0810264 0.0999889 0.13225 0.109149 0.0930777 0.15796 0.111778 0.312364 0.11966 0.107998 0.305926 0.231192 0.301097 0.365639 0.355685 
0.141821 0.0551454 0.0701568 0.0935982 0.073909 0.0623108 0.115151 0.0772849 0.238936 0.0858022 0.0728864 0.232388 0.173887 0.226823 0.279684 0.269299 
0.188721 0.0810264 0.0999889 0.13225 0.109149 0.0930777 0.15796 0.111778 0.312364 0.11966 0.107998 0.305926 0.231192 0.301097 0.365639 0.355685 
0.0940661 0.0285685 0.0396766 0.0600797 0.0439836 0.0307867 0.077676 0.047898 0.171965 0.0511518 0.0430821 0.172427 0.122587 0.166543 0.208894 0.197651 
0.0657939 0 0.0156698 0.0343715 0.014097 0.00762826 0.0447242 0.0232223 0.131118 0.0263156 0.0188885 0.124974 0.0858988 0.126341 0.158447 0.15487 
loop 23
0.134988 0.0488349 0.0663242 0.0935877 0.0707079 0.0572341 0.111481 0.0746551 0.230087 0.0845138 0.0696338 0.230644 0.171593 0.224437 0.276294 0.264532 
0.153704 0.0620495 0.0779087 0.102694 0.0818725 0.0696245 0.125474 0.0854253 0.25634 0.0944201 0.0807729 0.256891 0.187592 0.250989 0.307177 0.296166 
0.0997861 0.030223 0.0420054 0.0636967 0.0465782 0.0325779 0.0823823 0.0507474 0.182535 0.0542014 0.0456206 0.183026 0.130072 0.176746 0.221753 0.209778 
0.160679 0.0666719 0.0873033 0.111802 0.0923648 0.0763985 0.132967 0.0973752 0.26327 0.108779 0.0911483 0.263888 0.195008 0.256092 0.316318 0.302794 
0.0635941 0 0.0166838 0.0305088 0.015013 0.00811133 0.0475625 0.018773 0.132489 0.0279963 0.0201084 0.132893 0.0913344 0.127426 0.168462 0.157525 
0.611421 0.353175 0.39913 0.477179 0.421732 0.382737 0.538711 0.427723 0.857237 0.44668 0.418559 0.858823 0.692805 0.851328 0.976348 0.954807 
0.0997861 0.030223 0.0420054 0.0636967 0.0465782 0.0325779 0.0823823 0.0507474 0.182535 0.0542014 0.0456206 0.183026 0.130072 0.176746 0.221753 0.209778 
0.0635941 0 0.0166838 0.0305088 0.015013 0.00811133 0.0475625 0.018773 0.132489 0.0279963 0.0201084 0.132893 0.0913344 0.127426 0.168462 0.157525 
0.134988 0.0488349 0.0663242 0.0935877 0.0707079 0.0572341 0.111481 0.0746551 0.230087 0.0845138 0.0696338 0.230644 0.171593 0.224437 0.276294 0.264532 
0.153704 0.0620495 0.0779087 0.102694 0.0818725 0.0696245 0.125474 0.0854253 0.25634 0.0944201 0.0807729 0.256891 0.187592 0.250989 0.307177 0.296166 
0.62978 0.405539 0.456031 0.514028 0.469724 0.441494 0.568105 0.46856 0.862408 0.499147 0.476811 0.863763 0.71104 0.868557 1 0.96186 
0.223866 0.0993407 0.118797 0.158499 0.128333 0.111818 0.18524 0.137179 0.360517 0.145329 0.127046 0.353702 0.268235 0.348589 0.424055 0.405957 
0.153704 0.0620495 0.0779087 0.102694 0.0818725 0.0696245 0.125474 0.0854253 0.25634 0.0944201 0.0807729 0.256891 0.187592 0.250989 0.307177 0.296166 
0.223866 0.0993407 0.118797 0.158499 0.128333 0.111818 0.18524 0.137179 0.360517 0.145329 0.127046 0.353702 0.268235 0.348589 0.424055 0.405957 
0.0997861 0.030223 0.0420054 0.0636967 0.0465782 0.0325779 0.0823823 0.0507474 0.182535 0.0542014 0.0456206 0.183026 0.130072 0.176746 0.221753 0.209778 
0.0635941 0 0.0166838 0.0305088 0.015013 0.00811133 0.0475625 0.018773 0.132489 0.0279963 0.0201084 0.132893 0.0913344 0.127426 0.168462 0.157525 
loop 24
0.134419 0.0428767 0.0600162 0.0867308 0.0643117 0.051122 0.104301 0.0681779 0.228417 0.0778404 0.0698081 0.221237 0.163259 0.222801 0.274051 0.262447 
0.159013 0.0628337 0.0783208 0.108842 0.0821484 0.0701919 0.131269 0.0918804 0.267314 0.100724 0.0872435 0.267847 0.199325 0.261912 0.317457 0.306606 
0.0933232 0.0249091 0.0364905 0.0578265 0.0409854 0.0272235 0.0762122 0.0450829 0.17468 0.0484783 0.0400438 0.175163 0.1231 0.168989 0.213238 0.209322 
0.142818 0.0579776 0.0709124 0.0948495 0.0759162 0.0603267 0.115621 0.0807293 0.23445 0.0919413 0.0747617 0.235049 0.17649 0.236413 0.286316 0.273095 
0.0628965 0 0.0106909 0.0301728 0.01483 0.00230081 0.0409559 0.0185547 0.130964 0.0217633 0.0140289 0.131372 0.0838307 0.125926 0.166488 0.15568 
0.596225 0.342341 0.387559 0.464275 0.409746 0.371393 0.524753 0.415637 0.837833 0.43427 0.406627 0.83946 0.676215 0.831966 0.954983 0.933738 
0.0933232 0.0249091 0.0364905 0.0578265 0.0409854 0.0272235 0.0762122 0.0450829 0.17468 0.0484783 0.0400438 0.175163 0.1231 0.168989 0.213238 0.209322 
0.0628965 0 0.0106909 0.0301728 0.01483 0.00230081 0.0409559 0.0185547 0.130964 0.0217633 0.0140289 0.131372 0.0838307 0.125926 0.166488 0.15568 
0.134419 0.0428767 0.0600162 0.0867308 0.0643117 0.051122 0.104301 0.0681779 0.228417 0.0778404 0.0698081 0.221237 0.163259 0.222801 0.274051 0.262447 
0.159013 0.0628337 0.0783208 0.108842 0.0821484 0.0701919 0.131269 0.0918804 0.267314 0.100724 0.0872435 0.267847 0.199325 0.261912 0.317457 0.306606 
0.633145 0.410422 0.450716 0.518413 0.464212 0.43624 0.561474 0.473044 0.863863 0.493247 0.471098 0.853467 0.71369 0.86988 1 0.962183 
0.198887 0.0856091 0.105543 0.139525 0.109076 0.0923227 0.16652 0.117906 0.321447 0.126185 0.113966 0.322083 0.236598 0.316947 0.384797 0.366704 
0.159013 0.0628337 0.0783208 0.108842 0.0821484 0.0701919 0.131269 0.0918804 0.267314 0.100724 0.0872435 0.267847 0.199325 0.261912 0.317457 0.306606 
0.198887 0.0856091 0.105543 0.139525 0.109076 0.0923227 0.16652 0.117906 0.321447 0.126185 0.113966 0.322083 0.236598 0.316947 0.384797 0.366704 
0.0933232 0.0249091 0.0364905 0.0578265 0.0409854 0.0272235 0.0762122 0.0450829 0.17468 0.0484783 0.0400438 0.175163 0.1231 0.168989 0.213238 0.209322 
0.0628965 0 0.0106909 0.0301728 0.01483 0.00230081 0.0409559 0.0185547 0.130964 0.0217633 0.0140289 0.131372 0.0838307 0.125926 0.166488 0.15568 
loop 25
0.138764 0.0530998 0.0705221 0.0908033 0.0748723 0.0614554 0.115421 0.0787894 0.233269 0.0818494 0.0737843 0.233835 0.175168 0.22764 0.287336 0.275535 
0.157113 0.0597672 0.0816882 0.106306 0.0856214 0.0733975 0.128988 0.0891541 0.259213 0.0981124 0.0845148 0.259772 0.190786 0.253867 0.309778 0.298827 
0.0989827 0.0298377 0.0415376 0.0631168 0.0460866 0.0321818 0.0816887 0.0502209 0.181256 0.053657 0.0451216 0.181744 0.129105 0.1755 0.220259 0.208384 
0.177212 0.0832324 0.0961971 0.128483 0.10121 0.092912 0.149484 0.106236 0.279638 0.117575 0.107664 0.280296 0.21142 0.281341 0.33239 0.319001 
0.0633634 0 0.0107867 0.0303871 0.0149508 0.00808219 0.0473836 0.0186911 0.131997 0.0278882 0.0200302 0.132399 0.0909938 0.126974 0.167841 0.156935 
0.607528 0.350794 0.396526 0.474116 0.418966 0.380177 0.535281 0.424924 0.852054 0.443769 0.415811 0.853632 0.688467 0.846057 0.970562 0.949065 
0.0989827 0.0298377 0.0415376 0.0631168 0.0460866 0.0321818 0.0816887 0.0502209 0.181256 0.053657 0.0451216 0.181744 0.129105 0.1755 0.220259 0.208384 
0.0633634 0 0.0107867 0.0303871 0.0149508 0.00808219 0.0473836 0.0186911 0.131997 0.0278882 0.0200302 0.132399 0.0909938 0.126974 0.167841 0.156935 
0.138764 0.0530998 0.0705221 0.0908033 0.0748723 0.0614554 0.115421 0.0787894 0.233269 0.0818494 0.0737843 0.233835 0.175168 0.22764 0.287336 0.275535 
0.157113 0.0597672 0.0816882 0.106306 0.0856214 0.0733975 0.128988 0.0891541 0.259213 0.0981124 0.0845148 0.259772 0.190786 0.253867 0.309778 0.298827 
0.629626 0.414717 0.455548 0.513779 0.469242 0.440947 0.567888 0.478198 0.862515 0.498665 0.476264 0.852015 0.710872 0.868692 1 0.961821 
0.212221 0.0948527 0.114266 0.153807 0.123721 0.10729 0.180401 0.126444 0.347604 0.140685 0.122504 0.348234 0.25618 0.335753 0.410527 0.39261 
0.157113 0.0597672 0.0816882 0.106306 0.0856214 0.0733975 0.128988 0.0891541 0.259213 0.0981124 0.0845148 0.259772 0.190786 0.253867 0.309778 0.298827 
0.212221 0.0948527 0.114266 0.153807 0.123721 0.10729 0.180401 0.126444 0.347604 0.140685 0.122504 0.348234 0.25618 0.335753 0.410527 0.39261 
0.0989827 0.0298377 0.0415376 0.0631168 0.0460866 0.0321818 0.0816887 0.0502209 0.181256 0.053657 0.0451216 0.181744 0.129105 0.1755 0.220259 0.208384 
0.0633634 0 0.0107867 0.0303871 0.0149508 0.00808219 0.0473836 0.0186911 0.131997 0.0278882 0.0200302 0.132399 0.0909938 0.126974 0.167841 0.156935 
loop 26
0.134373 0.0425751 0.0597661 0.0865554 0.0640513 0.0508301 0.104176 0.0679553 0.228591 0.0776329 0.0695719 0.221397 0.163299 0.222964 0.27432 0.262692 
0.141684 0.0514541 0.0670885 0.09782 0.0709974 0.0589143 0.113919 0.0807204 0.242777 0.0833523 0.0760875 0.243358 0.17503 0.237484 0.292886 0.281987 
0.0935435 0.0185822 0.0365239 0.0579411 0.0410509 0.0272522 0.0763743 0.0451543 0.175163 0.0485538 0.0400947 0.175645 0.123399 0.169449 0.213806 0.202024 
0.134393 0.048828 0.0619356 0.0861428 0.066984 0.0513312 0.107051 0.0718289 0.218397 0.0755858 0.0658725 0.218954 0.160179 0.220285 0.270459 0.257202 
0.0629248 0 0.0107001 0.0301786 0.0148591 0.00230923 0.0409677 0.018557 0.130995 0.0217829 0.0140566 0.131403 0.0838737 0.126025 0.16657 0.155739 
0.596969 0.342636 0.387934 0.464785 0.41016 0.371739 0.52537 0.416086 0.83907 0.434757 0.40706 0.840632 0.677148 0.833193 0.956437 0.935149 
0.0935435 0.0185822 0.0365239 0.0579411 0.0410509 0.0272522 0.0763743 0.0451543 0.175163 0.0485538 0.0400947 0.175645 0.123399 0.169449 0.213806 0.202024 
0.0629248 0 0.0107001 0.0301786 0.0148591 0.00230923 0.0409677 0.018557 0.130995 0.0217829 0.0140566 0.131403 0.0838737 0.126025 0.16657 0.155739 
0.134373 0.0425751 0.0597661 0.0865554 0.0640513 0.0508301 0.104176 0.0679553 0.228591 0.0776329 0.0695719 0.221397 0.163299 0.222964 0.27432 0.262692 
0.141684 0.0514541 0.0670885 0.09782 0.0709974 0.0589143 0.113919 0.0807204 0.242777 0.0833523 0.0760875 0.243358 0.17503 0.237484 0.292886 0.281987 
0.632894 0.410359 0.450603 0.518023 0.464171 0.436189 0.561314 0.472946 0.86385 0.49315 0.471064 0.853451 0.713649 0.869863 1 0.962179 
0.185658 0.0783077 0.098371 0.126258 0.101936 0.0851096 0.153283 0.110853 0.308351 0.119224 0.106845 0.308957 0.23032 0.303872 0.371788 0.353682 
0.141684 0.0514541 0.0670885 0.09782 0.0709974 0.0589143 0.113919 0.0807204 0.242777 0.0833523 0.0760875 0.243358 0.17503 0.237484 0.292886 0.281987 
0.185658 0.0783077 0.098371 0.126258 0.101936 0.0851096 0.153283 0.110853 0.308351 0.119224 0.106845 0.308957 0.23032 0.303872 0.371788 0.353682 
0.0935435 0.0185822 0.0365239 0.0579411 0.0410509 0.0272522 0.0763743 0.0451543 0.175163 0.0485538 0.0400947 0.175645 0.123399 0.169449 0.213806 0.202024 
0.0629248 0 0.0107001 0.0301786 0.0148591 0.00230923 0.0409677 0.018557 0.130995 0.0217829 0.0140566 0.131403 0.0838737 0.126025 0.16657 0.155739 
loop 27
0.129557 0.0437245 0.0611588 0.0815111 0.0655202 0.0520986 0.106158 0.0694476 0.22431 0.072545 0.0644542 0.224863 0.166032 0.218634 0.27033 0.25864 
0.147557 0.0561313 0.0719482 0.0966765 0.0758839 0.0636477 0.119395 0.0794753 0.249859 0.0884097 0.0810474 0.250456 0.181306 0.244482 0.300474 0.289509 
0.104089 0.0282988 0.0398766 0.0613753 0.0443994 0.0305731 0.0798303 0.0485462 0.186526 0.0519323 0.0434236 0.187005 0.13433 0.180768 0.225488 0.213581 
0.154874 0.061565 0.0820724 0.106426 0.0871277 0.0712567 0.127454 0.0920689 0.256787 0.0956871 0.0859042 0.257401 0.188983 0.249712 0.300289 0.286956 
0.063557 0 0.0108025 0.0304755 0.0149962 0.00234015 0.0413751 0.0187358 0.132315 0.0219878 0.0141872 0.132726 0.0847017 0.127263 0.161091 0.157331 
0.601673 0.34526 0.390913 0.468418 0.413354 0.374612 0.529513 0.419308 0.845742 0.438131 0.410204 0.847317 0.682527 0.839876 0.964081 0.94262 
0.104089 0.0282988 0.0398766 0.0613753 0.0443994 0.0305731 0.0798303 0.0485462 0.186526 0.0519323 0.0434236 0.187005 0.13433 0.180768 0.225488 0.213581 
0.063557 0 0.0108025 0.0304755 0.0149962 0.00234015 0.0413751 0.0187358 0.132315 0.0219878 0.0141872 0.132726 0.0847017 0.127263 0.161091 0.157331 
0.129557 0.0437245 0.0611588 0.0815111 0.0655202 0.0520986 0.106158 0.0694476 0.22431 0.072545 0.0644542 0.224863 0.166032 0.218634 0.27033 0.25864 
0.147557 0.0561313 0.0719482 0.0966765 0.0758839 0.0636477 0.119395 0.0794753 0.249859 0.0884097 0.0810474 0.250456 0.181306 0.244482 0.300474 0.289509 
0.630302 0.405913 0.446533 0.514518 0.460167 0.431938 0.558161 0.468983 0.862829 0.489322 0.46712 0.852355 0.711405 0.856846 1 0.961823 
0.189496 0.0784069 0.0978707 0.13128 0.10134 0.084968 0.157795 0.110066 0.317237 0.118187 0.106121 0.310556 0.233354 0.305532 0.372139 0.361909 
0.147557 0.0561313 0.0719482 0.0966765 0.0758839 0.0636477 0.119395 0.0794753 0.249859 0.0884097 0.0810474 0.250456 0.181306 0.244482 0.300474 0.289509 
0.189496 0.0784069 0.0978707 0.13128 0.10134 0.084968 0.157795 0.110066 0.317237 0.118187 0.106121 0.310556 0.233354 0.305532 0.372139 0.361909 
0.104089 0.0282988 0.0398766 0.0613753 0.0443994 0.0305731 0.0798303 0.0485462 0.186526 0.0519323 0.0434236 0.187005 0.13433 0.180768 0.225488 0.213581 
0.063557 0 0.0108025 0.0304755 0.0149962 0.00234015 0.0413751 0.0187358 0.132315 0.0219878 0.0141872 0.132726 0.0847017 0.127263 0.161091 0.157331 
loop 28
0.14009 0.0533957 0.064362 0.0915545 0.0687125 0.0618393 0.116452 0.0793862 0.235723 0.0824895 0.0743045 0.236294 0.176919 0.230023 0.282133 0.270353 
0.159189 0.0605954 0.0764746 0.107767 0.0804253 0.068159 0.130752 0.0903446 0.262627 0.0994406 0.0856361 0.255644 0.193344 0.257201 0.313832 0.302715 
0.0995288 0.0232364 0.0415136 0.0632895 0.0461099 0.0320626 0.0820522 0.0502738 0.182576 0.0537478 0.0451492 0.183067 0.129918 0.176791 0.221904 0.209912 
0.183965 0.0811373 0.101909 0.134603 0.106958 0.0985355 0.155934 0.112093 0.296726 0.123525 0.113493 0.288217 0.218624 0.289214 0.350279 0.336654 
0.0641399 0 0.0109101 0.030766 0.0151361 0.00818602 0.0479766 0.0189129 0.133558 0.0222176 0.0143418 0.133989 0.0855105 0.128491 0.162643 0.15882 
0.612169 0.353237 0.399339 0.477605 0.422 0.382878 0.5393 0.428013 0.858636 0.44702 0.418819 0.860226 0.693817 0.852712 0.978136 0.956465 
0.0995288 0.0232364 0.0415136 0.0632895 0.0461099 0.0320626 0.0820522 0.0502738 0.182576 0.0537478 0.0451492 0.183067 0.129918 0.176791 0.221904 0.209912 
0.0641399 0 0.0109101 0.030766 0.0151361 0.00818602 0.0479766 0.0189129 0.133558 0.0222176 0.0143418 0.133989 0.0855105 0.128491 0.162643 0.15882 
0.14009 0.0533957 0.064362 0.0915545 0.0687125 0.0618393 0.116452 0.0793862 0.235723 0.0824895 0.0743045 0.236294 0.176919 0.230023 0.282133 0.270353 
0.159189 0.0605954 0.0764746 0.107767 0.0804253 0.068159 0.130752 0.0903446 0.262627 0.0994406 0.0856361 0.255644 0.193344 0.257201 0.313832 0.302715 
0.629433 0.414486 0.455308 0.513379 0.469066 0.440767 0.567555 0.4779 0.862191 0.498424 0.476088 0.86355 0.721865 0.868612 1 0.96169 
0.183365 0.0731305 0.0937423 0.128794 0.097432 0.0861945 0.15015 0.106565 0.301896 0.115137 0.102434 0.302536 0.222191 0.297293 0.358922 0.348246 
0.159189 0.0605954 0.0764746 0.107767 0.0804253 0.068159 0.130752 0.0903446 0.262627 0.0994406 0.0856361 0.255644 0.193344 0.257201 0.313832 0.302715 
0.183365 0.0731305 0.0937423 0.128794 0.097432 0.0861945 0.15015 0.106565 0.301896 0.115137 0.102434 0.302536 0.222191 0.297293 0.358922 0.348246 
0.0995288 0.0232364 0.0415136 0.0632895 0.0461099 0.0320626 0.0820522 0.0502738 0.182576 0.0537478 0.0451492 0.183067 0.129918 0.176791 0.221904 0.209912 
0.0641399 0 0.0109101 0.030766 0.0151361 0.00818602 0.0479766 0.0189129 0.133558 0.0222176 0.0143418 0.133989 0.0855105 0.128491 0.162643 0.15882 
loop 29
0.127503 0.0434006 0.0604929 0.0870609 0.0647577 0.0516015 0.104551 0.0686123 0.220359 0.0782385 0.0637101 0.220903 0.163243 0.214804 0.265478 0.253992 
0.15046 0.0546753 0.0762199 0.100495 0.080062 0.0680588 0.122814 0.0835749 0.250933 0.0923738 0.0789765 0.251481 0.1836 0.245578 0.300607 0.289836 
0.093433 0.0191742 0.0369562 0.0581542 0.0414304 0.0277561 0.0764197 0.0454968 0.17425 0.0488659 0.0404954 0.174729 0.123017 0.168619 0.212567 0.200893 
0.16021 0.0677602 0.0806251 0.112299 0.0855551 0.0773265 0.132976 0.0904506 0.25223 0.101577 0.0918678 0.252833 0.193899 0.253896 0.303926 0.290787 
0.0621976 0 0.0105722 0.0298298 0.0146602 0.00793824 0.0465243 0.0183369 0.129549 0.0215124 0.0138766 0.129981 0.08931 0.124572 0.164703 0.154023 
0.592319 0.340294 0.38516 0.461355 0.407215 0.369139 0.5214 0.413062 0.832062 0.431561 0.404119 0.833673 0.671682 0.826364 0.948347 0.927327 
0.093433 0.0191742 0.0369562 0.0581542 0.0414304 0.0277561 0.0764197 0.0454968 0.17425 0.0488659 0.0404954 0.174729 0.123017 0.168619 0.212567 0.200893 
0.0621976 0 0.0105722 0.0298298 0.0146602 0.00793824 0.0465243 0.0183369 0.129549 0.0215124 0.0138766 0.129981 0.08931 0.124572 0.164703 0.154023 
0.127503 0.0434006 0.0604929 0.0870609 0.0647577 0.0516015 0.104551 0.0686123 0.220359 0.0782385 0.0637101 0.220903 0.163243 0.214804 0.265478 0.253992 
0.15046 0.0546753 0.0762199 0.100495 0.080062 0.0680588 0.122814 0.0835749 0.250933 0.0923738 0.0789765 0.251481 0.1836 0.245578 0.300607 0.289836 
0.625502 0.405418 0.454981 0.511997 0.468348 0.440623 0.56493 0.477204 0.865035 0.497208 0.475239 0.854716 0.71597 0.870953 1 0.962537 
0.162441 0.063528 0.0831493 0.110625 0.0866837 0.0702207 0.130909 0.0895056 0.275159 0.0976317 0.0855906 0.27571 0.199337 0.270655 0.329314 0.311899 
0.15046 0.0546753 0.0762199 0.100495 0.080062 0.0680588 0.122814 0.0835749 0.250933 0.0923738 0.0789765 0.251481 0.1836 0.245578 0.300607 0.289836 
0.162441 0.063528 0.0831493 0.110625 0.0866837 0.0702207 0.130909 0.0895056 0.275159 0.0976317 0.0855906 0.27571 0.199337 0.270655 0.329314 0.311899 
0.093433 0.0191742 0.0369562 0.0581542 0.0414304 0.0277561 0.0764197 0.0454968 0.17425 0.0488659 0.0404954 0.174729 0.123017 0.168619 0.212567 0.200893 
0.0621976 0 0.0105722 0.0298298 0.0146602 0.00793824 0.0465243 0.0183369 0.129549 0.0215124 0.0138766 0.129981 0.08931 0.124572 0.164703 0.154023 
loop 30
0.142395 0.0480775 0.0657468 0.0932603 0.0701676 0.0565766 0.111365 0.0741454 0.239193 0.0840916 0.0758264 0.23977 0.172112 0.233411 0.286218 0.274224 
0.155727 0.0564362 0.0787509 0.103899 0.0827889 0.0703349 0.12703 0.086367 0.259886 0.0955217 0.081653 0.260495 0.190101 0.254494 0.311523 0.300325 
0.10059 0.0234735 0.0419652 0.0639553 0.0466095 0.0323913 0.0829308 0.0508312 0.184538 0.0543421 0.0456388 0.185036 0.131322 0.178692 0.224321 0.2122 
0.179196 0.083437 0.0966208 0.129514 0.101716 0.0932713 0.151006 0.114766 0.283651 0.11834 0.108264 0.284322 0.214156 0.285228 0.337359 0.323704 
0.0647886 0 0.0110234 0.0310597 0.0152825 0.00827167 0.0484453 0.0190985 0.134967 0.0285001 0.0204748 0.135376 0.0930313 0.129821 0.171632 0.160493 
0.618787 0.357076 0.4037 0.482808 0.426578 0.387059 0.545135 0.432656 0.868023 0.451865 0.423362 0.869695 0.701255 0.86197 0.988825 0.966917 
0.10059 0.0234735 0.0419652 0.0639553 0.0466095 0.0323913 0.0829308 0.0508312 0.184538 0.0543421 0.0456388 0.185036 0.131322 0.178692 0.224321 0.2122 
0.0647886 0 0.0110234 0.0310597 0.0152825 0.00827167 0.0484453 0.0190985 0.134967 0.0285001 0.0204748 0.135376 0.0930313 0.129821 0.171632 0.160493 
0.142395 0.0480775 0.0657468 0.0932603 0.0701676 0.0565766 0.111365 0.0741454 0.239193 0.0840916 0.0758264 0.23977 0.172112 0.233411 0.286218 0.274224 
0.155727 0.0564362 0.0787509 0.103899 0.0827889 0.0703349 0.12703 0.086367 0.259886 0.0955217 0.081653 0.260495 0.190101 0.254494 0.311523 0.300325 
0.634701 0.415462 0.457037 0.516498 0.47098 0.442119 0.571642 0.480105 0.860337 0.500982 0.478163 0.861676 0.717592 0.866559 1 0.961262 
0.151308 0.0517586 0.0727989 0.0960544 0.0766308 0.0650275 0.11775 0.0797679 0.256811 0.088497 0.0755467 0.250033 0.183817 0.244756 0.306352 0.288093 
0.155727 0.0564362 0.0787509 0.103899 0.0827889 0.0703349 0.12703 0.086367 0.259886 0.0955217 0.081653 0.260495 0.190101 0.254494 0.311523 0.300325 
0.151308 0.0517586 0.0727989 0.0960544 0.0766308 0.0650275 0.11775 0.0797679 0.256811 0.088497 0.0755467 0.250033 0.183817 0.244756 0.306352 0.288093 
0.10059 0.0234735 0.0419652 0.0639553 0.0466095 0.0323913 0.0829308 0.0508312 0.184538 0.0543421 0.0456388 0.185036 0.131322 0.178692 0.224321 0.2122 
0.0647886 0 0.0110234 0.0310597 0.0152825 0.00827167 0.0484453 0.0190985 0.134967 0.0285001 0.0204748 0.135376 0.0930313 0.129821 0.171632 0.160493 
loop 31
0.133116 0.0451067 0.0615946 0.0872628 0.0657134 0.0530227 0.10415 0.0694343 0.223439 0.0787198 0.0709874 0.223939 0.160839 0.218011 0.267278 0.256097 
0.148581 0.0618716 0.0768937 0.106451 0.0806123 0.069015 0.128192 0.0900112 0.252777 0.0924904 0.0855358 0.253319 0.187322 0.247582 0.301061 0.290624 
0.0944401 0.0224127 0.0396723 0.0602227 0.0440096 0.030742 0.0779299 0.0479522 0.172821 0.051218 0.0431031 0.173285 0.123122 0.167361 0.209974 0.198654 
0.161826 0.0729339 0.092482 0.115756 0.0972717 0.082118 0.135733 0.102042 0.267444 0.105418 0.0960676 0.259484 0.202347 0.260492 0.308912 0.29619 
0.0603236 0 0.0102645 0.0289317 0.0142299 0.00769793 0.0451053 0.0177923 0.125661 0.0265511 0.019067 0.126043 0.0866362 0.120878 0.159792 0.149437 
0.578285 0.33387 0.377402 0.451285 0.398786 0.361861 0.509511 0.404458 0.810999 0.422398 0.395783 0.812561 0.655381 0.805351 0.923797 0.903338 
0.0944401 0.0224127 0.0396723 0.0602227 0.0440096 0.030742 0.0779299 0.0479522 0.172821 0.051218 0.0431031 0.173285 0.123122 0.167361 0.209974 0.198654 
0.0603236 0 0.0102645 0.0289317 0.0142299 0.00769793 0.0451053 0.0177923 0.125661 0.0265511 0.019067 0.126043 0.0866362 0.120878 0.159792 0.149437 
0.133116 0.0451067 0.0615946 0.0872628 0.0657134 0.0530227 0.10415 0.0694343 0.223439 0.0787198 0.0709874 0.223939 0.160839 0.218011 0.267278 0.256097 
0.148581 0.0618716 0.0768937 0.106451 0.0806123 0.069015 0.128192 0.0900112 0.252777 0.0924904 0.0855358 0.253319 0.187322 0.247582 0.301061 0.290624 
0.632174 0.414025 0.451671 0.514616 0.464409 0.438385 0.56466 0.472386 0.870582 0.500995 0.470954 0.860746 0.718251 0.865743 1 0.975761 
0.160012 0.0637363 0.0841584 0.112678 0.0878616 0.0707703 0.133769 0.0908085 0.268844 0.0992553 0.0867654 0.262203 0.198082 0.257199 0.316884 0.306489 
0.148581 0.0618716 0.0768937 0.106451 0.0806123 0.069015 0.128192 0.0900112 0.252777 0.0924904 0.0855358 0.253319 0.187322 0.247582 0.301061 0.290624 
0.160012 0.0637363 0.0841584 0.112678 0.0878616 0.0707703 0.133769 0.0908085 0.268844 0.0992553 0.0867654 0.262203 0.198082 0.257199 0.316884 0.306489 
0.0944401 0.0224127 0.0396723 0.0602227 0.0440096 0.030742 0.0779299 0.0479522 0.172821 0.051218 0.0431031 0.173285 0.123122 0.167361 0.209974 0.198654 
0.0603236 0 0.0102645 0.0289317 0.0142299 0.00769793 0.0451053 0.0177923 0.125661 0.0265511 0.019067 0.126043 0.0866362 0.120878 0.159792 0.149437 
