loop 0
0.127049 0.0365584 0.0538759 0.0798519 0.0579964 0.0452287 0.099966 0.0629574 0.222714 0.0707154 0.0613568 0.222302 0.160508 0.220501 0.273195 0.261202 
0.128161 0.0331234 0.0506455 0.078422 0.0554353 0.0419068 0.0999351 0.0606825 0.230439 0.0688594 0.0568323 0.22901 0.163365 0.224563 0.283005 0.269997 
0.128161 0.0331234 0.0506455 0.078422 0.0554353 0.0419068 0.0999351 0.0606825 0.230439 0.0688594 0.0568323 0.22901 0.163365 0.224563 0.283005 0.269997 
0.0815156 0 0.0135074 0.0378305 0.017482 0.00766087 0.0602112 0.0269233 0.167741 0.0297954 0.0225329 0.168233 0.114355 0.162867 0.210059 0.199284 
0.121749 0.0270508 0.0453232 0.0737874 0.0498941 0.035827 0.0934117 0.0548961 0.222594 0.0643066 0.0518169 0.219563 0.155309 0.216125 0.273235 0.259276 
0.616006 0.345911 0.393987 0.475643 0.41761 0.376825 0.539998 0.42389 0.874203 0.443715 0.414289 0.87592 0.70221 0.866879 1 0.976275 
0.228742 0.100385 0.121265 0.161602 0.12654 0.110512 0.191636 0.138929 0.370318 0.142334 0.133586 0.361019 0.272047 0.35488 0.437023 0.418108 
0.226337 0.0939262 0.118502 0.157866 0.124359 0.106892 0.187453 0.133077 0.369167 0.143588 0.128268 0.368283 0.275019 0.361107 0.441212 0.421577 
0.616006 0.345911 0.393987 0.475643 0.41761 0.376825 0.539998 0.42389 0.874203 0.443715 0.414289 0.87592 0.70221 0.866879 1 0.976275 
0.616011 0.345914 0.393992 0.475653 0.417615 0.37682 0.539998 0.42389 0.874203 0.443715 0.414294 0.87592 0.702216 0.866854 1 0.976285 
0.128161 0.0331234 0.0506455 0.078422 0.0554353 0.0419068 0.0999351 0.0606825 0.230439 0.0688594 0.0568323 0.22901 0.163365 0.224563 0.283005 0.269997 
0.127049 0.0365584 0.0538759 0.0798519 0.0579964 0.0452287 0.099966 0.0629574 0.222714 0.0707154 0.0613568 0.222302 0.160508 0.220501 0.273195 0.261202 
0.616011 0.345914 0.393992 0.475653 0.417615 0.37682 0.539998 0.42389 0.874203 0.443715 0.414294 0.87592 0.702216 0.866854 1 0.976285 
0.0815156 0 0.0135074 0.0378305 0.017482 0.00766087 0.0602184 0.0269233 0.167741 0.0297954 0.0225329 0.168233 0.114355 0.162867 0.210059 0.199284 
0.616006 0.345911 0.393987 0.475643 0.41761 0.376825 0.539998 0.42389 0.874203 0.443715 0.414289 0.87592 0.70221 0.866879 1 0.976275 
0.0815156 0 0.0135074 0.0378305 0.017482 0.00766087 0.0602184 0.0269233 0.167741 0.0297954 0.0225329 0.168233 0.114355 0.162867 0.210059 0.199284 
loop 16
0.112652 0.0263545 0.0436732 0.0712006 0.0478226 0.0343135 0.0891513 0.0522849 0.208174 0.06175 0.0467349 0.208734 0.149123 0.209108 0.261208 0.249683 
0.123703 0.0291297 0.0468254 0.0744108 0.0512376 0.0375765 0.0997465 0.0552437 0.228852 0.0652069 0.0569334 0.229458 0.161113 0.222915 0.284591 0.264115 
0.123703 0.0291297 0.0468254 0.0744108 0.0512376 0.0375765 0.0997465 0.0552437 0.228852 0.0652069 0.0569334 0.229458 0.161113 0.222915 0.284591 0.264115 
0.0783198 0 0.00992645 0.0343885 0.013914 0.00775114 0.0568951 0.0234112 0.165032 0.0263074 0.0189949 0.165535 0.111776 0.160124 0.207621 0.196745 
0.114488 0.0236367 0.0420766 0.0708133 0.046693 0.0325018 0.0897 0.0508487 0.2148 0.0612447 0.0455619 0.215387 0.153092 0.208833 0.263551 0.25113 
0.615624 0.343668 0.392089 0.474291 0.415864 0.374799 0.53909 0.422205 0.874488 0.442168 0.412549 0.876159 0.701379 0.868266 1 0.977238 
0.226694 0.0975432 0.118548 0.159164 0.123867 0.107729 0.189363 0.136877 0.369193 0.140314 0.130958 0.359829 0.270283 0.353646 0.436329 0.411349 
0.223718 0.0916643 0.11495 0.154779 0.118999 0.0993482 0.186271 0.129561 0.365469 0.139139 0.124709 0.366229 0.275478 0.360142 0.438139 0.417328 
0.615624 0.343668 0.392089 0.474291 0.415864 0.374799 0.53909 0.422205 0.874488 0.442168 0.412549 0.876159 0.701379 0.868266 1 0.977238 
0.615577 0.343668 0.392089 0.474291 0.415864 0.374799 0.539054 0.422174 0.874488 0.442137 0.412549 0.876226 0.701271 0.868199 1 0.977238 
0.123703 0.0291297 0.0468254 0.0744108 0.0512376 0.0375765 0.0997465 0.0552437 0.228852 0.0652069 0.0569334 0.229458 0.161113 0.222915 0.284591 0.264115 
0.112652 0.0263545 0.0436732 0.0712006 0.0478226 0.0343135 0.0891513 0.0522849 0.208174 0.06175 0.0467349 0.208734 0.149123 0.209108 0.261208 0.249683 
0.615577 0.343668 0.392089 0.474291 0.415864 0.374799 0.539054 0.422174 0.874488 0.442137 0.412549 0.876226 0.701271 0.868199 1 0.977238 
0.0783198 0 0.00992645 0.0343885 0.013914 0.00775114 0.0568951 0.0234112 0.165032 0.0263074 0.0190295 0.165535 0.111776 0.160124 0.207621 0.196745 
0.615624 0.343668 0.392089 0.474291 0.415864 0.374799 0.53909 0.422205 0.874488 0.442168 0.412549 0.876159 0.701379 0.868266 1 0.977238 
0.0783198 0 0.00992645 0.0343885 0.013914 0.00775114 0.0568951 0.0234112 0.165032 0.0263074 0.0189949 0.165535 0.111776 0.160124 0.207621 0.196745 
loop 17
0.139044 0.0446863 0.062093 0.0900458 0.0661999 0.0525146 0.108229 0.070902 0.236291 0.0803296 0.0716173 0.236896 0.168706 0.228959 0.28955 0.269974 
0.134381 0.0335368 0.0510191 0.0852841 0.0621711 0.0485804 0.103345 0.0661696 0.239126 0.0761074 0.0610243 0.231653 0.17167 0.233231 0.286199 0.274217 
0.134381 0.0335368 0.0510191 0.0852841 0.0621711 0.0485804 0.103345 0.0661696 0.239126 0.0761074 0.0610243 0.231653 0.17167 0.233231 0.286199 0.274217 
0.0837547 0 0.0156998 0.0400496 0.0196859 0.00763543 0.0624524 0.0291213 0.170026 0.0320053 0.0247428 0.170526 0.117023 0.165141 0.212364 0.201589 
0.123606 0.0335039 0.0518522 0.0803301 0.0564215 0.0422944 0.099059 0.0605537 0.231356 0.070869 0.0552757 0.223695 0.161921 0.225356 0.279939 0.267584 
0.617781 0.347446 0.395594 0.477333 0.419235 0.378402 0.54173 0.425509 0.875201 0.44536 0.415939 0.876934 0.703089 0.869086 1 0.977362 
0.231097 0.102654 0.123554 0.163905 0.12882 0.112799 0.193952 0.141198 0.372776 0.144598 0.135869 0.363463 0.274435 0.357316 0.439518 0.414746 
0.22121 0.0907247 0.113697 0.153025 0.117701 0.105327 0.184165 0.128064 0.361386 0.137565 0.123344 0.362126 0.272356 0.356166 0.433244 0.412791 
0.617781 0.347446 0.395594 0.477333 0.419235 0.378402 0.54173 0.425509 0.875201 0.44536 0.415939 0.876934 0.703089 0.869086 1 0.977362 
0.617869 0.347423 0.395568 0.477297 0.419235 0.378376 0.54173 0.425509 0.875201 0.44536 0.415913 0.876934 0.703089 0.86902 1 0.977362 
0.134381 0.0335368 0.0510191 0.0852841 0.0621711 0.0485804 0.103345 0.0661696 0.239126 0.0761074 0.0610243 0.231653 0.17167 0.233231 0.286199 0.274217 
0.139044 0.0446863 0.062093 0.0900458 0.0661999 0.0525146 0.108229 0.070902 0.236291 0.0803296 0.0716173 0.236896 0.168706 0.228959 0.28955 0.269974 
0.617869 0.347423 0.395568 0.477297 0.419235 0.378376 0.54173 0.425509 0.875201 0.44536 0.415913 0.876934 0.703089 0.86902 1 0.977362 
0.0837547 8.33124e-05 0.0156998 0.0400496 0.0196859 0.00763543 0.0624524 0.0291213 0.170026 0.0320053 0.0247428 0.170526 0.117023 0.165141 0.212364 0.201589 
0.617781 0.347446 0.395594 0.477333 0.419235 0.378402 0.54173 0.425509 0.875201 0.44536 0.415939 0.876934 0.703089 0.869086 1 0.977362 
0.0837547 0 0.0156998 0.0400496 0.0196859 0.00763543 0.0624524 0.0291213 0.170026 0.0320053 0.0247428 0.170526 0.117023 0.165141 0.212364 0.201589 
loop 18
0.134976 0.0466418 0.064271 0.0857926 0.0684231 0.0545397 0.110958 0.0732166 0.232683 0.0759985 0.0672356 0.233276 0.172146 0.233029 0.286112 0.274533 
0.129594 0.0353464 0.0529859 0.0804988 0.0573782 0.0437766 0.0985446 0.0613657 0.226303 0.0713203 0.0562297 0.226894 0.159253 0.220462 0.281464 0.269518 
0.129594 0.0353464 0.0529859 0.0804988 0.0573782 0.0437766 0.0985446 0.0613657 0.226303 0.0713203 0.0562297 0.226894 0.159253 0.220462 0.281464 0.269518 
0.0837616 0 0.0157011 0.0400529 0.0196875 0.00763606 0.0624576 0.0291237 0.17004 0.032008 0.0247448 0.17054 0.117033 0.165155 0.212382 0.201605 
0.125371 0.027951 0.0461897 0.0746263 0.0507492 0.036716 0.0933258 0.0548868 0.225417 0.065167 0.0566052 0.226013 0.156097 0.219407 0.273965 0.261631 
0.617873 0.347429 0.395575 0.477336 0.419239 0.378382 0.541734 0.425519 0.875206 0.445366 0.415916 0.876934 0.703039 0.868957 1 0.977365 
0.231012 0.102589 0.123481 0.163841 0.128765 0.112729 0.193879 0.141117 0.372693 0.144538 0.135813 0.363386 0.274377 0.357241 0.439426 0.425015 
0.219617 0.0896737 0.112549 0.151727 0.123628 0.104212 0.182714 0.126854 0.359416 0.136326 0.122195 0.360156 0.27062 0.354156 0.431073 0.410634 
0.617873 0.347429 0.395575 0.477336 0.419239 0.378382 0.541734 0.425519 0.875206 0.445366 0.415916 0.876934 0.703039 0.868957 1 0.977365 
0.617786 0.34736 0.395524 0.477238 0.419182 0.378304 0.541698 0.425457 0.875206 0.44531 0.41586 0.876934 0.70309 0.869091 1 0.977442 
0.129594 0.0353464 0.0529859 0.0804988 0.0573782 0.0437766 0.0985446 0.0613657 0.226303 0.0713203 0.0562297 0.226894 0.159253 0.220462 0.281464 0.269518 
0.134976 0.0466418 0.064271 0.0857926 0.0684231 0.0545397 0.110958 0.0732166 0.232683 0.0759985 0.0672356 0.233276 0.172146 0.233029 0.286112 0.274533 
0.617786 0.34736 0.395524 0.477238 0.419182 0.378304 0.541698 0.425457 0.875206 0.44531 0.41586 0.876934 0.70309 0.869091 1 0.977442 
0.0837616 0 0.0157011 0.0400529 0.0196875 0.00763606 0.0624576 0.0291237 0.17004 0.032008 0.0247448 0.17054 0.117033 0.165155 0.212382 0.201605 
0.617873 0.347429 0.395575 0.477336 0.419239 0.378382 0.541734 0.425519 0.875206 0.445366 0.415916 0.876934 0.703039 0.868957 1 0.977365 
0.0837616 0 0.0157011 0.0400529 0.0196875 0.00763606 0.0624576 0.0291237 0.17004 0.032008 0.0247448 0.17054 0.117033 0.165155 0.212382 0.201605 
loop 19
0.139051 0.0440369 0.0615919 0.0897363 0.0657209 0.0519172 0.107997 0.0704421 0.236878 0.0799291 0.064513 0.237447 0.168863 0.22949 0.290494 0.278831 
0.128243 0.0336969 0.0513766 0.0789799 0.0557885 0.0421312 0.0971076 0.0598021 0.233386 0.0697614 0.0546153 0.233959 0.165655 0.227391 0.280567 0.268571 
0.128243 0.0336969 0.0513766 0.0789799 0.0557885 0.0421312 0.0971076 0.0598021 0.233386 0.0697614 0.0546153 0.233959 0.165655 0.227391 0.280567 0.268571 
0.0783395 0 0.00990805 0.034373 0.013916 0.00774529 0.0569198 0.023404 0.165086 0.0263039 0.0189838 0.165589 0.111792 0.160174 0.207656 0.196821 
0.113871 0.0231034 0.0415456 0.0702321 0.0461474 0.0319681 0.0891041 0.0503058 0.214109 0.0606732 0.0450166 0.214654 0.152469 0.208114 0.262751 0.250358 
0.615457 0.343512 0.391954 0.47414 0.415723 0.374635 0.53893 0.422034 0.874471 0.442027 0.412407 0.876214 0.701191 0.868119 1 0.977229 
0.226598 0.0974034 0.118426 0.159012 0.123722 0.107587 0.189236 0.136173 0.369106 0.139593 0.130813 0.359739 0.27019 0.353555 0.436239 0.411321 
0.238259 0.102876 0.126648 0.16756 0.138232 0.117996 0.199876 0.141722 0.392249 0.151504 0.13665 0.39303 0.291209 0.37778 0.466789 0.445462 
0.615457 0.343512 0.391954 0.47414 0.415723 0.374635 0.53893 0.422034 0.874471 0.442027 0.412407 0.876214 0.701191 0.868119 1 0.977229 
0.615498 0.343512 0.391954 0.474176 0.415749 0.374635 0.53893 0.42206 0.874331 0.442027 0.412407 0.876074 0.701191 0.868046 0.999834 0.977074 
0.128243 0.0336969 0.0513766 0.0789799 0.0557885 0.0421312 0.0971076 0.0598021 0.233386 0.0697614 0.0546153 0.233959 0.165655 0.227391 0.280567 0.268571 
0.139051 0.0440369 0.0615919 0.0897363 0.0657209 0.0519172 0.107997 0.0704421 0.236878 0.0799291 0.064513 0.237447 0.168863 0.22949 0.290494 0.278831 
0.615498 0.343512 0.391954 0.474176 0.415749 0.374635 0.53893 0.42206 0.874331 0.442027 0.412407 0.876074 0.701191 0.868046 0.999834 0.977074 
0.0783395 0 0.00990805 0.034373 0.013916 0.00774529 0.0569198 0.023404 0.165086 0.0263039 0.0189838 0.165589 0.111792 0.160174 0.207656 0.196821 
0.615457 0.343512 0.391954 0.47414 0.415723 0.374635 0.53893 0.422034 0.874471 0.442027 0.412407 0.876214 0.701191 0.868119 1 0.977229 
0.0783395 0 0.00990805 0.034373 0.013916 0.00774529 0.0569198 0.023404 0.165086 0.0263039 0.0189838 0.165589 0.111792 0.160174 0.207656 0.196821 
loop 20
0.133858 0.0406091 0.0578669 0.0854203 0.0619754 0.0484645 0.10333 0.066504 0.229909 0.0759104 0.0608455 0.230502 0.16317 0.222958 0.282978 0.263459 
0.12704 0.0335986 0.0510693 0.0783542 0.0554344 0.0419524 0.103358 0.0593968 0.230968 0.0692419 0.0610769 0.231525 0.163984 0.225114 0.286042 0.274066 
0.12704 0.0335986 0.0510693 0.0783542 0.0554344 0.0419524 0.103358 0.0593968 0.230968 0.0692419 0.0610769 0.231525 0.163984 0.225114 0.286042 0.274066 
0.0837674 0 0.0157134 0.0400434 0.0196825 0.00764921 0.0624423 0.0291348 0.170038 0.0320003 0.0247388 0.170496 0.117035 0.165153 0.212375 0.2016 
0.125921 0.0283526 0.0466332 0.0751025 0.0512081 0.0371306 0.0938157 0.0553248 0.226091 0.0656148 0.0570615 0.2184 0.156674 0.220108 0.274709 0.262297 
0.61774 0.34734 0.3955 0.477242 0.419156 0.378282 0.541618 0.42543 0.875136 0.445281 0.415834 0.876864 0.702985 0.868888 0.999918 0.977285 
0.231108 0.102667 0.123546 0.163916 0.128832 0.112791 0.193964 0.141187 0.372784 0.14461 0.135881 0.363472 0.274445 0.357325 0.439526 0.414692 
0.227667 0.0947439 0.118135 0.158174 0.129424 0.109587 0.18992 0.1328 0.370429 0.142415 0.12793 0.37117 0.279737 0.364988 0.443491 0.422576 
0.61774 0.34734 0.3955 0.477242 0.419156 0.378282 0.541618 0.42543 0.875136 0.445281 0.415834 0.876864 0.702985 0.868888 0.999918 0.977285 
0.617653 0.347294 0.395443 0.477176 0.419105 0.378236 0.541582 0.425373 0.875203 0.445219 0.415777 0.876864 0.702934 0.868888 1 0.977362 
0.12704 0.0335986 0.0510693 0.0783542 0.0554344 0.0419524 0.103358 0.0593968 0.230968 0.0692419 0.0610769 0.231525 0.163984 0.225114 0.286042 0.274066 
0.133858 0.0406091 0.0578669 0.0854203 0.0619754 0.0484645 0.10333 0.066504 0.229909 0.0759104 0.0608455 0.230502 0.16317 0.222958 0.282978 0.263459 
0.617653 0.347294 0.395443 0.477176 0.419105 0.378236 0.541582 0.425373 0.875203 0.445219 0.415777 0.876864 0.702934 0.868888 1 0.977362 
0.0837674 0 0.0157134 0.0400434 0.0196825 0.00764921 0.0624423 0.0291348 0.170038 0.0320003 0.0247388 0.170496 0.117035 0.165153 0.212375 0.2016 
0.61774 0.34734 0.3955 0.477242 0.419156 0.378282 0.541618 0.42543 0.875136 0.445281 0.415834 0.876864 0.702985 0.868888 0.999918 0.977285 
0.0837674 0 0.0157134 0.0400434 0.0196825 0.00764921 0.0624423 0.0291348 0.170038 0.0320003 0.0247388 0.170496 0.117035 0.165153 0.212375 0.2016 
loop 21
0.133785 0.0398985 0.0572395 0.0850406 0.0613529 0.0541824 0.103113 0.0659995 0.230588 0.0754038 0.0667611 0.231131 0.163367 0.22338 0.283746 0.26418 
0.127738 0.0338865 0.0514317 0.0788569 0.0558125 0.0422506 0.103954 0.0598097 0.232063 0.0696881 0.0614701 0.232666 0.164833 0.226138 0.287318 0.267032 
0.127738 0.0338865 0.0514317 0.0788569 0.0558125 0.0422506 0.103954 0.0598097 0.232063 0.0696881 0.0614701 0.232666 0.164833 0.226138 0.287318 0.267032 
0.0837982 0 0.0157119 0.0400625 0.0197014 0.00765645 0.0624796 0.0291432 0.170097 0.0320122 0.024744 0.170596 0.117091 0.165208 0.212462 0.201679 
0.125404 0.0278921 0.046166 0.0746129 0.0507272 0.0366578 0.0933429 0.0548663 0.225554 0.06515 0.0565849 0.22615 0.156181 0.219539 0.274141 0.261797 
0.617563 0.347175 0.395321 0.477049 0.418981 0.378141 0.541451 0.42525 0.874984 0.445094 0.415654 0.876712 0.702844 0.868803 0.999758 0.977127 
0.230927 0.102508 0.123399 0.163757 0.128683 0.112647 0.193795 0.141035 0.372551 0.144432 0.135731 0.363245 0.27425 0.357101 0.439273 0.424926 
0.219072 0.0891226 0.119005 0.151159 0.123037 0.103646 0.182194 0.133491 0.367131 0.142998 0.12869 0.35935 0.269984 0.353434 0.430217 0.418518 
0.617563 0.347175 0.395321 0.477049 0.418981 0.378141 0.541451 0.42525 0.874984 0.445094 0.415654 0.876712 0.702844 0.868803 0.999758 0.977127 
0.617738 0.34736 0.395512 0.477244 0.419177 0.37829 0.541642 0.425425 0.87519 0.445274 0.415855 0.876923 0.702952 0.868937 1 0.977363 
0.127738 0.0338865 0.0514317 0.0788569 0.0558125 0.0422506 0.103954 0.0598097 0.232063 0.0696881 0.0614701 0.232666 0.164833 0.226138 0.287318 0.267032 
0.133785 0.0398985 0.0572395 0.0850406 0.0613529 0.0541824 0.103113 0.0659995 0.230588 0.0754038 0.0667611 0.231131 0.163367 0.22338 0.283746 0.26418 
0.617738 0.34736 0.395512 0.477244 0.419177 0.37829 0.541642 0.425425 0.87519 0.445274 0.415855 0.876923 0.702952 0.868937 1 0.977363 
0.0837982 0 0.0157119 0.0400625 0.0197014 0.00765645 0.0624796 0.0291432 0.170097 0.0320122 0.024744 0.170596 0.117091 0.165208 0.212462 0.201679 
0.617563 0.347175 0.395321 0.477049 0.418981 0.378141 0.541451 0.42525 0.874984 0.445094 0.415654 0.876712 0.702844 0.868803 0.999758 0.977127 
0.0837982 0 0.0157119 0.0400625 0.0197014 0.00765645 0.0624796 0.0291432 0.170097 0.0320122 0.024744 0.170596 0.117091 0.165208 0.212462 0.201679 
loop 22
0.140112 0.0444011 0.0620606 0.0904655 0.0662013 0.0522781 0.108889 0.0710543 0.238776 0.0805471 0.0716997 0.239345 0.170192 0.23115 0.29255 0.272725 
0.122721 0.0285337 0.0461461 0.0736408 0.0505367 0.0369569 0.0988603 0.0545207 0.227475 0.0644594 0.0562301 0.228082 0.159985 0.221568 0.274633 0.262616 
0.122721 0.0285337 0.0461461 0.0736408 0.0505367 0.0369569 0.0988603 0.0545207 0.227475 0.0644594 0.0562301 0.228082 0.159985 0.221568 0.274633 0.262616 
0.0783463 0 0.0099138 0.0343807 0.013919 0.00775395 0.0569144 0.0234191 0.165092 0.0262979 0.0190011 0.165552 0.111783 0.160182 0.207648 0.196816 
0.120131 0.0222864 0.0406203 0.0691649 0.0452038 0.031097 0.0879328 0.049327 0.220648 0.0596587 0.051073 0.221248 0.151002 0.214694 0.269422 0.257031 
0.615613 0.343649 0.392102 0.474307 0.415873 0.374781 0.539076 0.422188 0.874484 0.442152 0.412532 0.876222 0.70137 0.868262 1 0.977238 
0.226637 0.0974612 0.11846 0.159061 0.123776 0.107643 0.18928 0.136202 0.369066 0.139644 0.130866 0.359703 0.270181 0.353575 0.436178 0.41127 
0.218028 0.0862493 0.10941 0.149153 0.11346 0.100976 0.180625 0.123959 0.359529 0.133564 0.119158 0.360273 0.261578 0.345618 0.432067 0.411316 
0.615613 0.343649 0.392102 0.474307 0.415873 0.374781 0.539076 0.422188 0.874484 0.442152 0.412532 0.876222 0.70137 0.868262 1 0.977238 
0.615613 0.343649 0.392071 0.474276 0.415847 0.374781 0.539076 0.422157 0.874412 0.442121 0.412532 0.876155 0.70137 0.868262 0.999922 0.977155 
0.122721 0.0285337 0.0461461 0.0736408 0.0505367 0.0369569 0.0988603 0.0545207 0.227475 0.0644594 0.0562301 0.228082 0.159985 0.221568 0.274633 0.262616 
0.140112 0.0444011 0.0620606 0.0904655 0.0662013 0.0522781 0.108889 0.0710543 0.238776 0.0805471 0.0716997 0.239345 0.170192 0.23115 0.29255 0.272725 
0.615613 0.343649 0.392071 0.474276 0.415847 0.374781 0.539076 0.422157 0.874412 0.442121 0.412532 0.876155 0.70137 0.868262 0.999922 0.977155 
0.0783463 0 0.0099138 0.0343807 0.013919 0.00775395 0.0569144 0.0234191 0.165092 0.0262979 0.0190011 0.165552 0.111783 0.160182 0.207648 0.196816 
0.615613 0.343649 0.392102 0.474307 0.415873 0.374781 0.539076 0.422188 0.874484 0.442152 0.412532 0.876222 0.70137 0.868262 1 0.977238 
0.0783463 0 0.0099138 0.0343807 0.013919 0.00775395 0.0569144 0.0234191 0.165092 0.0262979 0.0190011 0.165552 0.111783 0.160182 0.207648 0.196816 
loop 23
0.139613 0.0442192 0.0618312 0.0901102 0.0659645 0.0521056 0.108463 0.0707619 0.237927 0.0802371 0.0714555 0.238496 0.169577 0.238289 0.2916 0.27996 
0.122325 0.0282423 0.045847 0.0732994 0.050227 0.0366603 0.0984895 0.0542004 0.226944 0.0641179 0.0559104 0.227551 0.159546 0.221048 0.274007 0.262067 
0.122325 0.0282423 0.045847 0.0732994 0.050227 0.0366603 0.0984895 0.0542004 0.226944 0.0641179 0.0559104 0.227551 0.159546 0.221048 0.274007 0.262067 
0.0783125 0 0.00991288 0.0343576 0.0139008 0.00773737 0.0568859 0.0233988 0.165033 0.0262954 0.0189821 0.165494 0.11174 0.160124 0.207576 0.196748 
0.113894 0.0231594 0.0415787 0.0702922 0.0461956 0.0320052 0.0891367 0.0503527 0.214051 0.0607357 0.0450644 0.214638 0.152446 0.208101 0.262716 0.250328 
0.615666 0.343662 0.392084 0.47432 0.415888 0.374793 0.539125 0.422198 0.874414 0.442163 0.412546 0.876152 0.701378 0.868265 0.999917 0.977154 
0.226631 0.0974633 0.118482 0.15906 0.123776 0.107645 0.189277 0.136758 0.369103 0.140193 0.130866 0.35974 0.270212 0.353559 0.43622 0.421789 
0.21988 0.0889728 0.112018 0.151531 0.123195 0.103615 0.182713 0.126492 0.369083 0.135981 0.121716 0.361247 0.27113 0.355172 0.441455 0.420786 
0.615666 0.343662 0.392084 0.47432 0.415888 0.374793 0.539125 0.422198 0.874414 0.442163 0.412546 0.876152 0.701378 0.868265 0.999917 0.977154 
0.615666 0.343685 0.392084 0.474284 0.415888 0.374819 0.539089 0.422198 0.874554 0.442163 0.412546 0.876225 0.701378 0.868332 1 0.977314 
0.122325 0.0282423 0.045847 0.0732994 0.050227 0.0366603 0.0984895 0.0542004 0.226944 0.0641179 0.0559104 0.227551 0.159546 0.221048 0.274007 0.262067 
0.139613 0.0442192 0.0618312 0.0901102 0.0659645 0.0521056 0.108463 0.0707619 0.237927 0.0802371 0.0714555 0.238496 0.169577 0.238289 0.2916 0.27996 
0.615666 0.343685 0.392084 0.474284 0.415888 0.374819 0.539089 0.422198 0.874554 0.442163 0.412546 0.876225 0.701378 0.868332 1 0.977314 
0.0783125 0 0.00991288 0.0343576 0.0139008 0.00773737 0.0568859 0.0233988 0.165033 0.0262954 0.0189821 0.165494 0.11174 0.160124 0.207576 0.196748 
0.615666 0.343662 0.392084 0.47432 0.415888 0.374793 0.539125 0.422198 0.874414 0.442163 0.412546 0.876152 0.701378 0.868265 0.999917 0.977154 
0.0783125 0 0.00991288 0.0343576 0.0139008 0.00773737 0.0568859 0.0233988 0.165033 0.0262954 0.0189821 0.165494 0.11174 0.160124 0.207576 0.196748 
loop 24
0.152682 0.0582764 0.0756955 0.103686 0.0797819 0.0660497 0.121817 0.0845184 0.257735 0.0939358 0.0852492 0.258335 0.189714 0.250272 0.31119 0.299634 
0.128401 0.0344859 0.0520654 0.0794682 0.0564291 0.0428943 0.0974458 0.0604075 0.232778 0.0703043 0.0553002 0.225339 0.16552 0.226884 0.279723 0.267788 
0.128401 0.0344859 0.0520654 0.0794682 0.0564291 0.0428943 0.0974458 0.0604075 0.232778 0.0703043 0.0553002 0.225339 0.16552 0.226884 0.279723 0.267788 
0.0838051 0 0.0157132 0.0400658 0.019703 0.00765708 0.0624847 0.0291456 0.170111 0.0320148 0.024746 0.170569 0.117069 0.165222 0.21248 0.201649 
0.125798 0.0282991 0.0465539 0.0750068 0.0511289 0.0370809 0.0937204 0.0552468 0.225913 0.065538 0.056983 0.218265 0.156515 0.219932 0.274516 0.262157 
0.617743 0.347342 0.395488 0.477216 0.419155 0.378295 0.54165 0.425429 0.875195 0.44528 0.415832 0.876856 0.702902 0.868875 1 0.977367 
0.230981 0.102553 0.123451 0.163823 0.128737 0.112696 0.19387 0.141093 0.372638 0.144492 0.135787 0.363329 0.274313 0.357183 0.439371 0.425022 
0.247202 0.10417 0.135305 0.168649 0.139464 0.119259 0.200811 0.150286 0.392824 0.160126 0.145346 0.393667 0.291983 0.387264 0.467317 0.446015 
0.617743 0.347342 0.395488 0.477216 0.419155 0.378295 0.54165 0.425429 0.875195 0.44528 0.415832 0.876856 0.702902 0.868875 1 0.977367 
0.617655 0.34725 0.39541 0.477119 0.419041 0.378192 0.541532 0.425316 0.874984 0.445162 0.415719 0.876717 0.702851 0.868736 0.999758 0.97713 
0.128401 0.0344859 0.0520654 0.0794682 0.0564291 0.0428943 0.0974458 0.0604075 0.232778 0.0703043 0.0553002 0.225339 0.16552 0.226884 0.279723 0.267788 
0.152682 0.0582764 0.0756955 0.103686 0.0797819 0.0660497 0.121817 0.0845184 0.257735 0.0939358 0.0852492 0.258335 0.189714 0.250272 0.31119 0.299634 
0.617655 0.34725 0.39541 0.477119 0.419041 0.378192 0.541532 0.425316 0.874984 0.445162 0.415719 0.876717 0.702851 0.868736 0.999758 0.97713 
0.0838051 0 0.0157132 0.0400458 0.019703 0.00765708 0.0624847 0.0291456 0.170111 0.0320148 0.024746 0.170569 0.117069 0.165222 0.21248 0.201649 
0.617743 0.347342 0.395488 0.477216 0.419155 0.378295 0.54165 0.425429 0.875195 0.44528 0.415832 0.876856 0.702902 0.868875 1 0.977367 
0.0838051 0 0.0157132 0.0400658 0.019703 0.00765708 0.0624847 0.0291456 0.170111 0.0320148 0.024746 0.170569 0.117069 0.165222 0.21248 0.201649 
loop 25
0.124266 0.0312513 0.0484777 0.0759321 0.0525832 0.0391198 0.0938461 0.0570827 0.212566 0.0664554 0.0579672 0.213077 0.153624 0.213309 0.265274 0.253821 
0.123144 0.0293408 0.0468845 0.0742694 0.0512466 0.0443825 0.0993556 0.0620393 0.227501 0.0651157 0.0568821 0.228091 0.160266 0.22159 0.274475 0.262495 
0.123144 0.0293408 0.0468845 0.0742694 0.0512466 0.0443825 0.0993556 0.0620393 0.227501 0.0651157 0.0568821 0.228091 0.160266 0.22159 0.274475 0.262495 
0.0837687 0 0.0157026 0.0400363 0.0196723 0.00763656 0.0624394 0.0291258 0.170056 0.0319919 0.0247292 0.170515 0.117043 0.165171 0.212403 0.201625 
0.124033 0.0338202 0.0521677 0.0735258 0.0567489 0.0426195 0.0994507 0.0608739 0.223557 0.0640964 0.0556031 0.224153 0.16237 0.217628 0.280495 0.268067 
0.617688 0.347322 0.395483 0.477192 0.419114 0.378265 0.541606 0.425388 0.875132 0.445234 0.415792 0.876794 0.702977 0.868884 0.999918 0.977284 
0.231087 0.102642 0.123542 0.163919 0.12883 0.112787 0.193971 0.141186 0.372767 0.144586 0.13588 0.363454 0.274425 0.357307 0.43951 0.414738 
0.217765 0.0937108 0.116953 0.149304 0.121016 0.101445 0.180537 0.131431 0.358633 0.141042 0.126716 0.359361 0.269112 0.353333 0.430876 0.410238 
0.617688 0.347322 0.395483 0.477192 0.419114 0.378265 0.541606 0.425388 0.875132 0.445234 0.415792 0.876794 0.702977 0.868884 0.999918 0.977284 
0.617688 0.347322 0.395483 0.477192 0.419114 0.378265 0.541606 0.425388 0.875199 0.445234 0.415792 0.87686 0.702925 0.868884 1 0.977361 
0.123144 0.0293408 0.0468845 0.0742694 0.0512466 0.0443825 0.0993556 0.0620393 0.227501 0.0651157 0.0568821 0.228091 0.160266 0.22159 0.274475 0.262495 
0.124266 0.0312513 0.0484777 0.0759321 0.0525832 0.0391198 0.0938461 0.0570827 0.212566 0.0664554 0.0579672 0.213077 0.153624 0.213309 0.265274 0.253821 
0.617688 0.347322 0.395483 0.477192 0.419114 0.378265 0.541606 0.425388 0.875199 0.445234 0.415792 0.87686 0.702925 0.868884 1 0.977361 
0.0837687 0 0.0157026 0.0400363 0.0196723 0.00763656 0.0624394 0.0291258 0.170056 0.0319919 0.0247292 0.170515 0.117043 0.165171 0.212403 0.201625 
0.617688 0.347322 0.395483 0.477192 0.419114 0.378265 0.541606 0.425388 0.875132 0.445234 0.415792 0.876794 0.702977 0.868884 0.999918 0.977284 
0.0837687 0 0.0157026 0.0400363 0.0196723 0.00763656 0.0624394 0.0291258 0.170056 0.0319919 0.0247292 0.170515 0.117043 0.165171 0.212403 0.201625 
loop 26
0.133731 0.0448533 0.062571 0.0910966 0.066703 0.0527381 0.10959 0.0715948 0.240026 0.0811189 0.0655189 0.23268 0.171165 0.232325 0.28573 0.274069 
0.117397 0.0233063 0.0408993 0.0683536 0.0452873 0.0384003 0.0935133 0.0561077 0.222083 0.0591839 0.050938 0.222677 0.154628 0.216204 0.269205 0.2572 
0.117397 0.0233063 0.0408993 0.0683536 0.0452873 0.0384003 0.0935133 0.0561077 0.222083 0.0591839 0.050938 0.222677 0.154628 0.216204 0.269205 0.2572 
0.0783323 0 0.00991148 0.0343744 0.0139162 0.00775238 0.0569043 0.0234149 0.165058 0.0263117 0.0189979 0.165561 0.111794 0.16015 0.207605 0.196776 
0.120893 0.0227249 0.0411088 0.069757 0.0456913 0.0315527 0.0886002 0.0498662 0.221649 0.0602153 0.051595 0.213955 0.151826 0.215631 0.270551 0.258116 
0.6155 0.34356 0.391991 0.474201 0.41576 0.374683 0.538985 0.422096 0.874489 0.442058 0.412444 0.876159 0.70128 0.868204 1 0.977235 
0.226661 0.0974658 0.118483 0.159059 0.123777 0.107647 0.189304 0.136225 0.369143 0.139643 0.130867 0.359779 0.270204 0.353598 0.436265 0.421771 
0.227128 0.0958426 0.118957 0.158577 0.122998 0.103495 0.189865 0.133412 0.376845 0.142976 0.128711 0.368967 0.278632 0.362951 0.449517 0.428692 
0.6155 0.34356 0.391991 0.474201 0.41576 0.374683 0.538985 0.422096 0.874489 0.442058 0.412444 0.876159 0.70128 0.868204 1 0.977235 
0.615588 0.343607 0.392048 0.474233 0.415817 0.37473 0.539021 0.422153 0.874489 0.44212 0.412501 0.876159 0.701331 0.868204 1 0.977235 
0.117397 0.0233063 0.0408993 0.0683536 0.0452873 0.0384003 0.0935133 0.0561077 0.222083 0.0591839 0.050938 0.222677 0.154628 0.216204 0.269205 0.2572 
0.133731 0.0448533 0.062571 0.0910966 0.066703 0.0527381 0.10959 0.0715948 0.240026 0.0811189 0.0655189 0.23268 0.171165 0.232325 0.28573 0.274069 
0.615588 0.343607 0.392048 0.474233 0.415817 0.37473 0.539021 0.422153 0.874489 0.44212 0.412501 0.876159 0.701331 0.868204 1 0.977235 
0.0783323 0 0.00991148 0.0343744 0.0139162 0.00775238 0.0569043 0.0234149 0.165058 0.0263117 0.0189979 0.165561 0.111794 0.16015 0.207605 0.196776 
0.6155 0.34356 0.391991 0.474201 0.41576 0.374683 0.538985 0.422096 0.874489 0.442058 0.412444 0.876159 0.70128 0.868204 1 0.977235 
0.0783323 0 0.00991148 0.0343744 0.0139162 0.00775238 0.0569043 0.0234149 0.165058 0.0263117 0.0189979 0.165561 0.111794 0.16015 0.207605 0.196776 
loop 27
0.149778 0.0545808 0.0721377 0.100391 0.0762683 0.0624053 0.118681 0.0810561 0.247769 0.0905329 0.0750557 0.248398 0.179624 0.248084 0.301272 0.289668 
0.134567 0.0337063 0.0512031 0.0784858 0.0555564 0.0420559 0.103521 0.0663374 0.239255 0.0693823 0.061205 0.231778 0.164198 0.225315 0.28636 0.27437 
0.134567 0.0337063 0.0512031 0.0784858 0.0555564 0.0420559 0.103521 0.0663374 0.239255 0.0693823 0.061205 0.231778 0.164198 0.225315 0.28636 0.27437 
0.0838038 0 0.0157087 0.0400529 0.0196968 0.00765481 0.062465 0.0291366 0.170092 0.0320232 0.0247561 0.170592 0.117061 0.165204 0.212452 0.201671 
0.1199 0.0293804 0.0477668 0.0692306 0.0523664 0.0382118 0.095223 0.0565083 0.219828 0.0597749 0.0512422 0.220412 0.158368 0.213842 0.268362 0.256033 
0.617666 0.347291 0.395427 0.477169 0.419083 0.378235 0.541545 0.425357 0.874988 0.445208 0.415761 0.876721 0.702859 0.868739 0.999758 0.977131 
0.231002 0.102597 0.123476 0.163846 0.128761 0.112721 0.193893 0.141116 0.372656 0.144516 0.135811 0.363346 0.274333 0.3572 0.439386 0.425038 
0.221245 0.0907428 0.113696 0.153002 0.117732 0.105351 0.184146 0.128068 0.36147 0.137573 0.123377 0.362211 0.264389 0.356249 0.433442 0.412897 
0.617666 0.347291 0.395427 0.477169 0.419083 0.378235 0.541545 0.425357 0.874988 0.445208 0.415761 0.876721 0.702859 0.868739 0.999758 0.977131 
0.6178 0.347383 0.39553 0.477267 0.419196 0.378338 0.541699 0.425476 0.875199 0.445326 0.415874 0.87686 0.70307 0.869012 1 0.977367 
0.134567 0.0337063 0.0512031 0.0784858 0.0555564 0.0420559 0.103521 0.0663374 0.239255 0.0693823 0.061205 0.231778 0.164198 0.225315 0.28636 0.27437 
0.149778 0.0545808 0.0721377 0.100391 0.0762683 0.0624053 0.118681 0.0810561 0.247769 0.0905329 0.0750557 0.248398 0.179624 0.248084 0.301272 0.289668 
0.6178 0.347383 0.39553 0.477267 0.419196 0.378338 0.541699 0.425476 0.875199 0.445326 0.415874 0.87686 0.70307 0.869012 1 0.977367 
0.0838038 0 0.0157087 0.0400529 0.0196968 0.00765481 0.062465 0.0291366 0.170092 0.0320232 0.0247561 0.170592 0.117061 0.165204 0.212452 0.201671 
0.617666 0.347291 0.395427 0.477169 0.419083 0.378235 0.541545 0.425357 0.874988 0.445208 0.415761 0.876721 0.702859 0.868739 0.999758 0.977131 
0.0838038 0 0.0157087 0.0400529 0.0196968 0.00765481 0.062465 0.0291366 0.170092 0.0320232 0.0247561 0.170592 0.117061 0.165204 0.212452 0.201671 
loop 28
0.153382 0.0585395 0.0760322 0.104186 0.0801266 0.0663252 0.122398 0.084922 0.258867 0.0943595 0.0856024 0.251544 0.190525 0.251276 0.312453 0.300856 
0.134255 0.0334755 0.0509518 0.0852059 0.0553147 0.0485147 0.103234 0.0660979 0.238944 0.0691346 0.0609539 0.231428 0.171489 0.233006 0.285935 0.274015 
0.134255 0.0334755 0.0509518 0.0852059 0.0553147 0.0485147 0.103234 0.0660979 0.238944 0.0691346 0.0609539 0.231428 0.171489 0.233006 0.285935 0.274015 
0.0837758 0 0.0157196 0.0400595 0.0196906 0.00765202 0.0624679 0.0291456 0.170073 0.032013 0.0247482 0.170573 0.117054 0.165187 0.212425 0.201646 
0.124806 0.034269 0.0457213 0.0741192 0.0502647 0.0430869 0.10012 0.0614116 0.224678 0.0646524 0.0561045 0.225274 0.163268 0.218725 0.273145 0.260843 
0.61781 0.347401 0.395547 0.477312 0.419213 0.378355 0.541712 0.425492 0.875202 0.445342 0.41589 0.876863 0.703078 0.869016 0.999923 0.977368 
0.231058 0.10264 0.123521 0.163895 0.128807 0.112766 0.193945 0.141163 0.37273 0.144587 0.135857 0.363418 0.274394 0.357271 0.439469 0.414697 
0.234037 0.100539 0.123994 0.164268 0.135351 0.115422 0.196149 0.138782 0.385894 0.148456 0.133818 0.377888 0.286244 0.371706 0.450294 0.438394 
0.61781 0.347401 0.395547 0.477312 0.419213 0.378355 0.541712 0.425492 0.875202 0.445342 0.41589 0.876863 0.703078 0.869016 0.999923 0.977368 
0.61781 0.347401 0.395547 0.477282 0.419213 0.378355 0.541712 0.425492 0.875202 0.445342 0.41589 0.876863 0.703078 0.869016 1 0.977368 
0.134255 0.0334755 0.0509518 0.0852059 0.0553147 0.0485147 0.103234 0.0660979 0.238944 0.0691346 0.0609539 0.231428 0.171489 0.233006 0.285935 0.274015 
0.153382 0.0585395 0.0760322 0.104186 0.0801266 0.0663252 0.122398 0.084922 0.258867 0.0943595 0.0856024 0.251544 0.190525 0.251276 0.312453 0.300856 
0.61781 0.347401 0.395547 0.477282 0.419213 0.378355 0.541712 0.425492 0.875202 0.445342 0.41589 0.876863 0.703078 0.869016 1 0.977368 
0.0837758 0 0.0157196 0.0400595 0.0196906 0.00765202 0.0624679 0.0291456 0.170073 0.032013 0.0247482 0.170573 0.117054 0.165187 0.212425 0.201646 
0.61781 0.347401 0.395547 0.477312 0.419213 0.378355 0.541712 0.425492 0.875202 0.445342 0.41589 0.876863 0.703078 0.869016 0.999923 0.977368 
0.0837758 0 0.0157196 0.0400595 0.0196906 0.00765202 0.0624679 0.0291456 0.170073 0.032013 0.0247482 0.170573 0.117054 0.165187 0.212425 0.201646 
loop 29
0.119095 0.0254353 0.0427645 0.0704217 0.0469058 0.0397539 0.0884678 0.0514447 0.215704 0.0608799 0.0522919 0.208536 0.148599 0.208723 0.260973 0.249457 
0.12975 0.0347195 0.0524941 0.0802609 0.0569198 0.0432011 0.098456 0.0609673 0.235342 0.0709731 0.0557467 0.235961 0.167321 0.229354 0.282734 0.270658 
0.12975 0.0347195 0.0524941 0.0802609 0.0569198 0.0432011 0.098456 0.0609673 0.235342 0.0709731 0.0557467 0.235961 0.167321 0.229354 0.282734 0.270658 
0.0783064 0 0.00991211 0.0343746 0.0139163 0.0077528 0.0568815 0.023397 0.16502 0.0262933 0.0189982 0.165523 0.111763 0.160112 0.20761 0.196781 
0.113993 0.0232305 0.0416764 0.0703483 0.0462789 0.0320808 0.0892229 0.0504387 0.214202 0.0608272 0.0451483 0.214789 0.152563 0.208208 0.262894 0.250499 
0.615618 0.343658 0.39208 0.474283 0.415881 0.37479 0.539083 0.422196 0.874554 0.442129 0.41254 0.876224 0.701323 0.868197 1 0.977316 
0.226578 0.0974371 0.118451 0.159021 0.123745 0.107617 0.189262 0.136191 0.369018 0.139608 0.130833 0.359713 0.27015 0.353531 0.436187 0.421695 
0.225713 0.0912803 0.114921 0.155436 0.11906 0.106308 0.18756 0.129762 0.370042 0.139502 0.124874 0.370787 0.270091 0.355853 0.443877 0.422765 
0.615618 0.343658 0.39208 0.474283 0.415881 0.37479 0.539083 0.422196 0.874554 0.442129 0.41254 0.876224 0.701323 0.868197 1 0.977316 
0.615618 0.343635 0.392054 0.474283 0.415855 0.374764 0.539083 0.422165 0.874347 0.442129 0.412514 0.876084 0.701266 0.868197 0.99984 0.977155 
0.12975 0.0347195 0.0524941 0.0802609 0.0569198 0.0432011 0.098456 0.0609673 0.235342 0.0709731 0.0557467 0.235961 0.167321 0.229354 0.282734 0.270658 
0.119095 0.0254353 0.0427645 0.0704217 0.0469058 0.0397539 0.0884678 0.0514447 0.215704 0.0608799 0.0522919 0.208536 0.148599 0.208723 0.260973 0.249457 
0.615618 0.343635 0.392054 0.474283 0.415855 0.374764 0.539083 0.422165 0.874347 0.442129 0.412514 0.876084 0.701266 0.868197 0.99984 0.977155 
0.0783064 0 0.00991211 0.0343746 0.0139163 0.0077528 0.0568815 0.023397 0.16502 0.0262933 0.0189982 0.165523 0.111763 0.160112 0.20761 0.196781 
0.615618 0.343658 0.39208 0.474283 0.415881 0.37479 0.539083 0.422196 0.874554 0.442129 0.41254 0.876224 0.701323 0.868197 1 0.977316 
0.0783064 0 0.00991211 0.0343746 0.0139163 0.0077528 0.0568815 0.023397 0.16502 0.0262933 0.0189982 0.165523 0.111763 0.160112 0.20761 0.196781 
loop 30
0.144993 0.0495088 0.0671095 0.0954523 0.0712168 0.0638872 0.113836 0.0761037 0.243437 0.0855268 0.0766745 0.244003 0.182417 0.243591 0.296962 0.28534 
0.128628 0.0346686 0.0522477 0.0796541 0.0566157 0.0430683 0.0976723 0.0605986 0.233099 0.0705035 0.0554864 0.225655 0.165779 0.2272 0.28009 0.268144 
0.128628 0.0346686 0.0522477 0.0796541 0.0566157 0.0430683 0.0976723 0.0605986 0.233099 0.0705035 0.0554864 0.225655 0.165779 0.2272 0.28009 0.268144 
0.0837758 0 0.0157036 0.0400399 0.0196906 0.00765202 0.0624447 0.0291281 0.170032 0.032013 0.0247482 0.170532 0.117054 0.165146 0.212376 0.201598 
0.125573 0.0281361 0.0463899 0.0748134 0.0509569 0.0369164 0.0935167 0.0550663 0.225573 0.0653415 0.0568029 0.226169 0.156273 0.2196 0.274153 0.261762 
0.61781 0.347378 0.395547 0.477282 0.419187 0.37833 0.541712 0.425461 0.87513 0.445311 0.415865 0.876791 0.703078 0.868949 0.999923 0.977286 
0.231024 0.102621 0.1235 0.163869 0.128785 0.112745 0.193915 0.14114 0.372673 0.144563 0.135835 0.363364 0.274353 0.357218 0.439402 0.425054 
0.225328 0.0948352 0.117787 0.15712 0.128906 0.109423 0.188276 0.132203 0.373954 0.148935 0.127435 0.37472 0.276421 0.360081 0.446061 0.425445 
0.61781 0.347378 0.395547 0.477282 0.419187 0.37833 0.541712 0.425461 0.87513 0.445311 0.415865 0.876791 0.703078 0.868949 0.999923 0.977286 
0.617723 0.347355 0.395521 0.477246 0.419156 0.37833 0.541635 0.425435 0.875202 0.44528 0.415834 0.87693 0.702918 0.868949 1 0.977368 
0.128628 0.0346686 0.0522477 0.0796541 0.0566157 0.0430683 0.0976723 0.0605986 0.233099 0.0705035 0.0554864 0.225655 0.165779 0.2272 0.28009 0.268144 
0.144993 0.0495088 0.0671095 0.0954523 0.0712168 0.0638872 0.113836 0.0761037 0.243437 0.0855268 0.0766745 0.244003 0.182417 0.243591 0.296962 0.28534 
0.617723 0.347355 0.395521 0.477246 0.419156 0.37833 0.541635 0.425435 0.875202 0.44528 0.415834 0.87693 0.702918 0.868949 1 0.977368 
0.0837758 0 0.0157036 0.0400399 0.0196906 0.00765202 0.0624447 0.0291281 0.170032 0.032013 0.0247482 0.170532 0.117054 0.165146 0.212376 0.201598 
0.61781 0.347378 0.395547 0.477282 0.419187 0.37833 0.541712 0.425461 0.87513 0.445311 0.415865 0.876791 0.703078 0.868949 0.999923 0.977286 
0.0837758 0 0.0157036 0.0400399 0.0196906 0.00765202 0.0624447 0.0291281 0.170032 0.032013 0.0247482 0.170532 0.117054 0.165146 0.212376 0.201598 
loop 31
0.147758 0.0529108 0.0703992 0.0985626 0.0811518 0.0672537 0.123803 0.086006 0.253384 0.0954866 0.0799276 0.253973 0.184936 0.253598 0.306928 0.295352 
0.127613 0.0338869 0.0514232 0.0787707 0.0557867 0.0422554 0.10389 0.0597654 0.231808 0.0696451 0.0614459 0.232412 0.164697 0.225934 0.287079 0.266751 
0.127613 0.0338869 0.0514232 0.0787707 0.0557867 0.0422554 0.10389 0.0597654 0.231808 0.0696451 0.0614459 0.232412 0.164697 0.225934 0.287079 0.266751 
0.083807 0 0.0157231 0.0400718 0.0196987 0.00764678 0.0624787 0.0291453 0.170145 0.0320351 0.0247613 0.170645 0.117115 0.165255 0.21253 0.201743 
0.125124 0.0277431 0.0459867 0.0743882 0.0505441 0.036502 0.0930741 0.0546612 0.225065 0.0649354 0.0563797 0.225618 0.155799 0.219059 0.273572 0.2612 
0.617738 0.347278 0.395448 0.477173 0.419084 0.378227 0.541599 0.425359 0.875191 0.44524 0.415787 0.876919 0.703002 0.869008 1 0.977439 
0.23102 0.102551 0.123455 0.163814 0.128743 0.112697 0.193897 0.141102 0.372728 0.144503 0.135795 0.363414 0.274367 0.357265 0.439484 0.414707 
0.220894 0.0902908 0.113248 0.152684 0.124373 0.104867 0.183834 0.127684 0.361113 0.144414 0.122909 0.361854 0.272004 0.355823 0.432947 0.412418 
0.617738 0.347278 0.395448 0.477173 0.419084 0.378227 0.541599 0.425359 0.875191 0.44524 0.415787 0.876919 0.703002 0.869008 1 0.977439 
0.617697 0.347255 0.395423 0.477173 0.419084 0.378227 0.541599 0.425359 0.875191 0.445209 0.415761 0.876919 0.703002 0.868941 1 0.977362 
0.127613 0.0338869 0.0514232 0.0787707 0.0557867 0.0422554 0.10389 0.0597654 0.231808 0.0696451 0.0614459 0.232412 0.164697 0.225934 0.287079 0.266751 
0.147758 0.0529108 0.0703992 0.0985626 0.0811518 0.0672537 0.123803 0.086006 0.253384 0.0954866 0.0799276 0.253973 0.184936 0.253598 0.306928 0.295352 
0.617697 0.347255 0.395423 0.477173 0.419084 0.378227 0.541599 0.425359 0.875191 0.445209 0.415761 0.876919 0.703002 0.868941 1 0.977362 
0.083807 0 0.0157231 0.0400718 0.0196987 0.00764678 0.0624787 0.0291453 0.170145 0.0320351 0.0247613 0.170645 0.117115 0.165255 0.21253 0.201743 
0.617738 0.347278 0.395448 0.477173 0.419084 0.378227 0.541599 0.425359 0.875191 0.44524 0.415787 0.876919 0.703002 0.869008 1 0.977439 
0.083807 0 0.0157231 0.0400718 0.0196987 0.00764678 0.0624787 0.0291453 0.170145 0.0320351 0.0247613 0.170645 0.117115 0.165255 0.21253 0.201743 
