loop 0
0.0559548 0.0369047 0.0405185 0.0461492 0.0413276 0.0387073 0.0505399 0.0426454 0.076982 0.0440941 0.0419943 0.0767219 0.0633147 0.0757711 0.0872965 0.0846199
0.0485932 0.0321621 0.0352215 0.0399854 0.0359477 0.033786 0.0438557 0.0370097 0.066406 0.0384034 0.0364762 0.0660302 0.0547374 0.0653017 0.075016 0.0727472
0.0559548 0.0369047 0.0405185 0.0461492 0.0413276 0.0387073 0.0505399 0.0426454 0.076982 0.0440941 0.0419943 0.0767219 0.0633147 0.0757711 0.0872965 0.0846199
0.0463211 0.0307755 0.0335629 0.0383028 0.0343643 0.0323183 0.0418679 0.0354194 0.0635107 0.0367645 0.0349293 0.0631561 0.0524449 0.0626008 0.071886 0.0697939
0.0745455 0.0487032 0.0535771 0.0611823 0.0546349 0.0510618 0.0668615 0.0565211 0.103042 0.0585663 0.0554008 0.102565 0.0841417 0.101153 0.116788 0.11339
0.0472938 0.0310249 0.0336109 0.0385524 0.0344716 0.0327455 0.0429392 0.0362442 0.064703 0.0368845 0.0353746 0.064697 0.0539071 0.0637269 0.0731998 0.0710906
0.152182 0.100083 0.109397 0.125602 0.112944 0.105539 0.136922 0.115789 0.204476 0.119012 0.113652 0.204825 0.169693 0.202653 0.23017 0.224913
0.0559548 0.0369047 0.0405185 0.0461492 0.0413276 0.0387073 0.0505399 0.0426454 0.076982 0.0440941 0.0419943 0.0767219 0.0633147 0.0757711 0.0872965 0.0846199
0.0485646 0.0313084 0.0345081 0.039781 0.0352907 0.0330645 0.0434585 0.0365117 0.067547 0.0377006 0.0358721 0.066979 0.0552268 0.0660629 0.0765914 0.0743366
0.0472938 0.0310249 0.0336109 0.0385524 0.0344716 0.0327452 0.0429404 0.0362442 0.064703 0.0368845 0.0353746 0.064697 0.0539071 0.0637269 0.0731998 0.0710906
0.0438492 0.0288622 0.031841 0.0361219 0.032381 0.0303359 0.0397289 0.0332904 0.0598935 0.0346934 0.0328838 0.059713 0.0497483 0.0589138 0.0678948 0.0660282
0.0485932 0.0321621 0.0352215 0.0399854 0.0359477 0.033786 0.0438557 0.0370097 0.066406 0.0384034 0.0364762 0.0660302 0.0547374 0.0653017 0.075016 0.0727472
0.0485646 0.0313084 0.0345081 0.039781 0.0352907 0.0330645 0.0434585 0.0365117 0.067547 0.0377006 0.0358721 0.066979 0.0552268 0.0660629 0.0765914 0.0743366
0.0824793 0.0553107 0.0602907 0.0684567 0.0616123 0.0579853 0.0745614 0.063398 0.112215 0.0655699 0.0624606 0.11168 0.0928163 0.110954 0.127693 0.123808
0.0472938 0.0310249 0.0336109 0.0385524 0.0344716 0.0327455 0.0429392 0.0362442 0.064703 0.0368845 0.0353746 0.064697 0.0539071 0.0637269 0.0731998 0.0710906
0.0463211 0.0307755 0.0335629 0.0383028 0.0343643 0.0323183 0.0418679 0.0354194 0.0635107 0.0367645 0.0349293 0.0631561 0.0524449 0.0626008 0.071886 0.0697939
loop 0
	0.083888	0.0554263	0.0615498	0.0698147	0.0623261	0.0582904	0.0762322	0.0645927	0.114738	0.0664686	0.0634585	0.114893	0.0944397	0.113264	0.131119	0.12693
	0.0424044	0.0285812	0.0310873	0.034328	0.0320302	0.0304069	0.038739	0.0329489	0.0580387	0.0336775	0.0318459	0.0581287	0.0468705	0.0567642	0.0660297	0.0635968
	0.083888	0.0554263	0.0615498	0.0698147	0.0623261	0.0582904	0.0762322	0.0645927	0.114738	0.0664686	0.0634585	0.114893	0.0944397	0.113264	0.131119	0.12693
	0.0579156	0.0392296	0.0424525	0.0475294	0.0432344	0.040729	0.0521703	0.0440107	0.0803833	0.0458126	0.0442821	0.0789784	0.0662477	0.0791731	0.0906731	0.0868754
	0.0918777	0.061567	0.0662886	0.0760718	0.0685746	0.0645079	0.0825486	0.0708521	0.126585	0.0727468	0.0697509	0.126757	0.104244	0.125246	0.143347	0.139076
	0.0733149	0.0482112	0.052857	0.0609429	0.0550269	0.0510469	0.0658044	0.0558528	0.100224	0.0577054	0.0547398	0.0987022	0.0820701	0.0988296	0.112672	0.110363
	0.165153	0.108664	0.120809	0.133986	0.122931	0.116326	0.146233	0.124705	0.219024	0.129639	0.1222	0.219403	0.183027	0.216307	0.249705	0.239742
	0.083888	0.0554263	0.0615498	0.0698147	0.0623261	0.0582904	0.0762322	0.0645927	0.114738	0.0664686	0.0634585	0.114893	0.0944397	0.113264	0.131119	0.12693
	0.05876	0.0374416	0.0409636	0.0470164	0.0415963	0.0396696	0.0518251	0.0431714	0.08225	0.0446407	0.0424448	0.0810469	0.066795	0.0800778	0.0937562	0.0904792
	0.0733149	0.0482112	0.052857	0.0609429	0.0550269	0.0510469	0.0658044	0.0558528	0.100224	0.0577054	0.0547398	0.0987022	0.0820701	0.0988296	0.112672	0.110363
	0.0432091	0.0289912	0.0311236	0.0351357	0.0319694	0.0294243	0.0386352	0.0327164	0.0577344	0.034603	0.0317909	0.0578304	0.0489532	0.0565871	0.0650934	0.0643378
	0.0424044	0.0285812	0.0310873	0.034328	0.0320302	0.0304069	0.038739	0.0329489	0.0580387	0.0336775	0.0318459	0.0581287	0.0468705	0.0567642	0.0660297	0.0635968
	0.05876	0.0374416	0.0409636	0.0470164	0.0415963	0.0396696	0.0518251	0.0431714	0.08225	0.0446407	0.0424448	0.0810469	0.066795	0.0800778	0.0937562	0.0904792
	0.084617	0.0548604	0.0603531	0.0690186	0.0624135	0.0588234	0.076225	0.0643791	0.117536	0.0660972	0.0634577	0.117697	0.095731	0.116403	0.13466	0.130699
	0.0733149	0.0482112	0.052857	0.0609429	0.0550269	0.0510469	0.0658044	0.0558528	0.100224	0.0577054	0.0547398	0.0987022	0.0820701	0.0988296	0.112672	0.110363
	0.0579156	0.0392296	0.0424525	0.0475294	0.0432344	0.040729	0.0521703	0.0440107	0.0803833	0.0458126	0.0442821	0.0789784	0.0662477	0.0791731	0.0906731	0.0868754
loop 1
	0.0657843	0.0429418	0.0474492	0.0538661	0.0482328	0.0457268	0.0599531	0.0503156	0.0901364	0.0521515	0.0493004	0.0902641	0.0742524	0.088937	0.102272	0.099998
	0.0269885	0.0182565	0.019668	0.0218209	0.0194161	0.01895	0.0233743	0.0203295	0.0361825	0.0211652	0.0205244	0.0348375	0.0295104	0.0348125	0.0398967	0.0389548
	0.0657843	0.0429418	0.0474492	0.0538661	0.0482328	0.0457268	0.0599531	0.0503156	0.0901364	0.0521515	0.0493004	0.0902641	0.0742524	0.088937	0.102272	0.099998
	0.0455308	0.0295422	0.0327698	0.0365904	0.0335772	0.03109	0.0411557	0.0343224	0.0618236	0.0361293	0.0333921	0.061922	0.050979	0.0607581	0.0703679	0.0681974
	0.0720737	0.0477946	0.0523406	0.0601134	0.0531392	0.049305	0.0647863	0.0551758	0.099651	0.057056	0.0542563	0.0998067	0.0821259	0.0986098	0.113788	0.109742
	0.0455881	0.0292951	0.032351	0.0370869	0.0331268	0.0307813	0.0414424	0.0349632	0.06237	0.0355212	0.0341076	0.0624672	0.0520624	0.0614274	0.0706086	0.0685117
	0.153116	0.102724	0.11157	0.128866	0.113802	0.107016	0.137677	0.11928	0.208215	0.120683	0.116796	0.20858	0.171435	0.205624	0.235414	0.229607
	0.0657843	0.0429418	0.0474492	0.0538661	0.0482328	0.0457268	0.0599531	0.0503156	0.0901364	0.0521515	0.0493004	0.0902641	0.0742524	0.088937	0.102272	0.099998
	0.0514311	0.0321208	0.035698	0.041835	0.0363531	0.0343768	0.0456022	0.0379365	0.0711538	0.0394327	0.0372127	0.0712523	0.0582888	0.0703131	0.0812283	0.0779883
	0.0455881	0.0292951	0.032351	0.0370869	0.0331268	0.0307813	0.0414424	0.0349632	0.06237	0.0355212	0.0341076	0.0624672	0.0520624	0.0614274	0.0706086	0.0685117
	0.049388	0.0321985	0.0354128	0.0404234	0.0362198	0.0337465	0.0450153	0.036936	0.0670941	0.0387552	0.0372528	0.0671957	0.0562081	0.0660493	0.077242	0.0750365
	0.0269885	0.0182565	0.019668	0.0218209	0.0194161	0.01895	0.0233743	0.0203295	0.0361825	0.0211652	0.0205244	0.0348375	0.0295104	0.0348125	0.0398967	0.0389548
	0.0514311	0.0321208	0.035698	0.041835	0.0363531	0.0343768	0.0456022	0.0379365	0.0711538	0.0394327	0.0372127	0.0712523	0.0582888	0.0703131	0.0812283	0.0779883
	0.0831506	0.0550115	0.0596519	0.0692017	0.0618749	0.0579008	0.0755739	0.0640792	0.115373	0.0659661	0.0630213	0.113771	0.0952332	0.114092	0.129997	0.127635
	0.0455881	0.0292951	0.032351	0.0370869	0.0331268	0.0307813	0.0414424	0.0349632	0.06237	0.0355212	0.0341076	0.0624672	0.0520624	0.0614274	0.0706086	0.0685117
	0.0455308	0.0295422	0.0327698	0.0365904	0.0335772	0.03109	0.0411557	0.0343224	0.0618236	0.0361293	0.0333921	0.061922	0.050979	0.0607581	0.0703679	0.0681974
loop 2
	0.0829595	0.0539472	0.0598736	0.0678082	0.0606324	0.0567438	0.074027	0.0628038	0.112942	0.0646299	0.0617328	0.113099	0.0932097	0.111632	0.128978	0.124873
	0.0269901	0.0182583	0.01967	0.0218234	0.0194181	0.0189528	0.0233921	0.0203316	0.0348025	0.0211664	0.0205266	0.0348625	0.0295337	0.0348175	0.0399239	0.038984
	0.0829595	0.0539472	0.0598736	0.0678082	0.0606324	0.0567438	0.074027	0.0628038	0.112942	0.0646299	0.0617328	0.113099	0.0932097	0.111632	0.128978	0.124873
	0.0453397	0.0294121	0.0326277	0.0376565	0.0334298	0.0309524	0.0409783	0.034173	0.0615814	0.0359727	0.0344426	0.0616722	0.050771	0.0605141	0.0700972	0.0679292
	0.073362	0.0479601	0.0524288	0.060096	0.0532068	0.0494425	0.0646908	0.0552391	0.100628	0.0570873	0.0543119	0.100774	0.0817504	0.0996192	0.114598	0.110613
	0.0455518	0.0304018	0.0323196	0.0370523	0.0330943	0.0319016	0.0414065	0.0349284	0.0623214	0.0354888	0.034074	0.0624186	0.0520187	0.0613798	0.0705606	0.0684657
	0.152873	0.102551	0.111384	0.128654	0.113609	0.106835	0.137449	0.119083	0.207879	0.120484	0.116601	0.208244	0.171175	0.205295	0.235048	0.229243
	0.0829595	0.0539472	0.0598736	0.0678082	0.0606324	0.0567438	0.074027	0.0628038	0.112942	0.0646299	0.0617328	0.113099	0.0932097	0.111632	0.128978	0.124873
	0.0520806	0.0335761	0.0372204	0.0423746	0.0378831	0.0358822	0.0473137	0.0395039	0.0733322	0.0410344	0.0387608	0.0734326	0.0602459	0.0724721	0.0835737	0.081648
	0.0455518	0.0304018	0.0323196	0.0370523	0.0330943	0.0319016	0.0414065	0.0349284	0.0623214	0.0354888	0.034074	0.0624186	0.0520187	0.0613798	0.0705606	0.0684657
	0.05004	0.032909	0.0361154	0.0411093	0.036918	0.0344524	0.0456925	0.0388782	0.0691505	0.0394439	0.0379505	0.0692566	0.056838	0.0681022	0.0793341	0.0771196
	0.0269901	0.0182583	0.01967	0.0218234	0.0194181	0.0189528	0.0233921	0.0203316	0.0348025	0.0211664	0.0205266	0.0348625	0.0295337	0.0348175	0.0399239	0.038984
	0.0520806	0.0335761	0.0372204	0.0423746	0.0378831	0.0358822	0.0473137	0.0395039	0.0733322	0.0410344	0.0387608	0.0734326	0.0602459	0.0724721	0.0835737	0.081648
	0.08246	0.0544479	0.0593394	0.0678334	0.0601728	0.0560214	0.0729258	0.0624592	0.112522	0.0644495	0.061365	0.112675	0.0916674	0.111244	0.127703	0.123362
	0.0455518	0.0304018	0.0323196	0.0370523	0.0330943	0.0319016	0.0414065	0.0349284	0.0623214	0.0354888	0.034074	0.0624186	0.0520187	0.0613798	0.0705606	0.0684657
	0.0453397	0.0294121	0.0326277	0.0376565	0.0334298	0.0309524	0.0409783	0.034173	0.0615814	0.0359727	0.0344426	0.0616722	0.050771	0.0605141	0.0700972	0.0679292
loop 3
	0.0461198	0.0309571	0.0343005	0.0382212	0.035142	0.0325704	0.0416399	0.035895	0.0642457	0.0365061	0.0349476	0.0643516	0.0530814	0.063184	0.0731025	0.070844
	0.0411106	0.0269381	0.0293574	0.0337194	0.0302743	0.0287165	0.0375251	0.0311501	0.05499	0.0318661	0.0313943	0.0550752	0.0458383	0.0537892	0.062848	0.0604567
	0.0461198	0.0309571	0.0343005	0.0382212	0.035142	0.0325704	0.0416399	0.035895	0.0642457	0.0365061	0.0349476	0.0643516	0.0530814	0.063184	0.0731025	0.070844
	0.045423	0.0294615	0.0326821	0.0377198	0.0334862	0.0310029	0.0410501	0.0342315	0.0616873	0.0360318	0.0345011	0.0617857	0.0508635	0.060625	0.0702235	0.0680503
	0.0724838	0.0470302	0.0515081	0.0591696	0.0522901	0.0498794	0.0652532	0.0543058	0.0998208	0.05616	0.0533906	0.0999648	0.0808929	0.0971477	0.113829	0.109822
	0.0455311	0.0303878	0.0323071	0.0370369	0.0330781	0.0318865	0.0413886	0.0349144	0.0622971	0.0354744	0.0340605	0.0623943	0.052	0.0613481	0.0705318	0.0684288
	0.153116	0.102724	0.11157	0.128866	0.113798	0.107016	0.137677	0.11928	0.208215	0.120683	0.116796	0.20858	0.171435	0.205624	0.235414	0.229607
	0.0461198	0.0309571	0.0343005	0.0382212	0.035142	0.0325704	0.0416399	0.035895	0.0642457	0.0365061	0.0349476	0.0643516	0.0530814	0.063184	0.0731025	0.070844
	0.0415464	0.0270226	0.0297277	0.0339436	0.030417	0.0283463	0.0378309	0.0310068	0.0578705	0.032551	0.0302569	0.0579569	0.0473442	0.0570135	0.0653578	0.0634517
	0.0455311	0.0303878	0.0323071	0.0370369	0.0330781	0.0318865	0.0414065	0.0349144	0.0622971	0.0354744	0.0340605	0.0623943	0.052	0.0613481	0.0705318	0.0684288
	0.0561294	0.037458	0.0406897	0.0470577	0.0414937	0.0389974	0.0503775	0.0435119	0.0770686	0.0440528	0.0425494	0.077191	0.0644769	0.07596	0.0874225	0.0851822
	0.0411106	0.0269381	0.0293574	0.0337194	0.0302743	0.0287165	0.0375251	0.0311501	0.05499	0.0318661	0.0313943	0.0550752	0.0458383	0.0537892	0.062848	0.0604567
	0.0415464	0.0270226	0.0297277	0.0339436	0.030417	0.0283463	0.0378309	0.0310068	0.0578705	0.032551	0.0302569	0.0579569	0.0473442	0.0570135	0.0653578	0.0634517
	0.0752196	0.0500502	0.0535559	0.0620416	0.0559319	0.0517146	0.0672214	0.05661	0.101759	0.0586497	0.0556307	0.101902	0.08449	0.100505	0.117	0.112657
	0.0455311	0.0303878	0.0323071	0.0370369	0.0330781	0.0318865	0.0413886	0.0349144	0.0622971	0.0354744	0.0340605	0.0623943	0.052	0.0613481	0.0705318	0.0684288
	0.045423	0.0294615	0.0326821	0.0377198	0.0334862	0.0310029	0.0410501	0.0342315	0.0616873	0.0360318	0.0345011	0.0617857	0.0508635	0.060625	0.0702235	0.0680503
loop 4
	0.0463817	0.0299175	0.0332453	0.0384372	0.0340827	0.0315232	0.0418734	0.0348316	0.0631249	0.0367046	0.0351357	0.063221	0.0519863	0.0620628	0.0719604	0.0697095
	0.0534487	0.0351263	0.0385521	0.0439062	0.0394056	0.0367624	0.048804	0.0401868	0.0738336	0.0421151	0.0405068	0.0723835	0.0606975	0.0726775	0.0830031	0.08067
	0.0463817	0.0299175	0.0332453	0.0384372	0.0340827	0.0315232	0.0418734	0.0348316	0.0631249	0.0367046	0.0351357	0.063221	0.0519863	0.0620628	0.0719604	0.0697095
	0.0452809	0.0305228	0.0325732	0.037597	0.0333733	0.032076	0.0409191	0.034121	0.0615133	0.0359135	0.0343874	0.0616117	0.0507075	0.0604475	0.070025	0.0678601
	0.0748536	0.0492221	0.0537345	0.0614775	0.0545187	0.0507078	0.0675812	0.056576	0.102357	0.0584316	0.0556323	0.102506	0.0848829	0.101316	0.116429	0.114155
	0.0455674	0.0292789	0.0323322	0.0370638	0.0331073	0.0307638	0.04142	0.0349423	0.0623376	0.0355032	0.0340908	0.0624348	0.0520375	0.0613957	0.0705702	0.0684749
	0.152897	0.102564	0.111399	0.128672	0.113625	0.106849	0.137464	0.119103	0.207907	0.120505	0.116617	0.208272	0.171196	0.205323	0.235071	0.229276
	0.0463817	0.0299175	0.0332453	0.0384372	0.0340827	0.0315232	0.0418734	0.0348316	0.0631249	0.0367046	0.0351357	0.063221	0.0519863	0.0620628	0.0719604	0.0697095
	0.0440189	0.0281506	0.0319608	0.0362724	0.0326667	0.030535	0.0391069	0.0332621	0.0606751	0.0348488	0.0324918	0.0607653	0.0499453	0.059802	0.0696334	0.067678
	0.0455674	0.0292789	0.0323322	0.0370638	0.0331073	0.0307638	0.04142	0.0349423	0.0623376	0.0355032	0.0340908	0.0624348	0.0520375	0.0613957	0.0705702	0.0684749
	0.0624442	0.0410378	0.045558	0.0519493	0.0463638	0.0425625	0.0566411	0.0470729	0.0866481	0.0489202	0.0461139	0.0851939	0.0708733	0.0839555	0.0971895	0.0949052
	0.0534487	0.0351263	0.0385521	0.0439062	0.0394056	0.0367624	0.048804	0.0401868	0.0738336	0.0421151	0.0405068	0.0723835	0.0606975	0.0726775	0.0830031	0.08067
	0.0440189	0.0281506	0.0319608	0.0362724	0.0326667	0.030535	0.0391069	0.0332621	0.0606751	0.0348488	0.0324918	0.0607653	0.0499453	0.059802	0.0696334	0.067678
	0.0526185	0.0353098	0.0388239	0.0442941	0.0397043	0.0369954	0.0478908	0.0404928	0.0733406	0.0424762	0.039485	0.0718708	0.06	0.0721938	0.08269	0.0803086
	0.0455674	0.0292789	0.0323322	0.0370638	0.0331073	0.0307638	0.04142	0.0349423	0.0623376	0.0355032	0.0340908	0.0624348	0.0520375	0.0613957	0.0705702	0.0684749
	0.0452809	0.0305228	0.0325732	0.037597	0.0333733	0.032076	0.0409191	0.034121	0.0615133	0.0359135	0.0343874	0.0616117	0.0507075	0.0604475	0.070025	0.0678601
loop 5
	0.046648	0.0304109	0.0337015	0.0388212	0.0345305	0.0320001	0.0422078	0.0352614	0.0631784	0.0371109	0.0343392	0.0632768	0.0521862	0.062119	0.0719022	0.069685
	0.0532912	0.0350234	0.0384407	0.0437752	0.039294	0.0366585	0.0486619	0.041396	0.0736127	0.041996	0.0403915	0.0737276	0.060516	0.07247	0.0827534	0.08043
	0.046648	0.0304109	0.0337015	0.0388212	0.0345305	0.0320001	0.0422078	0.0352614	0.0631784	0.0371109	0.0343392	0.0632768	0.0521862	0.062119	0.0719022	0.069685
	0.0461453	0.0302199	0.033436	0.0384669	0.034238	0.0317582	0.0417871	0.0349856	0.0623624	0.0367848	0.0340495	0.0624631	0.0515704	0.0627187	0.070871	0.0686999
	0.074539	0.0483826	0.0529875	0.0608781	0.0552168	0.0513023	0.0671146	0.0558755	0.102614	0.0592261	0.0549203	0.102773	0.0847823	0.101549	0.116987	0.112886
	0.0455518	0.0304018	0.0323196	0.0370523	0.0330943	0.0319016	0.0414065	0.0349284	0.0623295	0.0354888	0.0340773	0.0624186	0.0520187	0.0613798	0.0705606	0.0684657
	0.153116	0.102724	0.11157	0.128866	0.113798	0.107016	0.137677	0.11928	0.208215	0.120683	0.116796	0.20858	0.171435	0.205624	0.235414	0.229607
	0.046648	0.0304109	0.0337015	0.0388212	0.0345305	0.0320001	0.0422078	0.0352614	0.0631784	0.0371109	0.0343392	0.0632768	0.0521862	0.062119	0.0719022	0.069685
	0.0404439	0.0265776	0.0293875	0.0337503	0.030102	0.0279469	0.0366296	0.0307133	0.0571779	0.03231	0.0299395	0.0560015	0.0463844	0.0550366	0.0648558	0.0628992
	0.0455518	0.0304018	0.0323196	0.0370523	0.0330943	0.0319016	0.0414065	0.0349284	0.0623295	0.0354888	0.0340773	0.0624186	0.0520187	0.0613798	0.0705606	0.0684657
	0.0564312	0.0364078	0.0409027	0.0459816	0.0417092	0.0391973	0.0506475	0.0424492	0.07593	0.0442887	0.0414853	0.07605	0.0633614	0.0748208	0.0862561	0.0840242
	0.0532912	0.0350234	0.0384407	0.0437752	0.039294	0.0366585	0.0486619	0.041396	0.0736127	0.041996	0.0403915	0.0737276	0.060516	0.07247	0.0827534	0.08043
	0.0404439	0.0265776	0.0293875	0.0337503	0.030102	0.0279469	0.0366296	0.0307133	0.0571779	0.03231	0.0299395	0.0560015	0.0463844	0.0550366	0.0648558	0.0628992
	0.0434672	0.0286669	0.0311877	0.0357768	0.0321608	0.0305552	0.0397455	0.0330486	0.0594365	0.0338037	0.0333504	0.0595351	0.048382	0.058246	0.0677423	0.0652184
	0.0455518	0.0304018	0.0323196	0.0370523	0.0330943	0.0319016	0.0414065	0.0349284	0.0623295	0.0354888	0.0340773	0.0624186	0.0520187	0.0613798	0.0705606	0.0684657
	0.0461453	0.0302199	0.033436	0.0384669	0.034238	0.0317582	0.0417871	0.0349856	0.0623624	0.0367848	0.0340495	0.0624631	0.0515704	0.0627187	0.070871	0.0686999
loop 6
	0.0472291	0.0310636	0.0343423	0.0394394	0.0351639	0.0326417	0.0428064	0.0358939	0.0651423	0.0377388	0.0362067	0.0652453	0.0541233	0.0640739	0.0738795	0.0716495
	0.0514888	0.0344642	0.0379123	0.0432988	0.0387714	0.0361142	0.0468411	0.0395568	0.0703057	0.041496	0.0385556	0.0704133	0.0587264	0.0691578	0.0794175	0.0770973
	0.0472291	0.0310636	0.0343423	0.0394394	0.0351639	0.0326417	0.0428064	0.0358939	0.0651423	0.0377388	0.0362067	0.0652453	0.0541233	0.0640739	0.0738795	0.0716495
	0.0462764	0.0303145	0.0335395	0.0373477	0.0343419	0.0318573	0.0419091	0.0350899	0.0625405	0.0368928	0.0341535	0.0626335	0.0517187	0.0614678	0.0710646	0.0688943
	0.0738606	0.0482575	0.0527638	0.0604911	0.0535507	0.0497515	0.0651185	0.0555948	0.10136	0.0574481	0.0546587	0.101506	0.0823127	0.0986455	0.115434	0.111411
	0.0455518	0.0304046	0.0323228	0.0370523	0.0330943	0.0319016	0.0414065	0.0349318	0.0623214	0.0354888	0.0340773	0.0624186	0.0520187	0.0613719	0.070551	0.0684564
	0.160018	0.107987	0.116416	0.133042	0.118514	0.112017	0.145154	0.123868	0.217077	0.128762	0.121405	0.217445	0.181553	0.214472	0.243173	0.23761
	0.0472291	0.0310636	0.0343423	0.0394394	0.0351639	0.0326417	0.0428064	0.0358939	0.0651423	0.0377388	0.0362067	0.0652453	0.0541233	0.0640739	0.0738795	0.0716495
	0.0436219	0.0276437	0.0304207	0.0358195	0.0311236	0.0289955	0.0386784	0.0327932	0.0603941	0.0333044	0.0320148	0.0592024	0.0495895	0.0595138	0.0680838	0.06612
	0.0455518	0.0304046	0.0323228	0.0370523	0.0330943	0.0319016	0.0414065	0.0349318	0.0623214	0.0354888	0.0340773	0.0624186	0.0520187	0.0613719	0.070551	0.0684564
	0.0378559	0.0249227	0.0283172	0.0311236	0.0279748	0.0265741	0.0345939	0.0287355	0.0518632	0.0306125	0.029012	0.0519508	0.0434964	0.052241	0.0591868	0.0569616
	0.0514888	0.0344642	0.0379123	0.0432988	0.0387714	0.0361142	0.0468411	0.0395568	0.0703057	0.041496	0.0385556	0.0704133	0.0587264	0.0691578	0.0794175	0.0770973
	0.0436219	0.0276437	0.0304207	0.0358195	0.0311236	0.0289955	0.0386784	0.0327932	0.0603941	0.0333044	0.0320148	0.0592024	0.0495895	0.0595138	0.0680838	0.06612
	0.0436761	0.0288259	0.0313549	0.0359588	0.0323309	0.029373	0.0385029	0.0332191	0.0580914	0.0339766	0.0321432	0.0581874	0.0486072	0.0569151	0.0663616	0.0638516
	0.0455518	0.0304046	0.0323228	0.0370523	0.0330943	0.0319016	0.0414065	0.0349318	0.0623214	0.0354888	0.0340773	0.0624186	0.0520187	0.0613719	0.070551	0.0684564
	0.0462764	0.0303145	0.0335395	0.0373477	0.0343419	0.0318573	0.0419091	0.0350899	0.0625405	0.0368928	0.0341535	0.0626335	0.0517187	0.0614678	0.0710646	0.0688943
loop 7
	0.0456723	0.030632	0.0327263	0.0378468	0.0335503	0.0322305	0.0412344	0.0355278	0.0636477	0.0361361	0.0345901	0.0622817	0.0525847	0.0625923	0.0709001	0.0686854
	0.0541847	0.0359323	0.039348	0.0446795	0.040198	0.0375624	0.0495682	0.040977	0.0744923	0.0428974	0.0412999	0.0746097	0.0614085	0.0733476	0.0852517	0.081302
	0.0456723	0.030632	0.0327263	0.0378468	0.0335503	0.0322305	0.0412344	0.0355278	0.0636477	0.0361361	0.0345901	0.0622817	0.0525847	0.0625923	0.0709001	0.0686854
	0.0454524	0.0294693	0.0326912	0.0377421	0.0334956	0.0310114	0.0410797	0.0342477	0.0617479	0.0360492	0.0333137	0.0618387	0.0509039	0.0606768	0.0702867	0.0681109
	0.0720783	0.0467852	0.0526136	0.0588665	0.0533966	0.0496183	0.0648968	0.0554201	0.10095	0.057271	0.053112	0.099432	0.0820039	0.0982632	0.113228	0.110962
	0.0455518	0.0292681	0.0323228	0.0370562	0.0330976	0.0319047	0.041411	0.0349318	0.0623295	0.0354924	0.0340773	0.0624267	0.052025	0.0613798	0.0705606	0.0684657
	0.149394	0.0968143	0.106179	0.122074	0.110779	0.102831	0.134592	0.111999	0.199431	0.115859	0.110133	0.199768	0.16596	0.198216	0.223693	0.219308
	0.0456723	0.030632	0.0327263	0.0378468	0.0335503	0.0322305	0.0412344	0.0355278	0.0636477	0.0361361	0.0345901	0.0622817	0.0525847	0.0625923	0.0709001	0.0686854
	0.0461335	0.0298045	0.0326376	0.0381655	0.0333588	0.0311809	0.0410841	0.0350701	0.0645269	0.035582	0.0342769	0.0632863	0.0521932	0.0623086	0.0723902	0.0703801
	0.0455518	0.0292681	0.0323228	0.0370562	0.0330976	0.0319047	0.041411	0.0349318	0.0623295	0.0354924	0.0340773	0.0624267	0.052025	0.0613798	0.0705606	0.0684657
	0.0391464	0.0249153	0.0283061	0.032348	0.0279659	0.026566	0.0345878	0.0287263	0.0532744	0.0306025	0.0290028	0.0519453	0.0434922	0.0522356	0.0591868	0.0584128
	0.0541847	0.0359323	0.039348	0.0446795	0.040198	0.0375624	0.0495682	0.040977	0.0744923	0.0428974	0.0412999	0.0746097	0.0614085	0.0733476	0.0852517	0.081302
	0.0461335	0.0298045	0.0326376	0.0381655	0.0333588	0.0311809	0.0410841	0.0350701	0.0645269	0.035582	0.0342769	0.0632863	0.0521932	0.0623086	0.0723902	0.0703801
	0.0409154	0.027328	0.0298957	0.0345576	0.0308853	0.0292493	0.0371503	0.0317802	0.0554484	0.0325585	0.0307051	0.0555366	0.0458874	0.0542706	0.0637901	0.0612562
	0.0455518	0.0292681	0.0323228	0.0370562	0.0330976	0.0319047	0.041411	0.0349318	0.0623295	0.0354924	0.0340773	0.0624267	0.052025	0.0613798	0.0705606	0.0684657
	0.0454524	0.0294693	0.0326912	0.0377421	0.0334956	0.0310114	0.0410797	0.0342477	0.0617479	0.0360492	0.0333137	0.0618387	0.0509039	0.0606768	0.0702867	0.0681109
loop 8
	0.0552128	0.0366097	0.0398369	0.0448581	0.0406405	0.0381551	0.0494811	0.0413585	0.07604	0.0431887	0.0416965	0.07616	0.0620885	0.0749777	0.0863868	0.0841387
	0.0536625	0.0352836	0.0387226	0.0440837	0.039582	0.0369249	0.0476148	0.040358	0.0725478	0.0422937	0.0393624	0.0726602	0.0609329	0.0713938	0.0833152	0.08097
	0.0552128	0.0366097	0.0398369	0.0448581	0.0406405	0.0381551	0.0494811	0.0413585	0.07604	0.0431887	0.0416965	0.07616	0.0620885	0.0749777	0.0863868	0.0841387
	0.0451584	0.0304227	0.0324673	0.0374928	0.0332667	0.0319681	0.0408093	0.0352211	0.0627961	0.0358056	0.034277	0.0614678	0.0519203	0.0617176	0.0698716	0.0677044
	0.071977	0.0467068	0.0511537	0.0587769	0.0533136	0.0495384	0.0648017	0.0539407	0.100818	0.0571791	0.053029	0.0993024	0.0818937	0.0981357	0.113091	0.110829
	0.0455777	0.0292897	0.0323447	0.0370754	0.0331171	0.0307755	0.0414335	0.0349527	0.0623619	0.035514	0.0341009	0.0624591	0.0520499	0.0614115	0.070599	0.0685025
	0.149386	0.0968053	0.106168	0.122061	0.110769	0.102822	0.134585	0.111988	0.199445	0.115847	0.110122	0.199781	0.16596	0.19823	0.223709	0.219323
	0.0552128	0.0366097	0.0398369	0.0448581	0.0406405	0.0381551	0.0494811	0.0413585	0.07604	0.0431887	0.0416965	0.07616	0.0620885	0.0749777	0.0863868	0.0841387
	0.051075	0.0324864	0.0363942	0.041923	0.0371088	0.0349431	0.0460031	0.038837	0.0708556	0.0393259	0.0380443	0.070953	0.0584225	0.0699557	0.0801766	0.0781521
	0.0455777	0.0292897	0.0323447	0.0370754	0.0331171	0.0307755	0.0414335	0.0349527	0.0623619	0.035514	0.0341009	0.0624591	0.0520499	0.0614115	0.070599	0.0685025
	0.0379638	0.0249929	0.0271991	0.031212	0.0280521	0.026647	0.0346937	0.0288138	0.052011	0.0306975	0.0290903	0.0520932	0.0436189	0.0509772	0.0593508	0.0571176
	0.0536625	0.0352836	0.0387226	0.0440837	0.039582	0.0369249	0.0476148	0.040358	0.0725478	0.0422937	0.0393624	0.0726602	0.0609329	0.0713938	0.0833152	0.08097
	0.051075	0.0324864	0.0363942	0.041923	0.0371088	0.0349431	0.0460031	0.038837	0.0708556	0.0393259	0.0380443	0.070953	0.0584225	0.0699557	0.0801766	0.0781521
	0.043956	0.0292762	0.0317698	0.0363282	0.0327329	0.0311433	0.0402694	0.033614	0.0613238	0.0357429	0.0339141	0.0598219	0.0502726	0.0601144	0.0679326	0.0670797
	0.0455777	0.0292897	0.0323447	0.0370754	0.0331171	0.0307755	0.0414335	0.0349527	0.0623619	0.035514	0.0341009	0.0624591	0.0520499	0.0614115	0.070599	0.0685025
	0.0451584	0.0304227	0.0324673	0.0374928	0.0332667	0.0319681	0.0408093	0.0352211	0.0627961	0.0358056	0.034277	0.0614678	0.0519203	0.0617176	0.0698716	0.0677044
loop 9
	0.0524183	0.0350535	0.0383003	0.0433682	0.0391127	0.0366097	0.0480194	0.0398408	0.0732491	0.0416796	0.0401663	0.0718572	0.0592916	0.0721705	0.082026	0.0797903
	0.0537075	0.0353139	0.038754	0.0441217	0.0396108	0.0369574	0.0476528	0.0403952	0.0725911	0.0423294	0.0393948	0.0727035	0.0595017	0.0714446	0.0817304	0.0794077
	0.0524183	0.0350535	0.0383003	0.0433682	0.0391127	0.0366097	0.0480194	0.0398408	0.0732491	0.0416796	0.0401663	0.0718572	0.0592916	0.0721705	0.082026	0.0797903
	0.045129	0.0304065	0.0324492	0.0374667	0.0332479	0.0319506	0.0407797	0.0351975	0.0627419	0.0357847	0.0342575	0.0614149	0.0518847	0.0616646	0.0698174	0.0691152
	0.076323	0.0501915	0.054778	0.0626697	0.0555773	0.0531056	0.0689145	0.0576832	0.106039	0.0595679	0.0567057	0.104471	0.086543	0.103248	0.120431	0.116317
	0.0455466	0.0304018	0.0323196	0.0370485	0.0330911	0.0318986	0.041402	0.0349284	0.0623214	0.0354852	0.034074	0.0624105	0.0520125	0.0613719	0.070551	0.0684564
	0.14942	0.0968367	0.106194	0.122093	0.11079	0.102856	0.134622	0.112016	0.199485	0.115876	0.11015	0.199822	0.166001	0.198269	0.223756	0.219354
	0.0524183	0.0350535	0.0383003	0.0433682	0.0391127	0.0366097	0.0480194	0.0398408	0.0732491	0.0416796	0.0401663	0.0718572	0.0592916	0.0721705	0.082026	0.0797903
	0.0543757	0.0346256	0.0385272	0.0440269	0.0392354	0.037087	0.0480896	0.0409632	0.0755513	0.0414357	0.0401751	0.0742647	0.061731	0.0732622	0.0849225	0.082889
	0.0455466	0.0304018	0.0323196	0.0370485	0.0330911	0.0318986	0.041402	0.0349284	0.0623214	0.0354852	0.034074	0.0624105	0.0520125	0.0613719	0.070551	0.0684564
	0.0388296	0.0258417	0.0280499	0.0320721	0.0289037	0.0274995	0.0355591	0.029674	0.0528919	0.0303375	0.0287401	0.0529762	0.0444965	0.0518522	0.0602269	0.0579968
	0.0537075	0.0353139	0.038754	0.0441217	0.0396108	0.0369574	0.0476528	0.0403952	0.0725911	0.0423294	0.0393948	0.0727035	0.0595017	0.0714446	0.0817304	0.0794077
	0.0543757	0.0346256	0.0385272	0.0440269	0.0392354	0.037087	0.0480896	0.0409632	0.0755513	0.0414357	0.0401751	0.0742647	0.061731	0.0732622	0.0849225	0.082889
	0.0855762	0.0562425	0.0625797	0.0710427	0.0633911	0.0592384	0.0776807	0.0656987	0.117352	0.0676593	0.0645771	0.117519	0.0964443	0.115982	0.134336	0.129994
	0.0455466	0.0304018	0.0323196	0.0370485	0.0330911	0.0318986	0.041402	0.0349284	0.0623214	0.0354852	0.034074	0.0624105	0.0520125	0.0613719	0.070551	0.0684564
	0.045129	0.0304065	0.0324492	0.0374667	0.0332479	0.0319506	0.0407797	0.0351975	0.0627419	0.0357847	0.0342575	0.0614149	0.0518847	0.0616646	0.0698174	0.0691152
loop 10
	0.0524954	0.0350957	0.0383523	0.0434311	0.0391627	0.0366514	0.048092	0.0398964	0.073362	0.0417346	0.0389513	0.0719677	0.0593904	0.0707831	0.0821473	0.0799176
	0.0535781	0.035217	0.038653	0.0440118	0.0395064	0.0381612	0.0489216	0.0416228	0.0740015	0.0422222	0.040611	0.0741164	0.0608388	0.0728419	0.08318	0.08085
	0.0524954	0.0350957	0.0383523	0.0434311	0.0391627	0.0366514	0.048092	0.0398964	0.073362	0.0417346	0.0389513	0.0719677	0.0593904	0.0707831	0.0821473	0.0799176
	0.044582	0.0297398	0.0318077	0.0368604	0.0326095	0.0312951	0.0402022	0.0345694	0.0609135	0.0351639	0.0336211	0.0610022	0.0500456	0.0598302	0.0694598	0.0672803
	0.0726874	0.0468244	0.0527738	0.0591578	0.0535724	0.0497146	0.0653439	0.0556382	0.100472	0.0575296	0.0532894	0.100628	0.0828289	0.0994313	0.1147	0.110645
	0.0455518	0.0304046	0.0323228	0.0370562	0.0330976	0.0319047	0.041411	0.0349318	0.0623295	0.0354924	0.0340773	0.0624267	0.052025	0.0613798	0.0705606	0.0684657
	0.14942	0.0968322	0.106184	0.122086	0.110785	0.102851	0.134615	0.112011	0.199458	0.11587	0.110139	0.199795	0.166001	0.198269	0.223725	0.219323
	0.0524954	0.0350957	0.0383523	0.0434311	0.0391627	0.0366514	0.048092	0.0398964	0.073362	0.0417346	0.0389513	0.0719677	0.0593904	0.0707831	0.0821473	0.0799176
	0.0559223	0.0361744	0.038945	0.0455762	0.0407867	0.0375191	0.0496366	0.0413631	0.0770679	0.0429811	0.04058	0.0771787	0.0632661	0.0761695	0.0878753	0.0858298
	0.0455518	0.0304046	0.0323228	0.0370562	0.0330976	0.0319047	0.041411	0.0349318	0.0623295	0.0354924	0.0340773	0.0624267	0.052025	0.0613798	0.0705606	0.0684657
	0.038016	0.0250281	0.0272372	0.031251	0.0280896	0.0266854	0.0347421	0.0288553	0.0520822	0.03074	0.0291318	0.0521644	0.0436823	0.0510518	0.0594295	0.0571988
	0.0535781	0.035217	0.038653	0.0440118	0.0395064	0.0381612	0.0489216	0.0416228	0.0740015	0.0422222	0.040611	0.0741164	0.0608388	0.0728419	0.08318	0.08085
	0.0559223	0.0361744	0.038945	0.0455762	0.0407867	0.0375191	0.0496366	0.0413631	0.0770679	0.0429811	0.04058	0.0771787	0.0632661	0.0761695	0.0878753	0.0858298
	0.114305	0.0785716	0.0854742	0.0948579	0.0862492	0.0816436	0.10388	0.0890157	0.155259	0.092714	0.087503	0.153428	0.128062	0.153223	0.17552	0.170875
	0.0455518	0.0304046	0.0323228	0.0370562	0.0330976	0.0319047	0.041411	0.0349318	0.0623295	0.0354924	0.0340773	0.0624267	0.052025	0.0613798	0.0705606	0.0684657
	0.044582	0.0297398	0.0318077	0.0368604	0.0326095	0.0312951	0.0402022	0.0345694	0.0609135	0.0351639	0.0336211	0.0610022	0.0500456	0.0598302	0.0694598	0.0672803
loop 11
	0.052863	0.0341573	0.0374004	0.0424579	0.0382147	0.0357156	0.0471031	0.040206	0.072318	0.0407757	0.0392626	0.0724285	0.0597855	0.0712433	0.0810984	0.0788623
	0.0535219	0.0351808	0.0386113	0.0439654	0.0394668	0.0368209	0.0488677	0.0415767	0.073922	0.0421746	0.0405701	0.0740368	0.0607715	0.072764	0.0830967	0.08076
	0.052863	0.0341573	0.0374004	0.0424579	0.0382147	0.0357156	0.0471031	0.040206	0.072318	0.0407757	0.0392626	0.0724285	0.0597855	0.0712433	0.0810984	0.0788623
	0.0460546	0.0312557	0.0333075	0.0383554	0.034108	0.0328031	0.0416869	0.0360771	0.0637561	0.0366552	0.0351202	0.0638512	0.0528395	0.0626567	0.0723176	0.0701333
	0.0719217	0.0466333	0.0524461	0.0586943	0.0532246	0.0494584	0.0647383	0.0552578	0.100715	0.0571069	0.0543301	0.0992016	0.0818275	0.0980508	0.112988	0.110713
	0.0455725	0.0292816	0.0323384	0.0370715	0.0331106	0.0307696	0.041429	0.0349492	0.0623538	0.0355068	0.0340941	0.0624429	0.0520437	0.0614036	0.0705894	0.0684933
	0.149411	0.0968322	0.106184	0.122086	0.110785	0.102851	0.134615	0.112005	0.199472	0.115865	0.110139	0.199795	0.166001	0.198269	0.22374	0.219339
	0.052863	0.0341573	0.0374004	0.0424579	0.0382147	0.0357156	0.0471031	0.040206	0.072318	0.0407757	0.0392626	0.0724285	0.0597855	0.0712433	0.0810984	0.0788623
	0.0418453	0.0275213	0.0304223	0.0349227	0.0311579	0.0289326	0.0379103	0.0317898	0.0590652	0.0334368	0.030989	0.0578471	0.047948	0.0568564	0.0669687	0.0649544
	0.0455725	0.0292816	0.0323384	0.0370715	0.0331106	0.0307696	0.041429	0.0349492	0.0623538	0.0355068	0.0340941	0.0624429	0.0520437	0.0614036	0.0705894	0.0684933
	0.0378976	0.0249486	0.0283437	0.0311574	0.0280013	0.0266024	0.0346302	0.0287654	0.051918	0.030645	0.0290396	0.0520001	0.0435429	0.0522958	0.0592458	0.057024
	0.0535219	0.0351808	0.0386113	0.0439654	0.0394668	0.0368209	0.0488677	0.0415767	0.073922	0.0421746	0.0405701	0.0740368	0.0607715	0.072764	0.0830967	0.08076
	0.0418453	0.0275213	0.0304223	0.0349227	0.0311579	0.0289326	0.0379103	0.0317898	0.0590652	0.0334368	0.030989	0.0578471	0.047948	0.0568564	0.0669687	0.0649544
	0.107568	0.072732	0.0794684	0.0886079	0.0802414	0.0757775	0.0974042	0.08289	0.145558	0.0848446	0.0814757	0.143776	0.121021	0.143691	0.165427	0.160859
	0.0455725	0.0292816	0.0323384	0.0370715	0.0331106	0.0307696	0.041429	0.0349492	0.0623538	0.0355068	0.0340941	0.0624429	0.0520437	0.0614036	0.0705894	0.0684933
	0.0460546	0.0312557	0.0333075	0.0383554	0.034108	0.0328031	0.0416869	0.0360771	0.0637561	0.0366552	0.0351202	0.0638512	0.0528395	0.0626567	0.0723176	0.0701333
loop 12
	0.0535331	0.0348845	0.0381179	0.0444551	0.0389243	0.0364321	0.0477913	0.040919	0.0729103	0.0414768	0.0399718	0.0730232	0.0604299	0.0718479	0.0832251	0.0809794
	0.0536288	0.0352413	0.0386809	0.0440499	0.0395388	0.0368859	0.0489657	0.0403245	0.074081	0.042254	0.0406408	0.0726257	0.0608993	0.0729197	0.0832736	0.08093
	0.0535331	0.0348845	0.0381179	0.0444551	0.0389243	0.0364321	0.0477913	0.040919	0.0729103	0.0414768	0.0399718	0.0730232	0.0604299	0.0718479	0.0832251	0.0809794
	0.0452172	0.0304308	0.0336838	0.0375263	0.0344914	0.0319798	0.0408558	0.0352514	0.0629277	0.0358369	0.0342997	0.0615965	0.0520033	0.0618312	0.070016	0.0693096
	0.0725852	0.047089	0.0515756	0.0592661	0.0523594	0.0499381	0.0653482	0.054391	0.099936	0.0562432	0.0534559	0.0984189	0.081001	0.0972591	0.112233	0.109953
	0.045557	0.0304102	0.0323259	0.03706	0.0331008	0.0319077	0.0414155	0.0349353	0.0623376	0.035496	0.034084	0.0624267	0.0520312	0.0613877	0.0705702	0.0684749
	0.149386	0.0968098	0.106163	0.122061	0.110763	0.102827	0.134592	0.111988	0.199431	0.115847	0.110117	0.199768	0.16597	0.19819	0.223693	0.219293
	0.0535331	0.0348845	0.0381179	0.0444551	0.0389243	0.0364321	0.0477913	0.040919	0.0729103	0.0414768	0.0399718	0.0730232	0.0604299	0.0718479	0.0832251	0.0809794
	0.0537088	0.0356698	0.038797	0.0436584	0.0395837	0.0371802	0.048145	0.04026	0.07393	0.042044	0.0406107	0.07404	0.0603779	0.0729194	0.0840224	0.081826
	0.045557	0.0304102	0.0323259	0.03706	0.0331008	0.0319077	0.0414155	0.0349353	0.0623376	0.035496	0.034084	0.0624267	0.0520312	0.0613877	0.0705702	0.0684749
	0.0382075	0.0251593	0.027381	0.0314175	0.0282399	0.0268252	0.0349176	0.0290097	0.0523287	0.0296812	0.0280786	0.0524163	0.0425574	0.0513023	0.0582464	0.0574671
	0.0536288	0.0352413	0.0386809	0.0440499	0.0395388	0.0368859	0.0489657	0.0403245	0.074081	0.042254	0.0406408	0.0726257	0.0608993	0.0729197	0.0832736	0.08093
	0.0537088	0.0356698	0.038797	0.0436584	0.0395837	0.0371802	0.048145	0.04026	0.07393	0.042044	0.0406107	0.07404	0.0603779	0.0729194	0.0840224	0.081826
	0.118514	0.0803267	0.0873312	0.0986666	0.0898161	0.08511	0.107869	0.0909452	0.158245	0.0946767	0.0910885	0.158456	0.132542	0.158175	0.18086	0.176169
	0.045557	0.0304102	0.0323259	0.03706	0.0331008	0.0319077	0.0414155	0.0349353	0.0623376	0.035496	0.034084	0.0624267	0.0520312	0.0613877	0.0705702	0.0684749
	0.0452172	0.0304308	0.0336838	0.0375263	0.0344914	0.0319798	0.0408558	0.0352514	0.0629277	0.0358369	0.0342997	0.0615965	0.0520033	0.0618312	0.070016	0.0693096
loop 13
	0.053381	0.0359746	0.0392319	0.0443118	0.0400432	0.03753	0.0489735	0.0407757	0.0742389	0.0426147	0.0398249	0.0743542	0.060271	0.0731644	0.0845967	0.0807847
	0.053685	0.0353017	0.03874	0.044109	0.0395964	0.0369444	0.0476386	0.0403803	0.0725738	0.0423175	0.0393768	0.0726775	0.059482	0.0714192	0.08171	0.0793783
	0.053381	0.0359746	0.0392319	0.0443118	0.0400432	0.03753	0.0489735	0.0407757	0.0742389	0.0426147	0.0398249	0.0743542	0.060271	0.0731644	0.0845967	0.0807847
	0.0452564	0.0304524	0.0337026	0.0375523	0.0345109	0.0320031	0.0408853	0.0352749	0.0629587	0.0358613	0.0343192	0.0616344	0.0520388	0.061869	0.0715346	0.0693538
	0.073155	0.0477887	0.0522555	0.0599054	0.0530349	0.0492666	0.0659502	0.0550519	0.100408	0.056897	0.0541293	0.100554	0.0815299	0.0993744	0.114354	0.11038
	0.0455363	0.0303934	0.0323102	0.0370408	0.0330846	0.0318926	0.0413931	0.0349179	0.0623052	0.035478	0.0340672	0.0624024	0.0520063	0.0613561	0.0705318	0.068438
	0.149386	0.0968143	0.106179	0.122067	0.110774	0.102831	0.134592	0.111994	0.199458	0.115853	0.110128	0.199795	0.16596	0.19823	0.223725	0.219323
	0.053381	0.0359746	0.0392319	0.0443118	0.0400432	0.03753	0.0489735	0.0407757	0.0742389	0.0426147	0.0398249	0.0743542	0.060271	0.0731644	0.0845967	0.0807847
	0.0528882	0.0345499	0.0377309	0.0439604	0.0385323	0.036084	0.0472314	0.0404808	0.0734514	0.0410374	0.039567	0.0720635	0.0596857	0.0709263	0.0821352	0.0799302
	0.0455363	0.0303934	0.0323102	0.0370408	0.0330846	0.0318926	0.0413931	0.0349179	0.0623052	0.035478	0.0340672	0.0624024	0.0520063	0.0613561	0.0705318	0.068438
	0.0391104	0.0260644	0.028284	0.0323209	0.0291456	0.0265437	0.0345606	0.0299141	0.0532294	0.03058	0.0289797	0.0519015	0.0434583	0.0521918	0.0591343	0.0583616
	0.053685	0.0353017	0.03874	0.044109	0.0395964	0.0369444	0.0476386	0.0403803	0.0725738	0.0423175	0.0393768	0.0726775	0.059482	0.0714192	0.08171	0.0793783
	0.0528882	0.0345499	0.0377309	0.0439604	0.0385323	0.036084	0.0472314	0.0404808	0.0734514	0.0410374	0.039567	0.0720635	0.0596857	0.0709263	0.0821352	0.0799302
	0.116752	0.0793221	0.0861867	0.0972866	0.0869514	0.0823872	0.104529	0.0897104	0.155717	0.093382	0.0882045	0.155927	0.130545	0.155717	0.178043	0.173399
	0.0455363	0.0303934	0.0323102	0.0370408	0.0330846	0.0318926	0.0413931	0.0349179	0.0623052	0.035478	0.0340672	0.0624024	0.0520063	0.0613561	0.0705318	0.068438
	0.0452564	0.0304524	0.0337026	0.0375523	0.0345109	0.0320031	0.0408853	0.0352749	0.0629587	0.0358613	0.0343192	0.0616344	0.0520388	0.061869	0.0715346	0.0693538
loop 14
	0.0546524	0.0359208	0.0391665	0.0442332	0.0399758	0.0374724	0.0488829	0.040706	0.0740853	0.0425451	0.0397614	0.0741909	0.0615717	0.0730138	0.0844135	0.0821693
	0.0543753	0.0360515	0.0394776	0.0448276	0.0403282	0.0376869	0.0483434	0.0411077	0.0747541	0.0430367	0.0401087	0.0733035	0.0616221	0.073595	0.0839066	0.0815774
	0.0546524	0.0359208	0.0391665	0.0442332	0.0399758	0.0374724	0.0488829	0.040706	0.0740853	0.0425451	0.0397614	0.0741909	0.0615717	0.0730138	0.0844135	0.0821693
	0.0460999	0.0312923	0.0333451	0.0383977	0.0341437	0.0328394	0.0417305	0.0349015	0.0638116	0.0366984	0.0351605	0.0639066	0.0528882	0.0627109	0.0723834	0.0701964
	0.0772738	0.0494925	0.0555369	0.0635005	0.0563439	0.0524217	0.0682668	0.0584576	0.105542	0.0603681	0.0574921	0.105691	0.0859666	0.104478	0.120002	0.115866
	0.0455881	0.0292951	0.032351	0.0370831	0.0331236	0.0307813	0.0414424	0.0349597	0.06237	0.0355212	0.0341076	0.0624672	0.0520624	0.0614194	0.0706086	0.0685117
	0.149394	0.0968143	0.106179	0.122067	0.110774	0.102831	0.134592	0.111999	0.199445	0.115859	0.110133	0.199781	0.16597	0.19823	0.223709	0.219308
	0.0546524	0.0359208	0.0391665	0.0442332	0.0399758	0.0374724	0.0488829	0.040706	0.0740853	0.0425451	0.0397614	0.0741909	0.0615717	0.0730138	0.0844135	0.0821693
	0.0434287	0.0283197	0.0313844	0.0361384	0.0321565	0.0298063	0.0392883	0.0328344	0.0602096	0.0345628	0.0331333	0.0603025	0.0498807	0.0592501	0.0684472	0.0663495
	0.0455881	0.0292951	0.032351	0.0370831	0.0331236	0.0307755	0.0414424	0.0349597	0.06237	0.0355212	0.0341076	0.0624672	0.0520624	0.0614194	0.0706086	0.0685117
	0.038934	0.0259134	0.028125	0.0321614	0.028982	0.0263898	0.0356563	0.0297532	0.0530325	0.0304175	0.0288161	0.0531169	0.0432725	0.0519891	0.0603882	0.0581504
	0.0543753	0.0360515	0.0394776	0.0448276	0.0403282	0.0376869	0.0483434	0.0411077	0.0747541	0.0430367	0.0401087	0.0733035	0.0616221	0.073595	0.0839066	0.0815774
	0.0434287	0.0283197	0.0313844	0.0361384	0.0321565	0.0298063	0.0392883	0.0328344	0.0602096	0.0345628	0.0331333	0.0603025	0.0498807	0.0592501	0.0684472	0.0663495
	0.101925	0.0686887	0.0754452	0.0846071	0.076237	0.0717579	0.0917179	0.0788797	0.137914	0.0808561	0.0774706	0.138113	0.115344	0.136083	0.157735	0.151155
	0.0455881	0.0292951	0.032351	0.0370831	0.0331236	0.0307813	0.0414424	0.0349597	0.06237	0.0355212	0.0341076	0.0624672	0.0520624	0.0614194	0.0706086	0.0685117
	0.0460999	0.0312923	0.0333451	0.0383977	0.0341437	0.0328394	0.0417305	0.0349015	0.0638116	0.0366984	0.0351605	0.0639066	0.0528882	0.0627109	0.0723834	0.0701964
loop 15
	0.0560375	0.0374832	0.040702	0.0470174	0.0415064	0.0390243	0.0503212	0.0435029	0.0783525	0.0440436	0.0425625	0.0769359	0.0643423	0.0772726	0.0887358	0.0849023
	0.0514249	0.0344234	0.0378685	0.0432456	0.0387261	0.0360703	0.046781	0.0395136	0.0717663	0.041446	0.0385103	0.0703223	0.0586496	0.0706121	0.08092	0.0785895
	0.0560375	0.0374832	0.040702	0.0470174	0.0415064	0.0390243	0.0503212	0.0435029	0.0783525	0.0440436	0.0425625	0.0769359	0.0643423	0.0772726	0.0887358	0.0849023
	0.0462764	0.0302361	0.0334705	0.0385438	0.0342737	0.0317757	0.0418873	0.0350361	0.0626257	0.0368388	0.0352917	0.0627187	0.0517365	0.062951	0.071166	0.0689915
	0.0716766	0.0475251	0.0520481	0.0597827	0.0528388	0.0490303	0.0644301	0.0548777	0.100771	0.0567424	0.053948	0.0992544	0.0816824	0.0980667	0.113162	0.110871
	0.0455622	0.0292735	0.032329	0.03706	0.0331008	0.0319107	0.0414155	0.0349388	0.0623376	0.035496	0.034084	0.0624348	0.0520312	0.0613877	0.0705702	0.0684749
	0.14942	0.0968367	0.106199	0.122093	0.110801	0.102856	0.134622	0.112022	0.199458	0.115882	0.110155	0.199795	0.166001	0.198269	0.223725	0.219339
	0.0560375	0.0374832	0.040702	0.0470174	0.0415064	0.0390243	0.0503212	0.0435029	0.0783525	0.0440436	0.0425625	0.0769359	0.0643423	0.0772726	0.0887358	0.0849023
	0.0457536	0.02925	0.0319129	0.037112	0.0325895	0.030546	0.0409605	0.0342014	0.06324	0.0346825	0.0334561	0.0620697	0.0515298	0.0611295	0.0720345	0.0688093
	0.0455622	0.0292735	0.032329	0.03706	0.0331008	0.0319107	0.0414155	0.0349388	0.0623376	0.035496	0.034084	0.0624348	0.0520312	0.0613877	0.0705702	0.0684749
	0.0379847	0.0250059	0.0284099	0.0312302	0.0280676	0.0266611	0.0347119	0.0288346	0.0520384	0.0307175	0.0291064	0.052126	0.0436443	0.0510092	0.0593836	0.0571551
	0.0514249	0.0344234	0.0378685	0.0432456	0.0387261	0.0360703	0.046781	0.0395136	0.0717663	0.041446	0.0385103	0.0703223	0.0586496	0.0706121	0.08092	0.0785895
	0.0457536	0.02925	0.0319129	0.037112	0.0325895	0.030546	0.0409605	0.0342014	0.06324	0.0346825	0.0334561	0.0620697	0.0515298	0.0611295	0.0720345	0.0688093
	0.124948	0.085311	0.0922331	0.105227	0.0947035	0.0900742	0.114397	0.0975454	0.17056	0.101265	0.0959772	0.168668	0.140832	0.168409	0.19329	0.186409
	0.0455622	0.0292735	0.032329	0.03706	0.0331008	0.0319107	0.0414155	0.0349388	0.0623376	0.035496	0.034084	0.0624348	0.0520312	0.0613877	0.0705702	0.0684749
	0.0462764	0.0302361	0.0334705	0.0385438	0.0342737	0.0317757	0.0418873	0.0350361	0.0626257	0.0368388	0.0352917	0.0627187	0.0517365	0.062951	0.071166	0.0689915

work load: vpr.mips equake.mips vpr.mips ammp.mips swim.mips wupwise.mips gzip.mips vpr.mips crafty.mips wupwise.mips parser.mips equake.mips crafty.mips gcc.mips wupwise.mips ammp.mips
