loop 0
0.149553 0.0970034 0.106357 0.122244
0.056332 0.0370418 0.0403434 0.0462696
0.0533904 0.0349658 0.0385209 0.0440589
0.0454005 0.0307354 0.033542 0.0379607
loop 16
	0.14942	0.0968367	0.106199	0.122093
	0.0564246	0.0364461	0.0409354	0.0459963
	0.0525243	0.034958	0.0385234	0.0440797
	0.0473749	0.0318413	0.0342162	0.0386198
loop 17
	0.149403	0.0968367	0.106199	0.122093
	0.057033	0.0371304	0.0416078	0.0466494
	0.0533113	0.035791	0.0393588	0.0448963
	0.0452545	0.031085	0.03348	0.0379032
loop 18
	0.149411	0.0968277	0.106189	0.122086
	0.0560178	0.0373968	0.04062	0.046967
	0.0536524	0.0347108	0.038257	0.043786
	0.0452585	0.0310828	0.0334825	0.0379063
loop 19
	0.149386	0.0968143	0.106179	0.122067
	0.0553152	0.0366375	0.0398765	0.0449248
	0.0524206	0.0348737	0.0384389	0.0439845
	0.0452664	0.0310917	0.0334925	0.0379123
loop 20
	0.149394	0.0968143	0.106179	0.122074
	0.0553984	0.0367246	0.0399639	0.0450057
	0.053759	0.0347867	0.0383414	0.0438773
	0.0452545	0.031085	0.033485	0.0379032
loop 21
	0.149386	0.0968053	0.106168	0.122061
	0.0573624	0.0373392	0.0405668	0.0469166
	0.053679	0.0347164	0.03827	0.0438019
	0.0452545	0.0310784	0.0334775	0.0379002
loop 22
	0.14942	0.0968367	0.106205	0.122099
	0.055584	0.0368359	0.0400829	0.0451533
	0.0536204	0.0347024	0.0382472	0.0437662
	0.0452545	0.0310873	0.03349	0.0379032
loop 23
	0.14942	0.0968322	0.106194	0.122093
	0.0562212	0.0375588	0.040788	0.0458346
	0.0524102	0.0348681	0.0384292	0.0439805
	0.0452426	0.0310784	0.0334775	0.0378942
loop 24
	0.149411	0.0968322	0.106194	0.122086
	0.058847	0.0389282	0.0421356	0.0484566
	0.0537536	0.0347951	0.0383447	0.0438773
	0.0452426	0.031074	0.0334725	0.0378912
loop 25
	0.149386	0.0968143	0.106179	0.122067
	0.057154	0.0372204	0.0417092	0.0467502
	0.0533966	0.0358551	0.0394227	0.0435757
	0.0452506	0.0310917	0.0334875	0.0379063
loop 26
	0.149377	0.0968053	0.106168	0.122061
	0.0552704	0.0366166	0.0398488	0.0462021
	0.053759	0.034781	0.038335	0.0438733
	0.045318	0.0298208	0.03353	0.0379577
loop 27
	0.149394	0.0968188	0.106179	0.122074
	0.0562934	0.0375444	0.040788	0.0458591
	0.052602	0.0350001	0.0385754	0.0427491
	0.0473792	0.0318367	0.034211	0.0386198
loop 28
	0.14942	0.0968367	0.106199	0.122099
	0.0574297	0.0374076	0.0406323	0.0469872
	0.0535511	0.0359455	0.0381725	0.0436947
	0.0453141	0.0298208	0.0335325	0.0379547
loop 29
	0.14942	0.0968367	0.106199	0.122093
	0.0572212	0.0372348	0.0417303	0.0467956
	0.052431	0.0348822	0.0384487	0.0439924
	0.045322	0.0298271	0.0335375	0.0379607
loop 30
	0.14942	0.0968322	0.106199	0.122093
	0.0563787	0.0364321	0.0409149	0.0459669
	0.0537003	0.0347529	0.0383025	0.0438297
	0.0453022	0.0298102	0.033525	0.0379426
loop 31
	0.149394	0.0968143	0.106179	0.122067
	0.0569523	0.0383003	0.0415317	0.0478898
	0.0536257	0.034694	0.0382407	0.0437622
	0.0453061	0.0298123	0.033525	0.0379456

work load: gzip.mips vpr.mips twolf.mips mcf.mips
