loop 0
1 0.557729 0.636451 0.77016 
0.215428 0.0530763 0.0808634 0.13074 
0.19067 0.0356042 0.0655248 0.112134 
0.123425 0 0.0236211 0.06081 
loop 16
1 0.552782 0.632408 0.767585 
0.20908 0.0391636 0.0773448 0.120387 
0.175908 0.0265074 0.0568309 0.104087 
0.132112 0 0.0201984 0.0576507 
loop 17
1 0.55572 0.634848 0.769181 
0.219307 0.0510945 0.0889366 0.131547 
0.187852 0.0397742 0.0699285 0.11673 
0.119758 0 0.0202421 0.0576261 
loop 18
1 0.555615 0.634728 0.769074 
0.210727 0.0533601 0.0805996 0.134238 
0.190737 0.0306605 0.0606297 0.107356 
0.1198 0 0.02028 0.0576659 
loop 19
1 0.555586 0.63475 0.769059 
0.204773 0.0468814 0.0742622 0.116938 
0.180304 0.0319711 0.0621095 0.108989 
0.119826 0 0.0202951 0.0576579 
loop 20
1 0.555573 0.634728 0.769079 
0.205508 0.0476684 0.0750484 0.117664 
0.191651 0.0312884 0.0613343 0.108126 
0.119767 0 0.0202859 0.0576304 
loop 21
1 0.555559 0.634698 0.769034 
0.222167 0.0529197 0.0802011 0.133873 
0.191033 0.0307503 0.0607873 0.107546 
0.119824 0 0.0202785 0.0576616 
loop 22
1 0.555632 0.634801 0.769117 
0.207015 0.04858 0.0760196 0.118868 
0.190422 0.0305503 0.0605065 0.107146 
0.119723 0 0.0203046 0.0575995 
loop 23
1 0.555627 0.634735 0.769084 
0.21246 0.0547601 0.0820472 0.124692 
0.180256 0.0320234 0.0621151 0.109024 
0.119689 0 0.0202727 0.0575943 
loop 24
1 0.555686 0.634797 0.769092 
0.234694 0.0663715 0.0934754 0.146891 
0.191653 0.0314449 0.0614406 0.108194 
0.119731 0 0.0202684 0.0576084 
loop 25
1 0.555586 0.63475 0.769059 
0.220317 0.0518089 0.089755 0.132369 
0.188554 0.0402674 0.070426 0.105533 
0.119692 0 0.0202529 0.0576072 
loop 26
1 0.560276 0.638588 0.771522 
0.212867 0.0568419 0.0838769 0.137018 
0.200226 0.0414884 0.071215 0.117539 
0.129623 0 0.0310247 0.0680592 
loop 27
1 0.55277 0.632392 0.767603 
0.208041 0.0485525 0.0761441 0.119281 
0.17664 0.0269094 0.0573227 0.0928262 
0.132212 0 0.020197 0.0577004 
loop 28
1 0.560337 0.638618 0.771562 
0.230845 0.0634352 0.0903978 0.143533 
0.198415 0.0512102 0.0698307 0.116003 
0.129544 0 0.0310345 0.0680097 
loop 29
1 0.560314 0.638599 0.7715 
0.229061 0.061941 0.099531 0.141886 
0.189007 0.0422692 0.0720912 0.118446 
0.129564 0 0.0310253 0.0680107 
loop 30
1 0.560339 0.63865 0.771532 
0.222126 0.0553625 0.0928411 0.135078 
0.199734 0.0413235 0.071 0.11721 
0.129521 0 0.0310577 0.0679911 
loop 31
1 0.560303 0.638615 0.771478 
0.226958 0.0709808 0.0980033 0.151173 
0.199139 0.0408231 0.0704824 0.116656 
0.129567 0 0.0310474 0.0680146 
