loop 0
0.290607 0.0223422 0.0723203 0.151442 
0.265214 0 0.0498147 0.127892 
0.265214 0 0.0498147 0.127892 
1 0.478273 0.575482 0.727825 
loop 16
0.39865 0.0163992 0.0857617 0.199572 
0.385293 0 0.0723722 0.185816 
0.385293 0 0.0723722 0.185816 
1 0.411315 0.52001 0.694604 
loop 17
0.659262 0.0263211 0.142103 0.332288 
0.641175 0 0.120436 0.309062 
0.641175 0 0.120436 0.309062 
1 0.245755 0.384458 0.604372 
loop 18
0.709765 0.0551323 0.176765 0.368886 
0.645298 0 0.121211 0.311209 
0.645298 0 0.121211 0.311209 
1 0.247225 0.386676 0.608103 
loop 19
0.665706 0.030538 0.145713 0.33489 
0.637654 0 0.119775 0.307523 
0.637654 0 0.119775 0.307523 
1 0.245952 0.38781 0.610129 
loop 20
0.638459 0.0304185 0.140622 0.321722 
0.611872 0 0.114932 0.294937 
0.611872 0 0.114932 0.294937 
1 0.26636 0.40352 0.618031 
loop 21
0.666483 0.0314057 0.15048 0.338198 
0.633753 0 0.119042 0.305484 
0.633753 0 0.119042 0.305484 
1 0.249032 0.385868 0.60898 
loop 22
0.401316 0.01699 0.0890575 0.202683 
0.383165 0 0.0719726 0.184695 
0.383165 0 0.0719726 0.184695 
1 0.417844 0.525631 0.696675 
loop 23
0.181713 0.0114339 0.0422781 0.0930432 
0.170718 0 0.0320671 0.0822902 
0.170718 0 0.0320671 0.0822902 
1 0.519623 0.607334 0.74905 
loop 24
0.351595 0.0233454 0.0848993 0.181979 
0.326407 0 0.0613113 0.157336 
0.326407 0 0.0613113 0.157336 
1 0.460478 0.561142 0.720046 
loop 25
0.36771 0.0288963 0.0918443 0.191277 
0.333654 0 0.0626726 0.160912 
0.333654 0 0.0626726 0.160912 
1 0.445311 0.548415 0.710677 
loop 26
0.170586 0.00604608 0.0361369 0.0855728 
0.166554 0 0.031285 0.0803242 
0.166554 0 0.031285 0.0803242 
1 0.526656 0.613132 0.75217 
loop 27
0.345828 0.0184222 0.080355 0.175354 
0.327623 0 0.0615396 0.157922 
0.327623 0 0.0615396 0.157922 
1 0.456983 0.560099 0.718327 
loop 28
0.201441 0.00607764 0.0433633 0.100505 
0.197685 0 0.0371325 0.0952888 
0.197685 0 0.0371325 0.0952888 
1 0.506963 0.59756 0.742227 
loop 29
0.266684 0.00679669 0.0563594 0.132403 
0.263211 0 0.0494407 0.126874 
0.263211 0 0.0494407 0.126874 
1 0.494027 0.591077 0.735868 
loop 30
0.467917 0.121163 0.185399 0.287328 
0.308155 0 0.0578829 0.148614 
0.308155 0 0.0578829 0.148614 
1 0.47569 0.577637 0.728023 
loop 31
0.30901 0.0950628 0.13602 0.196643 
0.19033 0 0.035751 0.0917436 
0.19033 0 0.035751 0.0917436 
1 0.511664 0.600607 0.743755 
