loop 0
4.68578 3.09304 3.38977 3.85953
4.53502 2.96039 3.25615 3.71971
4.53502 2.96039 3.25615 3.71971
8.89759 5.79999 6.37714 7.28163
loop 16
	4.58954	3.02736	3.31083	3.77595
	4.53495	2.96034	3.25611	3.71973
	4.53495	2.96034	3.25611	3.71973
	7.04713	4.6413	5.08551	5.79904
loop 17
	4.57937	3.02498	3.30932	3.77638
	4.53495	2.96034	3.25611	3.71934
	4.53495	2.96034	3.25611	3.71934
	5.41616	3.56387	3.9045	4.44457
loop 18
	4.69226	3.09487	3.39167	3.86047
	4.53495	2.96034	3.25611	3.71973
	4.53495	2.96034	3.25611	3.71973
	5.40047	3.5636	3.90388	4.44419
loop 19
	4.60422	3.03575	3.32016	3.78731
	4.53495	2.96034	3.25611	3.71973
	4.53495	2.96034	3.25611	3.71973
	5.42972	3.56769	3.91799	4.46698
loop 20
	4.60337	3.03862	3.32222	3.78827
	4.53495	2.96034	3.25611	3.71934
	4.53495	2.96034	3.25611	3.71934
	5.53377	3.6458	3.99877	4.5508
loop 21
	4.61627	3.03837	3.33422	3.80062
	4.53495	2.96034	3.25611	3.71934
	4.53495	2.96034	3.25611	3.71934
	5.44492	3.57908	3.91906	4.4734
loop 22
	4.60954	3.03016	3.32632	3.79326
	4.53495	2.96034	3.25611	3.71934
	4.53495	2.96034	3.25611	3.71934
	7.06982	4.67746	5.12041	5.82331
loop 23
	4.63636	3.0658	3.35029	3.81852
	4.53495	2.96034	3.25611	3.71934
	4.53495	2.96034	3.25611	3.71934
	12.1838	7.75306	8.56206	9.86917
loop 24
	4.65646	3.07296	3.3699	3.83822
	4.53495	2.96034	3.25611	3.71934
	4.53495	2.96034	3.25611	3.71934
	7.78441	5.18172	5.66733	6.43389
loop 25
	4.69567	3.09671	3.39378	3.86303
	4.53495	2.96034	3.25611	3.71973
	4.53495	2.96034	3.25611	3.71973
	7.67963	5.06189	5.54847	6.31423
loop 26
	4.57307	3.0175	3.30198	3.76935
	4.53495	2.96034	3.25611	3.71973
	4.53495	2.96034	3.25611	3.71973
	12.4144	7.93938	8.75693	10.0714
loop 27
	4.62245	3.04888	3.34654	3.80312
	4.53495	2.96034	3.25611	3.71934
	4.53495	2.96034	3.25611	3.71934
	7.76651	5.15668	5.65227	6.41274
loop 28
	4.56487	3.00875	3.30574	3.76089
	4.53495	2.96034	3.25611	3.71934
	4.53495	2.96034	3.25611	3.71934
	10.9256	6.99843	7.72006	8.87237
loop 29
	4.55573	3.001	3.2975	3.75242
	4.53495	2.96034	3.25611	3.71934
	4.53495	2.96034	3.25611	3.71934
	8.94266	5.91577	6.49635	7.36254
loop 30
	5.3513	3.57946	3.90769	4.42853
	4.53495	2.96034	3.25611	3.71973
	4.53495	2.96034	3.25611	3.71973
	8.07014	5.39102	5.91195	6.68039
loop 31
	5.5168	3.7468	4.08564	4.58718
	4.53495	2.96034	3.25611	3.71934
	4.53495	2.96034	3.25611	3.71934
	11.2334	7.19337	7.9292	9.11347

work load: vpr.mips wupwise.mips wupwise.mips gzip.mips
