loop 0
0.378836 0 0.0699356 0.182206 
0.608211 0.145604 0.231622 0.36834 
0.978073 0.38283 0.492623 0.668485 
1 0.410259 0.519565 0.693502 
loop 16
0.37265 0 0.0695469 0.181741 
0.640762 0.169995 0.25748 0.394952 
1 0.4005 0.511349 0.690377 
0.91143 0.347027 0.451989 0.618797 
loop 17
0.375774 0 0.06949 0.181621 
0.656395 0.179033 0.267126 0.40876 
1 0.400665 0.511546 0.687053 
0.898002 0.334469 0.438665 0.607493 
loop 18
0.373205 0 0.0696831 0.178863 
0.635109 0.16368 0.251292 0.388878 
1 0.397052 0.50786 0.686769 
0.906555 0.338817 0.443094 0.61201 
loop 19
0.369979 0 0.0697244 0.178989 
0.642416 0.171393 0.259003 0.396449 
1 0.401626 0.512397 0.690913 
0.770616 0.2616 0.356478 0.505533 
loop 20
0.37261 0 0.0695424 0.181772 
0.631101 0.163031 0.250062 0.386684 
1 0.402118 0.512668 0.691167 
0.795602 0.278793 0.375131 0.528195 
loop 21
0.374422 0 0.0692216 0.180972 
0.698963 0.20953 0.30083 0.443568 
1 0.400853 0.511766 0.687069 
0.893545 0.331649 0.435535 0.603869 
loop 22
0.371591 0 0.0693352 0.181238 
0.661608 0.180532 0.269847 0.411839 
1 0.401411 0.508765 0.687307 
0.908676 0.342794 0.446834 0.615044 
loop 23
0.371726 0 0.0693623 0.178097 
0.678567 0.190659 0.280134 0.425346 
1 0.399457 0.509786 0.68792 
0.910003 0.347327 0.452046 0.618137 
loop 24
0.38342 0 0.0703013 0.183724 
0.695818 0.193412 0.284131 0.434992 
1 0.392422 0.504768 0.686162 
0.910076 0.334855 0.440585 0.611657 
loop 25
0.391627 0 0.0736734 0.187614 
0.673672 0.181259 0.270105 0.41654 
1 0.390712 0.50337 0.685274 
0.903924 0.329981 0.436101 0.608049 
loop 26
0.386131 0 0.0701766 0.186662 
0.632281 0.154298 0.242456 0.384232 
1 0.393622 0.505845 0.683314 
0.906033 0.334878 0.441148 0.609735 
loop 27
0.383735 0 0.0697044 0.185482 
0.673213 0.182708 0.273186 0.41709 
1 0.39206 0.503851 0.68425 
0.900818 0.330857 0.43559 0.605046 
loop 28
0.38065 0 0.0697484 0.185631 
0.573023 0.119793 0.205333 0.338016 
1 0.395849 0.504294 0.684463 
0.934734 0.357613 0.46291 0.637132 
loop 29
0.371796 0 0.0693821 0.178192 
0.416464 0.030466 0.102889 0.217027 
1 0.398389 0.509007 0.687582 
0.877627 0.323552 0.428033 0.590173 
loop 30
0.456047 0.122379 0.186251 0.285003 
0.267315 0 0.0509663 0.128247 
1 0.47134 0.569208 0.727067 
0.913649 0.416718 0.508601 0.657441 
loop 31
0.446091 0.116652 0.178121 0.27733 
0.267916 0 0.0510686 0.128537 
1 0.470324 0.56838 0.726402 
0.928498 0.426639 0.519414 0.669796 
