loop 0
1 0.607555 0.684118 0.795566 
0.137603 0 0.0212385 0.0628562 
0.347114 0.128652 0.167275 0.230701 
0.389563 0.169931 0.205658 0.27468 
loop 16
1 0.596656 0.669969 0.791174 
0.160602 0 0.0301054 0.0767971 
0.304017 0.0912669 0.133499 0.1925 
0.443296 0.197006 0.237063 0.314517 
loop 17
1 0.606802 0.678459 0.788358 
0.125949 0 0.0236084 0.0602259 
0.285419 0.101949 0.134197 0.189239 
0.347301 0.154238 0.185653 0.246304 
loop 18
1 0.628083 0.706134 0.807344 
0.0988906 0 0.0125232 0.0434007 
0.184519 0.0545251 0.0740106 0.120635 
0.285812 0.122819 0.149335 0.200559 
loop 19
1 0.646139 0.710022 0.810016 
0.096872 0 0.0122621 0.0425247 
0.228531 0.0804191 0.106416 0.150923 
0.280321 0.120547 0.146546 0.196739 
loop 20
1 0.642775 0.704279 0.80752 
0.120248 0 0.0225526 0.0574775 
0.263874 0.0935741 0.123551 0.174581 
0.331367 0.147095 0.17705 0.234968 
loop 21
1 0.647091 0.708033 0.810006 
0.120528 0 0.0226158 0.0576336 
0.303473 0.114482 0.153309 0.204299 
0.332324 0.147562 0.177619 0.235684 
loop 22
1 0.618986 0.694338 0.810615 
0.117182 0 0.0148273 0.0514233 
0.27354 0.0932527 0.124997 0.179004 
0.339203 0.145906 0.177328 0.238084 
loop 23
1 0.631431 0.714421 0.809746 
0.131464 0 0.0246428 0.0628631 
0.332827 0.128152 0.160132 0.225387 
0.362684 0.1611 0.193903 0.25723 
loop 24
1 0.638936 0.704259 0.814004 
0.127499 0 0.0239138 0.0609744 
0.296009 0.11237 0.144685 0.199775 
0.351595 0.156116 0.187925 0.249374 
loop 25
1 0.643703 0.711396 0.807938 
0.122641 0 0.0155248 0.0538369 
0.307982 0.113397 0.145583 0.211137 
0.354733 0.152521 0.185425 0.248991 
loop 26
1 0.639311 0.70454 0.813814 
0.127685 0 0.0239278 0.0610379 
0.275112 0.101116 0.133635 0.178835 
0.352295 0.156481 0.188336 0.249834 
loop 27
1 0.634805 0.700914 0.811562 
0.129287 0 0.0242421 0.0618107 
0.282585 0.101786 0.133464 0.187838 
0.356489 0.15833 0.190551 0.252851 
loop 28
1 0.64376 0.711416 0.807659 
0.123583 0 0.0156432 0.0542501 
0.260714 0.0780184 0.112179 0.170272 
0.357614 0.153815 0.186953 0.251027 
loop 29
1 0.635364 0.717482 0.811945 
0.120252 0 0.0152276 0.0527758 
0.232801 0.0689221 0.101431 0.146952 
0.347759 0.149499 0.18176 0.244044 
loop 30
1 0.642797 0.710534 0.807412 
0.132182 0 0.0247909 0.0631819 
0.212413 0.0502184 0.0844991 0.122389 
0.364199 0.161693 0.194621 0.258288 
loop 31
1 0.64368 0.70517 0.807983 
0.1237 0 0.0231874 0.0591216 
0.228781 0.0715266 0.104884 0.151467 
0.341173 0.151527 0.182386 0.241963 
