loop 0
0.132329 0 0.0219274 0.0614125 
0.181377 0.0369036 0.0643578 0.107479 
1 0.561539 0.639583 0.772141 
0.222187 0.0612348 0.0887825 0.138229 
loop 16
0.12722 0 0.0161242 0.0558597 
0.169392 0.0291266 0.0468663 0.0908191 
1 0.558243 0.636897 0.770423 
0.218737 0.0508963 0.0886113 0.131128 
loop 17
0.135457 0 0.0252817 0.064702 
0.184588 0.03529 0.0631959 0.106792 
1 0.562351 0.640298 0.772626 
0.230959 0.0652565 0.102534 0.144508 
loop 18
0.135564 0 0.0254115 0.0648238 
0.20075 0.0408649 0.0686063 0.12285 
1 0.562298 0.640221 0.772547 
0.222597 0.0675957 0.0944256 0.147258 
loop 19
0.127287 0 0.0160987 0.0558495 
0.183211 0.0326958 0.0608479 0.104756 
1 0.558142 0.636851 0.770387 
0.209347 0.0523632 0.0795866 0.122017 
loop 20
0.135603 0 0.025437 0.0648224 
0.193064 0.043612 0.071564 0.115204 
1 0.562275 0.640236 0.772562 
0.217489 0.0620302 0.0889973 0.13097 
loop 21
0.135692 0 0.0254418 0.0648719 
0.182198 0.044019 0.0720313 0.115741 
1 0.562169 0.640131 0.772469 
0.233734 0.0670044 0.0938801 0.146754 
loop 22
0.127266 0 0.016104 0.055848 
0.177204 0.026337 0.0545777 0.098583 
1 0.558222 0.63693 0.770463 
0.211638 0.0541266 0.0814062 0.124005 
loop 23
0.1272 0 0.0161011 0.0558055 
0.186488 0.0352619 0.0635658 0.107657 
1 0.558195 0.636846 0.770418 
0.21701 0.0602221 0.0873515 0.129749 
loop 24
0.135663 0 0.0254365 0.0648584 
0.1833 0.044715 0.0728563 0.116667 
1 0.562276 0.640214 0.772516 
0.246045 0.0802191 0.106921 0.159544 
loop 25
0.135616 0 0.0254215 0.0648163 
0.184706 0.0353551 0.0632819 0.106839 
1 0.562293 0.640263 0.772545 
0.232085 0.0661202 0.103493 0.145464 
loop 26
0.127266 0 0.0161031 0.0558479 
0.176294 0.0258284 0.0539637 0.0978349 
1 0.558181 0.636866 0.770433 
0.209116 0.0523476 0.0795114 0.132905 
loop 27
0.135678 0 0.0254323 0.0648455 
0.192925 0.0431773 0.0711699 0.114858 
1 0.562264 0.640196 0.772536 
0.224853 0.0687504 0.0957563 0.137978 
loop 28
0.135601 0 0.025444 0.064841 
0.175798 0.0371921 0.0652872 0.109107 
1 0.562311 0.64024 0.772587 
0.234297 0.0676387 0.0944802 0.147377 
loop 29
0.1272 0 0.0161011 0.0558375 
0.177223 0.0264573 0.0546571 0.0986387 
1 0.558233 0.636888 0.770418 
0.225412 0.0575001 0.0952681 0.137823 
loop 30
0.135601 0 0.0254182 0.0648094 
0.182722 0.0443439 0.0724132 0.105186 
1 0.562273 0.64024 0.772537 
0.225549 0.0595189 0.0968325 0.138884 
loop 31
0.135668 0 0.0254527 0.0648686 
0.192975 0.043397 0.0713844 0.115005 
1 0.562177 0.640155 0.772452 
0.230252 0.0749399 0.101847 0.15479 
