loop 0
0.992615 0.392104 0.507026 0.679409 
1 0.369309 0.485589 0.66992 
0.450904 0 0.0930589 0.217488 
0.450904 0 0.0930589 0.217488 
loop 16
0.924709 0.336748 0.454743 0.642293 
1 0.355656 0.47622 0.664165 
0.458968 0 0.0780011 0.220162 
0.458968 0 0.0780011 0.220162 
loop 17
1 0.415052 0.522961 0.696248 
0.971096 0.345934 0.454311 0.666729 
0.412891 0 0.108371 0.198005 
0.412891 0 0.108371 0.198005 
loop 18
1 0.438605 0.550645 0.687422 
0.965793 0.366819 0.478924 0.653777 
0.465391 0 0.110906 0.243116 
0.465391 0 0.110906 0.243116 
loop 19
1 0.432358 0.537236 0.705378 
0.935426 0.370584 0.476207 0.641116 
0.400208 0 0.105014 0.191885 
0.400208 0 0.105014 0.191885 
loop 20
1 0.382981 0.497174 0.679492 
0.954888 0.336593 0.452195 0.632737 
0.44313 0 0.0752677 0.212454 
0.44313 0 0.0752677 0.212454 
loop 21
1 0.397828 0.50905 0.687361 
0.96121 0.359269 0.4718 0.6477 
0.427697 0 0.072745 0.205069 
0.427697 0 0.072745 0.205069 
loop 22
1 0.431928 0.536742 0.705335 
0.896782 0.33775 0.442285 0.605475 
0.43687 0 0.104047 0.228226 
0.43687 0 0.104047 0.228226 
loop 23
1 0.431794 0.536698 0.70514 
0.897027 0.336628 0.441489 0.605008 
0.398939 0 0.104661 0.191388 
0.398939 0 0.104661 0.191388 
loop 24
1 0.444834 0.547269 0.711868 
0.857212 0.304931 0.40831 0.569455 
0.393939 0 0.0669604 0.188981 
0.393939 0 0.0669604 0.188981 
loop 25
1 0.364503 0.482198 0.669773 
0.992337 0.35145 0.471312 0.658413 
0.455901 0 0.0776104 0.218636 
0.455901 0 0.0776104 0.218636 
loop 26
1 0.43222 0.545406 0.727636 
0.89565 0.29457 0.40696 0.582347 
0.429877 0 0.073099 0.206168 
0.429877 0 0.073099 0.206168 
loop 27
1 0.428279 0.53372 0.703398 
0.908646 0.302915 0.407994 0.571844 
0.402546 0 0.0684191 0.193021 
0.402546 0 0.0684191 0.193021 
loop 28
1 0.457656 0.557685 0.718677 
0.890626 0.314332 0.414267 0.610143 
0.383031 0 0.065153 0.183729 
0.383031 0 0.065153 0.183729 
loop 29
0.93052 0.319792 0.432791 0.613136 
1 0.380332 0.496235 0.677295 
0.437691 0 0.0743976 0.209915 
0.437691 0 0.0743976 0.209915 
loop 30
1 0.426605 0.532299 0.7025 
0.901724 0.337488 0.443052 0.60763 
0.401931 0 0.0683863 0.192686 
0.401931 0 0.0683863 0.192686 
loop 31
1 0.441827 0.544745 0.710485 
0.881447 0.329872 0.433072 0.594011 
0.392803 0 0.0668384 0.188392 
0.392803 0 0.0668384 0.188392 
