loop 0
0.0544214 0.0368156 0.0401849 0.0452388
0.0546379 0.0361473 0.0395564 0.0449606
0.0385395 0.0253199 0.0280482 0.0316962
0.0385395 0.0253199 0.0280482 0.0316962
loop 16
	0.0521693	0.0354835	0.0388321	0.0441546
	0.054306	0.0360201	0.0394416	0.0447753
	0.038952	0.0259269	0.0281405	0.0321749
	0.038952	0.0259269	0.0281405	0.0321749
loop 17
	0.0563131	0.0379654	0.0413501	0.0467855
	0.0554065	0.0357974	0.0391968	0.0458596
	0.0378976	0.0249467	0.0283459	0.0311574
	0.0378976	0.0249467	0.0283459	0.0311574
loop 18
	0.05552	0.0383449	0.0417726	0.0459571
	0.0544735	0.0361487	0.0395784	0.0449278
	0.0391644	0.0249264	0.0283194	0.0323642
	0.0391644	0.0249264	0.0283194	0.0323642
loop 19
	0.0572885	0.0389205	0.0423142	0.047755
	0.055199	0.0369216	0.0403394	0.0456756
	0.0378802	0.0249301	0.0283282	0.0311392
	0.0378802	0.0249301	0.0283282	0.0311392
loop 20
	0.0553024	0.03717	0.0405258	0.0458836
	0.0539767	0.0358068	0.039204	0.0445096
	0.0389376	0.0259153	0.0281272	0.0321587
	0.0389376	0.0259153	0.0281272	0.0321587
loop 21
	0.0553088	0.0370512	0.0404234	0.0458297
	0.0541327	0.0358821	0.039294	0.0446272
	0.0379568	0.0249892	0.0271948	0.0312068
	0.0379568	0.0249892	0.0271948	0.0312068
loop 22
	0.0574835	0.0389782	0.0423926	0.0478846
	0.0541211	0.0359103	0.0393156	0.0446316
	0.0391392	0.0249079	0.0282973	0.0323425
	0.0391392	0.0249079	0.0282973	0.0323425
loop 23
	0.0573826	0.0389397	0.0423447	0.047812
	0.0540403	0.0358508	0.0392544	0.0445619
	0.0378733	0.0249245	0.0283216	0.0311366
	0.0378733	0.0249245	0.0283216	0.0311366
loop 24
	0.0589811	0.0406241	0.0440112	0.0494538
	0.0542597	0.0359981	0.0394164	0.0447448
	0.0389412	0.0259153	0.0281294	0.0321641
	0.0389412	0.0259153	0.0281294	0.0321641
loop 25
	0.0534419	0.0353556	0.0387052	0.0440436
	0.0532238	0.0349841	0.0383954	0.0437203
	0.0379568	0.0249818	0.0271906	0.0312042
	0.0379568	0.0249818	0.0271906	0.0312042
loop 26
	0.0562409	0.0390589	0.0424841	0.0479987
	0.0530831	0.0348934	0.0382945	0.043602
	0.038988	0.0259792	0.0281913	0.0322182
	0.038988	0.0259792	0.0281913	0.0322182
loop 27
	0.0584118	0.0399004	0.0433144	0.0488083
	0.0554539	0.0358413	0.0392436	0.0445488
	0.0390672	0.0260334	0.0282487	0.0322831
	0.0390672	0.0260334	0.0282487	0.0322831
loop 28
	0.0591081	0.0406651	0.0440667	0.0495414
	0.0553887	0.0357912	0.0391896	0.0458506
	0.0381274	0.025102	0.0273176	0.0313499
	0.0381274	0.025102	0.0273176	0.0313499
loop 29
	0.0534175	0.0353085	0.0386591	0.0440066
	0.0554777	0.0371036	0.0405403	0.045909
	0.0388044	0.0258262	0.0280322	0.0320505
	0.0388044	0.0258262	0.0280322	0.0320505
loop 30
	0.0574768	0.038909	0.0423316	0.0478431
	0.0542944	0.0360232	0.0394416	0.044771
	0.03811	0.0250946	0.0273091	0.0313342
	0.03811	0.0250946	0.0273091	0.0313342
loop 31
	0.058026	0.0395868	0.0429867	0.0484619
	0.0541096	0.0358884	0.0392976	0.0446142
	0.0379673	0.0249911	0.0271991	0.0312146
	0.0379673	0.0249911	0.0271991	0.0312146

work load: ammp.mips equake.mips parser.mips parser.mips
