loop 0
0.612914 0.157335 0.244521 0.375299 
0.662354 0.163188 0.248623 0.401973 
0.379483 0 0.0726254 0.186966 
1 0.357222 0.470862 0.657479 
loop 16
0.719407 0.128897 0.247404 0.435767 
0.870002 0.162964 0.32184 0.500945 
0.549734 0 0.0840476 0.239891 
1 0.23661 0.388146 0.599856 
loop 17
0.718291 0.195898 0.292266 0.447022 
0.738788 0.172124 0.299604 0.443147 
0.403432 0 0.0681901 0.194127 
1 0.324235 0.443011 0.645745 
loop 18
0.885659 0.263195 0.387422 0.539078 
0.903701 0.228834 0.34565 0.575679 
0.513759 0 0.0869705 0.247299 
1 0.278254 0.38644 0.645304 
loop 19
0.747939 0.223518 0.320411 0.47575 
0.6916 0.158337 0.250813 0.394946 
0.404699 0 0.0685447 0.194734 
1 0.338975 0.455 0.653636 
loop 20
0.712696 0.179076 0.277834 0.435509 
0.715521 0.165968 0.261298 0.409673 
0.416995 0 0.0706298 0.200653 
1 0.320724 0.440294 0.643838 
loop 21
0.617785 0.152284 0.238263 0.376103 
0.670144 0.159627 0.241919 0.403815 
0.361438 0 0.0611681 0.173931 
1 0.34871 0.482512 0.658232 
loop 22
0.761989 0.227789 0.326354 0.484894 
0.707155 0.165947 0.259679 0.406048 
0.40897 0 0.0693596 0.196757 
1 0.327549 0.445952 0.647394 
loop 23
0.667128 0.199379 0.285736 0.424398 
0.637673 0.164356 0.246255 0.374247 
0.359233 0 0.0608461 0.172863 
1 0.356933 0.45741 0.662434 
loop 24
0.77453 0.265052 0.359057 0.510111 
0.770808 0.217985 0.307002 0.482435 
0.393234 0 0.0665677 0.189204 
1 0.348894 0.46347 0.658794 
loop 25
0.59845 0.11417 0.20386 0.346801 
0.697846 0.164102 0.284295 0.419273 
0.379119 0 0.0641501 0.182468 
1 0.356475 0.462918 0.679718 
loop 26
0.7649 0.267456 0.366621 0.526276 
0.736802 0.196748 0.290325 0.474262 
0.448666 0 0.107387 0.235575 
1 0.357475 0.47756 0.644471 
loop 27
0.803913 0.243932 0.347207 0.513401 
0.73983 0.172661 0.270782 0.424186 
0.47017 0 0.071824 0.205193 
1 0.310849 0.431594 0.63885 
loop 28
0.900632 0.33348 0.438085 0.606441 
0.849019 0.233306 0.332471 0.527895 
0.476444 0 0.114141 0.250131 
1 0.311588 0.440308 0.659207 
loop 29
0.78913 0.18336 0.295442 0.474323 
0.916368 0.247797 0.398178 0.567618 
0.518325 0 0.124118 0.27208 
1 0.309588 0.446545 0.638324 
loop 30
1 0.328873 0.452582 0.651793 
0.96031 0.239346 0.401376 0.583979 
0.559953 0 0.13427 0.293943 
0.92822 0.205381 0.358157 0.527018 
loop 31
0.953201 0.330232 0.445098 0.630077 
0.916926 0.286767 0.39594 0.610749 
0.523459 0 0.125434 0.274784 
1 0.300319 0.448736 0.656001 
