loop 0
0.898805 0 0.170799 0.439067 
1 0.0436083 0.228148 0.515617 
1 0.0436083 0.228148 0.515617 
1 0.0436083 0.228148 0.515617 
loop 16
0.894298 0 0.113104 0.393337 
1 0.059091 0.250066 0.547679 
1 0.059091 0.250066 0.547679 
1 0.059091 0.250066 0.547679 
loop 17
0.906578 0 0.169452 0.434177 
1 0.114251 0.294623 0.574575 
1 0.114251 0.294623 0.574575 
1 0.114251 0.294623 0.574575 
loop 18
0.98669 0 0.171198 0.505951 
1 0.0269843 0.20915 0.49317 
1 0.0269843 0.20915 0.49317 
1 0.0269843 0.20915 0.49317 
loop 19
0.988137 0 0.184819 0.473076 
1 0.0317937 0.228515 0.534511 
1 0.0317937 0.228515 0.534511 
1 0.0317937 0.228515 0.534511 
loop 20
0.932737 0 0.17445 0.446812 
1 0.0142621 0.198953 0.48658 
1 0.0142621 0.198953 0.48658 
1 0.0142621 0.198953 0.48658 
loop 21
0.868808 0 0.176129 0.450959 
1 0.00720411 0.193255 0.48288 
1 0.00720411 0.193255 0.48288 
1 0.00720411 0.193255 0.48288 
loop 22
0.89374 0 0.167299 0.427987 
1 0.0584406 0.234867 0.509551 
1 0.0584406 0.234867 0.509551 
1 0.0584406 0.234867 0.509551 
loop 23
1 0 0.187164 0.47872 
0.990117 0.015572 0.213408 0.521808 
0.990117 0.015572 0.213408 0.521808 
0.990117 0.015572 0.213408 0.521808 
loop 24
0.872002 0 0.177071 0.452737 
1 0.00689363 0.192833 0.482648 
1 0.00689363 0.192833 0.482648 
1 0.00689363 0.192833 0.482648 
loop 25
0.902714 0 0.168796 0.432065 
1 0.117244 0.29678 0.505775 
1 0.117244 0.29678 0.505775 
1 0.117244 0.29678 0.505775 
loop 26
0.882052 0 0.164933 0.422113 
1 0.0650264 0.240118 0.512969 
1 0.0650264 0.240118 0.512969 
1 0.0650264 0.240118 0.512969 
loop 27
0.992096 0 0.185453 0.474894 
1 0.0290803 0.226294 0.456515 
1 0.0290803 0.226294 0.456515 
1 0.0290803 0.226294 0.456515 
loop 28
0.84095 0 0.170459 0.43632 
1 0.110887 0.223354 0.502235 
1 0.110887 0.223354 0.502235 
1 0.110887 0.223354 0.502235 
loop 29
0.949945 0 0.177681 0.454799 
1 0.0710595 0.259851 0.553305 
1 0.0710595 0.259851 0.553305 
1 0.0710595 0.259851 0.553305 
loop 30
0.870789 0 0.176635 0.382871 
1 0.00753746 0.193465 0.482979 
1 0.00753746 0.193465 0.482979 
1 0.00753746 0.193465 0.482979 
loop 31
0.939828 0 0.17585 0.449928 
1 0.0095116 0.195072 0.483951 
1 0.0095116 0.195072 0.483951 
1 0.0095116 0.195072 0.483951 
