loop 0
0.106409 0 0.021961 0.0513249 
0.249626 0.0943533 0.120929 0.168631 
0.999992 0.577003 0.652294 0.780173 
1 0.577007 0.652302 0.780189 
loop 16
0.105472 0 0.0179249 0.0505939 
0.246959 0.0851805 0.121533 0.162514 
1 0.574201 0.650013 0.778716 
0.999927 0.574201 0.650013 0.778716 
loop 17
0.104046 0 0.0273087 0.0498958 
0.257777 0.097882 0.133853 0.174356 
0.999863 0.577554 0.652769 0.780459 
1 0.577517 0.652729 0.780403 
loop 18
0.114376 0 0.0272564 0.0597488 
0.249761 0.100176 0.126069 0.177055 
1 0.577592 0.652792 0.780495 
0.999863 0.577484 0.652712 0.780342 
loop 19
0.104047 0 0.0273019 0.0498868 
0.244128 0.0940626 0.120086 0.160647 
0.999936 0.577551 0.652791 0.780442 
1 0.577551 0.652791 0.780499 
loop 20
0.105462 0 0.0179132 0.0505626 
0.238771 0.0875398 0.113773 0.154605 
1 0.57418 0.650021 0.778747 
0.999862 0.574107 0.649932 0.778642 
loop 21
0.104215 0 0.0177255 0.0499683 
0.26017 0.099252 0.125191 0.176222 
0.999727 0.577157 0.652401 0.780127 
1 0.577445 0.652699 0.780432 
loop 22
0.114297 0 0.0272215 0.0597099 
0.24637 0.0957979 0.121876 0.162598 
1 0.577685 0.652925 0.780576 
1 0.577685 0.652877 0.780527 
loop 23
0.10401 0 0.0272869 0.0498982 
0.251388 0.101484 0.127422 0.167959 
1 0.577593 0.652791 0.780498 
1 0.577629 0.652791 0.780442 
loop 24
0.105477 0 0.0179286 0.0505993 
0.266663 0.105371 0.131343 0.182527 
1 0.574246 0.650053 0.778737 
0.999862 0.574101 0.649931 0.778583 
loop 25
0.104297 0 0.017755 0.0500176 
0.25861 0.0983777 0.13446 0.174981 
1 0.577412 0.652689 0.780401 
1 0.577412 0.652689 0.780401 
loop 26
0.105407 0 0.0179241 0.0505531 
0.237339 0.0861923 0.112382 0.163861 
0.999862 0.573887 0.64975 0.778527 
1 0.57396 0.649839 0.778576 
loop 27
0.105634 0 0.0179541 0.0506514 
0.245245 0.0932921 0.11958 0.16068 
0.999789 0.573688 0.649549 0.778371 
1 0.573833 0.649711 0.778525 
loop 28
0.104775 0 0.017822 0.0502574 
0.26004 0.0989849 0.124924 0.176042 
1 0.577026 0.652335 0.780233 
1 0.577026 0.652335 0.780185 
loop 29
0.105007 0 0.0178488 0.0503609 
0.254018 0.0923072 0.12868 0.169664 
1 0.574547 0.650298 0.778897 
1 0.574511 0.650258 0.778897 
loop 30
0.104688 0 0.0178121 0.0501877 
0.251631 0.0911921 0.127249 0.167884 
1 0.577015 0.652356 0.780198 
0.999863 0.576979 0.652316 0.780141 
loop 31
0.104308 0 0.0177488 0.050027 
0.256917 0.106985 0.13296 0.184069 
1 0.577343 0.652621 0.780335 
0.999936 0.577307 0.65258 0.780335 
