loop 0
	0.09404	0.110729	0.090825	0.119527	1.31901	0.0969475	0.0825278	0.079369
	0.154074	0.171219	0.144163	0.172807	0.843262	0.150494	0.43962	0.139353
	0.202389	0.235042	0.183238	0.219858	1.55402	0.191119	0.162719	0.156468
	0.201164	0.216972	0.173899	0.218248	1.44805	0.187369	0.157879	0.150791
loop 1
	0.0933701	0.113763	0.0901825	0.118703	1.3238	0.096135	0.0855947	0.0823029
	0.158563	0.174622	0.146133	0.176386	0.775988	0.155201	0.466136	0.134595
	0.202683	0.235329	0.18373	0.220039	1.54822	0.191274	0.162856	0.156791
	0.189704	0.210494	0.167434	0.21173	1.42963	0.180407	0.154616	0.143868
loop 2
	0.0948755	0.111062	0.0913625	0.116251	1.32511	0.0974825	0.0829905	0.0797478
	0.158788	0.175596	0.147403	0.177846	0.795214	0.156395	0.455257	0.138879
	0.202286	0.235552	0.183722	0.220201	1.54895	0.191479	0.163026	0.156876
	0.19661	0.214438	0.171553	0.215727	1.4381	0.184829	0.155288	0.148352
loop 3
	0.0944673	0.110632	0.090845	0.119394	1.31987	0.096815	0.0824213	0.079369
	0.171744	0.179991	0.152085	0.186182	0.798067	0.161381	0.463418	0.141007
	0.202389	0.23535	0.183783	0.220228	1.54798	0.191366	0.162933	0.156839
	0.204104	0.219821	0.176567	0.221404	1.4483	0.186357	0.161024	0.153482
loop 4
	0.105469	0.11681	0.097242	0.125825	1.33296	0.103554	0.0894645	0.0859102
	0.173987	0.187366	0.154665	0.192337	0.859126	0.166326	0.467134	0.14994
	0.202073	0.234395	0.183049	0.223718	1.55353	0.190371	0.162084	0.156304
	0.204565	0.219327	0.176352	0.220852	1.44854	0.190049	0.160634	0.153173
loop 5
	0.0971175	0.113289	0.0935398	0.118282	1.32554	0.0997197	0.0853416	0.0819186
	0.160688	0.174726	0.149128	0.176734	0.815971	0.155101	0.453933	0.138838
	0.213302	0.243664	0.187466	0.228277	1.56442	0.199837	0.167256	0.160902
	0.199075	0.222156	0.179606	0.223962	1.4454	0.188989	0.163782	0.155753
loop 6
	0.0946162	0.110635	0.09088	0.119437	1.31987	0.096875	0.0824717	0.0794156
	0.16268	0.179804	0.151597	0.181673	0.784176	0.160798	0.467861	0.139956
	0.202508	0.235339	0.183435	0.219876	1.54847	0.191147	0.162752	0.156718
	0.211293	0.231992	0.18541	0.233664	1.4595	0.199155	0.17024	0.162069
loop 7
	0.096855	0.113575	0.0935554	0.118382	1.32554	0.0998316	0.0854327	0.0821107
	0.155469	0.171005	0.142586	0.17325	0.800746	0.15143	0.439573	0.133809
	0.203087	0.235785	0.183881	0.220616	1.55451	0.191733	0.163245	0.15701
	0.194365	0.220147	0.177255	0.221998	1.4403	0.186907	0.161568	0.153469
loop 8
	0.104579	0.11931	0.0997622	0.128475	1.33384	0.106312	0.0884727	0.0884425
	0.194286	0.194976	0.165219	0.20069	0.831794	0.176058	0.48452	0.156206
	0.202801	0.235392	0.183594	0.220102	1.54798	0.191253	0.16284	0.1567
	0.195488	0.212424	0.172052	0.213517	1.44054	0.182696	0.157034	0.148954
loop 9
	0.0939463	0.114232	0.0906275	0.119178	1.31879	0.096635	0.0822587	0.0826453
	0.159872	0.173486	0.146339	0.178978	0.844318	0.157111	0.44833	0.141601
	0.201811	0.234448	0.182958	0.223801	1.55353	0.190463	0.162155	0.156219
	0.211926	0.224194	0.183745	0.229919	1.4595	0.195251	0.165962	0.157158
loop 10
	0.0912338	0.111426	0.0915475	0.116224	1.31857	0.0975225	0.0830215	0.0799404
	0.166753	0.180137	0.151262	0.182193	0.800698	0.161156	0.467881	0.142902
	0.203102	0.231229	0.18404	0.220571	1.55427	0.191697	0.163223	0.157107
	0.191236	0.210213	0.170492	0.21149	1.43642	0.180498	0.154723	0.147088
loop 11
	0.0945466	0.110803	0.0911475	0.115837	1.31922	0.0971125	0.082673	0.0795341
	0.156364	0.17239	0.144203	0.17438	0.784368	0.15298	0.458696	0.135961
	0.205335	0.238287	0.186352	0.222953	1.55305	0.194316	0.165954	0.15952
	0.197711	0.215292	0.175017	0.21658	1.44565	0.185827	0.156146	0.151841
loop 12
	0.105358	0.120106	0.096638	0.125119	1.33318	0.102902	0.0889034	0.0854564
	0.159935	0.173641	0.145541	0.179886	0.802443	0.154555	0.449335	0.137661
	0.210745	0.240709	0.188987	0.225393	1.5586	0.196911	0.168677	0.158297
	0.181759	0.202763	0.162931	0.20505	1.42865	0.173585	0.147469	0.142764
loop 13
	0.0934157	0.113547	0.0937791	0.118588	1.31922	0.0998914	0.0854854	0.0821063
	0.195528	0.196611	0.165171	0.206305	0.859045	0.176794	0.481621	0.15791
	0.204517	0.237444	0.185538	0.221958	1.55256	0.193435	0.165201	0.158908
	0.205478	0.219641	0.179437	0.221187	1.45026	0.190637	0.161139	0.152742
loop 14
	0.0947867	0.111507	0.0916025	0.116286	1.31662	0.0976	0.0830834	0.0800567
	0.162733	0.176779	0.146617	0.178731	0.836075	0.156955	0.452799	0.143169
	0.201368	0.234809	0.182799	0.223958	1.55378	0.190625	0.162292	0.156122
	0.195947	0.212742	0.172797	0.214139	1.43981	0.183262	0.153514	0.14967
loop 15
	0.0966625	0.110995	0.09089	0.11542	1.31531	0.0967875	0.0823768	0.0795362
	0.158979	0.170813	0.146445	0.176648	0.772276	0.155469	0.466214	0.134892
	0.202667	0.235658	0.183669	0.220255	1.55427	0.191486	0.163042	0.156937
	0.199462	0.217424	0.177454	0.218429	1.44467	0.187653	0.158166	0.150588
loop 16
	0.0964775	0.113585	0.0933759	0.117918	1.31705	0.0994466	0.0850986	0.0821328
	0.154188	0.173665	0.145386	0.176021	0.803226	0.154307	0.447459	0.13649
	0.205254	0.233939	0.18653	0.223184	1.55329	0.19449	0.166106	0.155708
	0.20972	0.226737	0.183727	0.228442	1.4534	0.19372	0.164691	0.156834
loop 17
	0.104894	0.120371	0.0967588	0.125162	1.33186	0.103012	0.0889918	0.0857109
	0.186832	0.194494	0.162188	0.196574	0.813947	0.17222	0.47684	0.150981
	0.204322	0.238266	0.186158	0.222907	1.55353	0.194215	0.165864	0.159345
	0.197476	0.216818	0.177031	0.218418	1.44687	0.187645	0.158172	0.153617
loop 18
	0.09169	0.111665	0.0882992	0.116937	1.32009	0.0941696	0.0834764	0.0801139
	0.161542	0.176484	0.147951	0.181405	0.854622	0.159356	0.460144	0.142783
	0.205716	0.234703	0.182996	0.219389	1.55329	0.19066	0.162325	0.15631
	0.206723	0.221252	0.178294	0.226978	1.45414	0.192167	0.162897	0.15534
loop 19
	0.094669	0.113888	0.0903875	0.11885	1.32576	0.096425	0.0820941	0.0824885
	0.164244	0.178602	0.149377	0.180718	0.810631	0.159396	0.463829	0.140238
	0.213379	0.239154	0.187633	0.228431	1.56368	0.195388	0.167354	0.161075
	0.192224	0.213082	0.169276	0.214558	1.44079	0.179378	0.153727	0.146121
loop 20
	0.0942585	0.114375	0.0909425	0.119682	1.31987	0.0969825	0.0825607	0.0793542
	0.164432	0.177497	0.149304	0.179392	0.788083	0.158372	0.465824	0.13749
	0.202081	0.235127	0.183359	0.219831	1.54774	0.19102	0.162632	0.156578
	0.19836	0.217512	0.174231	0.219479	1.44176	0.184377	0.158921	0.150857
loop 21
	0.102568	0.117863	0.0944291	0.12295	1.3323	0.100616	0.0865021	0.0832205
	0.163495	0.176789	0.148753	0.179081	0.80753	0.157899	0.449227	0.140515
	0.201455	0.234576	0.182875	0.223847	1.55353	0.190583	0.162254	0.156298
	0.202322	0.218978	0.179547	0.220646	1.45002	0.190057	0.160653	0.152561
loop 22
	0.09667	0.110561	0.09049	0.118807	1.31727	0.09636	0.0820186	0.0826321
	0.190148	0.19474	0.164205	0.200102	0.837391	0.175264	0.485073	0.154181
	0.204825	0.233833	0.186297	0.223138	1.55305	0.194418	0.166044	0.15555
	0.20999	0.227248	0.183771	0.228843	1.45488	0.194231	0.165121	0.156862
loop 23
	0.0950556	0.110982	0.0912975	0.116189	1.32031	0.0974725	0.0829847	0.0795743
	0.16008	0.173519	0.146458	0.175053	0.848508	0.152929	0.443522	0.141834
	0.205724	0.234395	0.182875	0.223801	1.55378	0.190434	0.162128	0.156146
	0.23118	0.240748	0.19748	0.246781	1.4775	0.208624	0.17604	0.167513
loop 24
	0.0971975	0.113728	0.0904225	0.118894	1.32031	0.0963375	0.082007	0.08223
	0.160451	0.177208	0.148702	0.179088	0.78408	0.158012	0.4679	0.136987
	0.204525	0.237714	0.186197	0.222511	1.55353	0.193876	0.165577	0.159376
	0.199416	0.22258	0.175963	0.224017	1.44491	0.189155	0.159904	0.152574
loop 25
	0.102866	0.117252	0.0976886	0.122447	1.3334	0.104102	0.0861635	0.0863664
	0.159123	0.171667	0.147584	0.178032	0.791601	0.156575	0.453954	0.135255
	0.204622	0.233844	0.186623	0.222889	1.55353	0.194237	0.165892	0.155823
	0.192146	0.215844	0.172226	0.217464	1.44201	0.182325	0.156718	0.148992
loop 26
	0.0963	0.11385	0.0901325	0.118573	1.31705	0.0960625	0.0817592	0.0823095
	0.155419	0.172087	0.143739	0.173869	0.79061	0.152665	0.45116	0.13581
	0.211632	0.242439	0.190828	0.231647	1.56319	0.198754	0.170743	0.16032
	0.217018	0.231721	0.188541	0.23307	1.46363	0.198676	0.169817	0.161965
loop 27
	0.093543	0.110423	0.0906375	0.11912	1.32293	0.096565	0.0821968	0.0792315
	0.191031	0.199576	0.167238	0.204825	0.866157	0.17506	0.478805	0.159258
	0.201399	0.234512	0.18295	0.22382	1.55329	0.190434	0.166545	0.156134
	0.20962	0.223494	0.180669	0.229323	1.45414	0.194628	0.165451	0.157617
loop 28
	0.0965725	0.112757	0.0929337	0.121509	1.32511	0.0991319	0.0848353	0.0815408
	0.160723	0.174953	0.149265	0.176949	0.821026	0.155292	0.451106	0.138947
	0.202302	0.235042	0.183594	0.219813	1.54774	0.191034	0.162654	0.15673
	0.206419	0.224439	0.18137	0.226226	1.44879	0.191388	0.162234	0.158069
loop 29
	0.0952045	0.110817	0.091195	0.11597	1.31944	0.0972375	0.0827853	0.0795531
	0.162589	0.179715	0.151493	0.181564	0.780271	0.160694	0.471608	0.139694
	0.202184	0.235371	0.183745	0.220327	1.54798	0.191422	0.162977	0.156846
	0.201927	0.222466	0.178802	0.224601	1.45002	0.189759	0.16041	0.155492
loop 30
	0.102349	0.117063	0.0974554	0.126278	1.33384	0.103891	0.0897649	0.0860302
	0.155486	0.170991	0.142638	0.173263	0.801242	0.151445	0.443869	0.133775
	0.204031	0.23766	0.185794	0.222096	1.55231	0.1935	0.165251	0.159096
	0.220544	0.239659	0.192627	0.241522	1.469	0.203281	0.174642	0.166287
loop 31
	0.0939823	0.113884	0.090585	0.119128	1.32445	0.0965825	0.082218	0.0825459
	0.196563	0.197431	0.167838	0.203373	0.829352	0.178778	0.4876	0.155145
	0.202247	0.231281	0.183881	0.220454	1.55451	0.191634	0.163163	0.157065
	0.20873	0.226048	0.182835	0.227927	1.45414	0.193392	0.168422	0.15973
loop 32
	0.0935502	0.113655	0.0937687	0.118674	1.32533	0.100042	0.085619	0.0820953
	0.160847	0.174254	0.146915	0.179634	0.845142	0.153403	0.448433	0.142073
	0.201772	0.234172	0.186375	0.223368	1.54798	0.190131	0.166281	0.159532
	0.199536	0.218866	0.17588	0.224282	1.44565	0.189469	0.160166	0.15285
loop 33
	0.0973	0.113293	0.0934123	0.118105	1.32554	0.0995169	0.0851634	0.08187
	0.167521	0.177063	0.152238	0.183414	0.804913	0.157984	0.46208	0.143537
	0.214671	0.241889	0.190253	0.231108	1.56294	0.19827	0.170316	0.163717
	0.225374	0.241766	0.194834	0.243352	1.47212	0.205257	0.176759	0.168654
loop 34
	0.103065	0.117777	0.0945994	0.123277	1.33318	0.100816	0.0866819	0.0833011
	0.156752	0.172445	0.144251	0.174387	0.779889	0.153017	0.461914	0.136092
	0.209323	0.239562	0.18787	0.228489	1.55762	0.19555	0.167487	0.161459
	0.21804	0.234134	0.187076	0.236047	1.46188	0.201757	0.172865	0.164353
loop 35
	0.0940904	0.113992	0.09059	0.119257	1.32511	0.0965825	0.08222	0.0826299
	0.16067	0.174086	0.145941	0.17611	0.802742	0.154971	0.450994	0.137926
	0.205335	0.234374	0.182693	0.223497	1.55353	0.190216	0.166348	0.156115
	0.217187	0.231955	0.188605	0.233687	1.46388	0.199137	0.170205	0.161684
loop 36
	0.0915564	0.112018	0.0885033	0.117261	1.31901	0.0944265	0.0799415	0.0804651
	0.194847	0.196044	0.168965	0.205758	0.85363	0.176307	0.48453	0.157804
	0.205084	0.238244	0.18622	0.222917	1.55329	0.194251	0.165898	0.159395
	0.203093	0.2189	0.175905	0.220755	1.44467	0.190123	0.160723	0.152689
loop 37
	0.0939103	0.114135	0.0904425	0.118883	1.31879	0.0963925	0.0820535	0.0824443
	0.163698	0.177481	0.147064	0.179376	0.842018	0.157547	0.449328	0.143403
	0.2005	0.232706	0.180884	0.217392	1.54944	0.188497	0.159993	0.154154
	0.211956	0.229791	0.182658	0.231565	1.45876	0.197034	0.167968	0.15981
loop 38
	0.105486	0.120144	0.0968487	0.125448	1.33406	0.103231	0.0891884	0.0855932
	0.15828	0.174544	0.146083	0.176248	0.772276	0.155097	0.46641	0.13458
	0.203804	0.237422	0.185407	0.222078	1.55256	0.193471	0.165223	0.158784
	0.214312	0.229222	0.185401	0.231262	1.45802	0.196742	0.167699	0.162357
loop 39
	0.096585	0.113543	0.0937088	0.118624	1.32424	0.099946	0.0855259	0.0821925
	0.162769	0.175193	0.147107	0.177571	0.803127	0.156099	0.4493	0.138475
	0.205627	0.23518	0.183177	0.219714	1.55378	0.190999	0.16261	0.156566
	0.216593	0.231918	0.188504	0.233533	1.46363	0.199101	0.17017	0.16181
loop 40
	0.0941936	0.110844	0.09102	0.115771	1.3177	0.09702	0.0825878	0.0795468
	0.186592	0.193572	0.161643	0.195755	0.811014	0.171485	0.47436	0.150828
	0.209848	0.240102	0.188092	0.229199	1.55836	0.196164	0.16803	0.161613
	0.214635	0.228617	0.185635	0.230609	1.45802	0.196062	0.167134	0.158784
loop 41
	0.0940448	0.111221	0.091	0.115514	1.31662	0.0969175	0.0824988	0.0795806
	0.161739	0.177022	0.148138	0.181818	0.852173	0.159714	0.461275	0.142902
	0.207563	0.237238	0.185438	0.221949	1.55811	0.193269	0.165049	0.15879
	0.206683	0.223949	0.181231	0.225484	1.45291	0.19088	0.165827	0.15804
loop 42
	0.0939223	0.113599	0.0937192	0.118447	1.32489	0.0998732	0.0854793	0.0822013
	0.159937	0.173479	0.148153	0.179789	0.806997	0.153928	0.457343	0.138651
	0.207456	0.237	0.185314	0.226371	1.55811	0.193146	0.164942	0.15874
	0.204335	0.225034	0.181508	0.226698	1.45026	0.191989	0.162759	0.154458
loop 43
	0.10222	0.119841	0.0964835	0.125	1.33472	0.102896	0.08891	0.0886525
	0.166747	0.176066	0.148084	0.1822	0.787793	0.157073	0.465281	0.140222
	0.204622	0.234098	0.186452	0.223377	1.55329	0.194656	0.166247	0.155635
	0.21115	0.225798	0.183188	0.231799	1.45876	0.197175	0.168078	0.160157
loop 44
	0.0946378	0.114191	0.09077	0.119358	1.32576	0.096795	0.0824078	0.0826542
	0.159637	0.171763	0.147627	0.178232	0.808434	0.152532	0.443119	0.135164
	0.20561	0.234565	0.183026	0.223811	1.54822	0.190533	0.16221	0.156377
	0.233119	0.243244	0.19636	0.249675	1.48213	0.2114	0.178848	0.169857
loop 45
	0.0952069	0.110699	0.0909475	0.11961	1.31944	0.0970375	0.0826072	0.0794177
	0.190996	0.191102	0.164838	0.200872	0.832251	0.17154	0.48776	0.155026
	0.202667	0.235191	0.183768	0.219831	1.54822	0.191098	0.162703	0.156998
	0.211671	0.229743	0.182835	0.231402	1.45414	0.196813	0.167768	0.159788
loop 46
	0.0959225	0.11642	0.0926658	0.121148	1.32554	0.0987522	0.0845053	0.0846697
	0.156385	0.170234	0.1432	0.175987	0.844921	0.153806	0.443967	0.138496
	0.207837	0.237108	0.185492	0.226315	1.5586	0.193103	0.164908	0.158858
	0.222396	0.234008	0.190692	0.236144	1.46363	0.201757	0.172887	0.16402
loop 47
	0.102017	0.120467	0.0970397	0.125702	1.33362	0.103506	0.0894292	0.0856797
	0.169024	0.182511	0.153994	0.184575	0.792088	0.15947	0.468488	0.142173
	0.211598	0.242304	0.190609	0.231558	1.56343	0.198588	0.170595	0.163973
	0.222021	0.236852	0.189695	0.238559	1.46388	0.204505	0.171652	0.163437
loop 48
	0.09644	0.112913	0.0928921	0.121275	1.3238	0.0989733	0.0846916	0.0816159
	0.162123	0.174827	0.146713	0.176972	0.791699	0.155644	0.456713	0.138434
	0.202976	0.235499	0.183889	0.220174	1.54847	0.191408	0.162971	0.157131
	0.223113	0.236227	0.189723	0.2383	1.47262	0.203968	0.175233	0.163301
loop 49
	0.0937134	0.113898	0.0902425	0.118645	1.32424	0.096165	0.0856251	0.0824244
	0.157425	0.170551	0.146352	0.176565	0.794881	0.155436	0.451123	0.134721
	0.204679	0.238395	0.186692	0.223046	1.55305	0.194331	0.165971	0.155915
	0.206566	0.224147	0.181378	0.225686	1.45464	0.190973	0.165915	0.154582
loop 50
	0.0938239	0.11409	0.0903975	0.11875	1.31857	0.0963	0.081976	0.0825194
	0.19061	0.194967	0.167149	0.20459	0.865632	0.174854	0.477187	0.159308
	0.207348	0.237206	0.185477	0.22623	1.55836	0.193139	0.164936	0.158977
	0.212099	0.226464	0.182596	0.228224	1.45901	0.193634	0.164597	0.15955
loop 51
	0.103197	0.116985	0.0975425	0.12627	1.33362	0.10393	0.0898069	0.0861119
	0.162265	0.172134	0.146366	0.178374	0.826299	0.156587	0.45273	0.13974
	0.208309	0.237887	0.185817	0.222502	1.55329	0.193876	0.165572	0.159039
	0.20686	0.227687	0.183921	0.230056	1.45587	0.19539	0.16611	0.15694
loop 52
	0.0936798	0.11377	0.09034	0.118908	1.32424	0.096325	0.0819954	0.0822786
	0.163459	0.176189	0.148061	0.182215	0.780844	0.157067	0.471727	0.140307
	0.205076	0.234438	0.182791	0.223709	1.55353	0.190385	0.166494	0.156067
	0.207575	0.224987	0.181456	0.227001	1.45488	0.19215	0.16289	0.158146
loop 53
	0.0913674	0.111099	0.091325	0.116081	1.31835	0.097405	0.0829266	0.0797288
	0.151813	0.16726	0.14299	0.173696	0.802234	0.151813	0.43975	0.134089
	0.201415	0.234321	0.182504	0.223516	1.55329	0.190244	0.166376	0.155848
	0.207644	0.221538	0.178108	0.223179	1.44977	0.192438	0.163126	0.155099
loop 54
	0.0965425	0.113119	0.0932146	0.121733	1.32445	0.0992802	0.0849589	0.0817882
	0.18972	0.194082	0.16478	0.200052	0.827724	0.175395	0.48272	0.152228
	0.211589	0.242327	0.190204	0.231568	1.56319	0.198641	0.170637	0.163723
	0.216912	0.231302	0.18773	0.233497	1.46462	0.19911	0.170177	0.161137
loop 55
	0.0939631	0.11426	0.09067	0.119185	1.32424	0.09665	0.0822684	0.0826519
	0.1614	0.174962	0.147438	0.180283	0.847924	0.153967	0.449298	0.142467
	0.208151	0.237682	0.185585	0.222069	1.5528	0.193507	0.165257	0.159002
	0.222143	0.233921	0.190805	0.235768	1.4685	0.201535	0.172699	0.164293
loop 56
	0.100024	0.11761	0.0943047	0.122747	1.3286	0.100543	0.0864576	0.0865993
	0.167852	0.177684	0.152729	0.184071	0.809732	0.158535	0.463487	0.139966
	0.199656	0.232436	0.180529	0.21703	1.54919	0.188173	0.164116	0.153869
	0.221536	0.234033	0.190495	0.23572	1.46825	0.201416	0.172584	0.163876
loop 57
	0.0963175	0.113495	0.0935216	0.118235	1.32315	0.0996599	0.0852768	0.0820666
	0.155722	0.171901	0.14376	0.173782	0.780175	0.152495	0.460915	0.135709
	0.209467	0.239529	0.18768	0.22846	1.55762	0.195528	0.167475	0.161318
	0.229361	0.24215	0.19506	0.243837	1.47287	0.205631	0.177092	0.16863
loop 58
	0.09689	0.113394	0.0934981	0.118213	1.32489	0.0996807	0.0853011	0.0820047
	0.164177	0.173408	0.149338	0.179709	0.802243	0.154363	0.451068	0.137366
	0.206404	0.236914	0.185144	0.226108	1.55787	0.192857	0.164689	0.15859
	0.220787	0.237082	0.189958	0.238966	1.46725	0.20043	0.171731	0.163536
loop 59
	0.0946354	0.110914	0.091095	0.115552	1.31727	0.09703	0.0825994	0.0795341
	0.195373	0.195801	0.164736	0.205518	0.848646	0.176115	0.482551	0.157972
	0.20151	0.235127	0.183223	0.219849	1.55378	0.191027	0.162643	0.156517
	0.220357	0.236942	0.190109	0.238658	1.46625	0.200264	0.171594	0.163392
loop 60
	0.105198	0.12006	0.0966015	0.125024	1.3334	0.102899	0.0889012	0.0854036
	0.160054	0.174031	0.147597	0.180149	0.841707	0.15396	0.446834	0.143675
	0.204606	0.238125	0.186359	0.222898	1.5528	0.194165	0.165825	0.15957
	0.20931	0.227676	0.184001	0.229106	1.45513	0.194542	0.16537	0.157377
loop 61
	0.0971625	0.114194	0.090495	0.119128	1.31857	0.0965175	0.0821561	0.0825393
	0.157633	0.173959	0.145607	0.179935	0.771145	0.154582	0.466292	0.137967
	0.209713	0.239882	0.188282	0.22464	1.55787	0.196194	0.168053	0.161632
	0.236539	0.2435	0.199889	0.249595	1.47674	0.21137	0.178817	0.169825
loop 62
	0.0934421	0.114013	0.0903475	0.118825	1.31879	0.0962625	0.0819393	0.0824178
	0.162455	0.175123	0.147025	0.177447	0.803326	0.156006	0.45269	0.138428
	0.205708	0.234416	0.182625	0.223626	1.55353	0.19035	0.166466	0.156085
	0.219024	0.235049	0.187693	0.237172	1.46363	0.198514	0.169662	0.161077
loop 63
	0.0931996	0.110373	0.0904875	0.118901	1.3164	0.0964175	0.082067	0.0791532
	0.176993	0.185898	0.157947	0.187955	0.803042	0.163368	0.466606	0.146843
	0.2054	0.234438	0.182867	0.223894	1.55353	0.190512	0.162194	0.156158
	0.216816	0.232017	0.185256	0.233925	1.46238	0.199507	0.170515	0.162305
loop 64
	0.101854	0.117089	0.0974077	0.126004	1.33186	0.103762	0.0896456	0.0862319
	0.169237	0.181367	0.152693	0.186223	0.860266	0.164488	0.464266	0.147726
	0.202572	0.234979	0.183238	0.219623	1.55378	0.190865	0.162511	0.156468
	0.243792	0.2514	0.20434	0.253397	1.49164	0.215488	0.183238	0.174485
loop 65
	0.0934973	0.114107	0.09053	0.118937	1.32424	0.0964575	0.0821077	0.0825128
	0.160815	0.174526	0.145061	0.176566	0.811929	0.154893	0.455307	0.139237
	0.207605	0.236827	0.185167	0.226079	1.55885	0.192893	0.164722	0.15854
	0.231264	0.240973	0.194422	0.243071	1.47725	0.208928	0.176312	0.168234
loop 66
	0.0936654	0.113394	0.0934617	0.11813	1.32445	0.0995819	0.0852262	0.0820312
	0.166872	0.179671	0.151568	0.181608	0.788083	0.160758	0.46935	0.139844
	0.20734	0.237271	0.185546	0.226493	1.5586	0.193233	0.165015	0.158908
	0.213303	0.229271	0.185725	0.231285	1.46313	0.196751	0.167706	0.159188
loop 67
	0.09656	0.113362	0.0933733	0.118084	1.32424	0.0995169	0.0851593	0.0819473
	0.1622	0.175003	0.146795	0.177288	0.808334	0.155863	0.442583	0.138278
	0.205764	0.234767	0.183298	0.219587	1.55402	0.190766	0.162407	0.156462
	0.238737	0.246676	0.199583	0.248736	1.48111	0.21057	0.182191	0.169638
loop 68
	0.0937542	0.11047	0.0906225	0.119203	1.32336	0.0966275	0.082249	0.0792759
	0.189997	0.194246	0.163942	0.199746	0.825718	0.174886	0.48636	0.154436
	0.212757	0.243338	0.191589	0.227749	1.56392	0.199458	0.171354	0.161011
	0.228206	0.241184	0.19404	0.24376	1.47287	0.209702	0.176956	0.167632
loop 69
	0.101941	0.12044	0.096933	0.125365	1.33274	0.103234	0.0891928	0.0856941
	0.160414	0.173932	0.146702	0.175245	0.846372	0.153221	0.444069	0.141948
	0.202405	0.235499	0.18373	0.220219	1.55378	0.19138	0.162944	0.156852
	0.237985	0.245375	0.19843	0.251614	1.48549	0.213568	0.181153	0.172286
loop 70
	0.0941096	0.114045	0.0905325	0.119185	1.32183	0.0966325	0.0822684	0.0824708
	0.165917	0.17942	0.150869	0.185743	0.791407	0.160498	0.465475	0.142737
	0.20269	0.23552	0.18351	0.219984	1.54798	0.191295	0.162873	0.156791
	0.216551	0.231931	0.184913	0.233378	1.45876	0.198956	0.17005	0.162357
loop 71
	0.09718	0.113561	0.0938415	0.118591	1.32489	0.100014	0.0855886	0.0822057
	0.162217	0.174523	0.14645	0.17662	0.787212	0.155349	0.459874	0.138231
	0.204598	0.233971	0.186313	0.22311	1.55353	0.194381	0.166011	0.159545
	0.23801	0.249184	0.202066	0.251197	1.48752	0.213109	0.180765	0.172096
loop 72
	0.0936918	0.110854	0.09098	0.115674	1.3177	0.0969575	0.0825336	0.079515
	0.160806	0.174354	0.146105	0.176276	0.798364	0.155157	0.452836	0.134449
	0.205068	0.233791	0.186096	0.222852	1.55305	0.194222	0.165876	0.159408
	0.234135	0.244361	0.19703	0.246079	1.47725	0.207938	0.179498	0.170748
loop 73
	0.105201	0.120025	0.0964442	0.124726	1.33296	0.102734	0.0887576	0.0853531
	0.193827	0.198401	0.166458	0.20361	0.860401	0.178432	0.480674	0.158777
	0.199261	0.231583	0.184048	0.22067	1.54847	0.191874	0.163371	0.157284
	0.221139	0.23451	0.187168	0.236603	1.46925	0.202162	0.173227	0.164505
loop 74
	0.0950868	0.11076	0.0910975	0.119617	1.32424	0.097115	0.0826788	0.0795658
	0.162288	0.176338	0.146334	0.178347	0.826299	0.156561	0.453741	0.139548
	0.201993	0.234798	0.182905	0.22394	1.55353	0.19066	0.162331	0.156286
	0.221459	0.233042	0.190175	0.235188	1.46188	0.200936	0.172172	0.163702
loop 75
	0.0939847	0.110672	0.0910025	0.119794	1.32533	0.097025	0.0825956	0.0793881
	0.166435	0.179545	0.151314	0.181398	0.780366	0.160538	0.470381	0.139726
	0.212342	0.243125	0.191225	0.227913	1.56368	0.199451	0.171342	0.160544
	0.237709	0.249073	0.202233	0.250968	1.4865	0.212976	0.180638	0.172212
loop 76
	0.0941408	0.114017	0.09045	0.118944	1.32074	0.0964275	0.0820922	0.0824178
	0.15194	0.171059	0.14271	0.173355	0.802333	0.151502	0.43975	0.133853
	0.206628	0.23713	0.18512	0.226324	1.5586	0.193088	0.164886	0.158627
	0.228486	0.241753	0.194599	0.243479	1.47237	0.205257	0.176759	0.168242
loop 77
	0.102624	0.120625	0.0973122	0.126008	1.33362	0.103728	0.0896258	0.085891
	0.192148	0.196306	0.163225	0.202459	0.824976	0.173624	0.48084	0.15507
	0.204136	0.238147	0.186197	0.222806	1.5528	0.194085	0.165752	0.159557
	0.226152	0.238542	0.191773	0.240594	1.46675	0.2064	0.17368	0.165234
loop 78
	0.0941552	0.111046	0.09123	0.115963	1.31922	0.0971725	0.0827233	0.0795679
	0.15777	0.175874	0.147988	0.176672	0.845005	0.154708	0.453828	0.142964
	0.207207	0.237335	0.185593	0.221967	1.55836	0.193298	0.165071	0.158989
	0.239176	0.249323	0.19842	0.25121	1.48162	0.21315	0.180797	0.172361
loop 79
	0.094501	0.11433	0.0907925	0.119416	1.31987	0.09685	0.0824504	0.0825989
	0.1647	0.178616	0.149456	0.180718	0.810132	0.159396	0.460062	0.140478
	0.199571	0.231926	0.180322	0.216756	1.54847	0.187911	0.16388	0.15362
	0.237784	0.245608	0.198685	0.251896	1.48676	0.213772	0.18132	0.172535
loop 80
	0.0917499	0.111678	0.0882776	0.116735	1.31792	0.0940496	0.08337	0.0802387
	0.158615	0.174932	0.14674	0.176834	0.779698	0.15565	0.465203	0.134912
	0.199695	0.232415	0.180559	0.21718	1.54871	0.188276	0.159795	0.153757
	0.234208	0.24428	0.19681	0.246235	1.47725	0.208056	0.179599	0.170311
loop 81
	0.0933221	0.113975	0.0903075	0.1188	1.31792	0.096245	0.0819238	0.0824951
	0.163088	0.17663	0.148556	0.178806	0.807329	0.157719	0.451473	0.14052
	0.203126	0.231427	0.184419	0.220905	1.54871	0.192008	0.163481	0.153437
	0.250112	0.259562	0.208692	0.261936	1.49551	0.22416	0.187909	0.17877
loop 82
	0.101759	0.117137	0.0973234	0.125913	1.3323	0.103638	0.0895308	0.0860014
	0.194227	0.199241	0.168244	0.204615	0.848646	0.175328	0.485463	0.157585
	0.214609	0.24581	0.189937	0.230353	1.56245	0.202134	0.169706	0.163605
	0.236723	0.24315	0.19636	0.249384	1.48187	0.21123	0.178693	0.170011
loop 83
	0.0936798	0.114156	0.0907075	0.119329	1.32511	0.0967275	0.0823381	0.082579
	0.161044	0.175133	0.14845	0.176858	0.847151	0.154924	0.449387	0.140284
	0.207282	0.237173	0.185508	0.226362	1.5586	0.193146	0.164942	0.158865
	0.238185	0.242894	0.19587	0.249172	1.4801	0.21084	0.178344	0.169825
loop 84
	0.0943713	0.114024	0.09044	0.118764	1.31879	0.0963675	0.082038	0.0824686
	0.158967	0.170765	0.146379	0.176662	0.771617	0.155458	0.466488	0.134842
	0.210804	0.23687	0.185035	0.225919	1.5586	0.19277	0.164616	0.158596
	0.215999	0.231154	0.187997	0.237051	1.45876	0.198478	0.169619	0.161285
loop 85
	0.0937879	0.114281	0.0907225	0.119297	1.31901	0.0966525	0.0822761	0.0827182
	0.162455	0.175109	0.147003	0.177385	0.799121	0.155973	0.456114	0.138511
	0.204355	0.233812	0.186646	0.223221	1.55305	0.19441	0.166027	0.155756
	0.240262	0.250834	0.203852	0.257148	1.48701	0.219182	0.186869	0.177702
loop 86
	0.102776	0.120755	0.0974302	0.126298	1.3345	0.103958	0.0898268	0.086023
	0.174278	0.182797	0.154874	0.189047	0.798265	0.164329	0.466959	0.143842
	0.207596	0.237195	0.185569	0.226183	1.55256	0.193059	0.164869	0.159133
	0.216413	0.231401	0.188357	0.233367	1.46413	0.199001	0.170078	0.161714
loop 87
	0.0936054	0.110699	0.091105	0.115806	1.31814	0.0970625	0.0826091	0.0794325
	0.173376	0.181532	0.152906	0.186396	0.860266	0.164625	0.46498	0.147819
	0.201732	0.234809	0.182965	0.219425	1.55402	0.190667	0.162336	0.156243
	0.227868	0.238165	0.194393	0.243965	1.47162	0.205679	0.177115	0.167949
loop 88
	0.0937783	0.113634	0.0938311	0.118703	1.32576	0.100024	0.0856069	0.082177
	0.16022	0.174423	0.144949	0.176471	0.81123	0.154829	0.456155	0.139009
	0.202944	0.23125	0.183806	0.220309	1.54847	0.191549	0.163092	0.157101
	0.251166	0.255734	0.208791	0.262224	1.49551	0.220257	0.188206	0.178876
loop 89
	0.0934565	0.113909	0.0902	0.118454	1.32315	0.0960925	0.0817941	0.0822521
	0.163416	0.176254	0.148219	0.182366	0.78876	0.157207	0.469154	0.140366
	0.209848	0.239606	0.187965	0.228863	1.5586	0.195876	0.167781	0.161389
	0.225637	0.239815	0.192877	0.242049	1.47312	0.203488	0.17479	0.16631
loop 90
	0.105026	0.119871	0.0964639	0.124781	1.33362	0.102694	0.0887223	0.0852955
	0.154549	0.17009	0.141798	0.172279	0.804939	0.150595	0.443691	0.133138
	0.207265	0.236589	0.18886	0.225816	1.5586	0.197288	0.164582	0.158122
	0.23506	0.246922	0.19608	0.249	1.4801	0.21069	0.178236	0.169816
loop 91
	0.0916623	0.111049	0.0913425	0.116151	1.32074	0.0973775	0.0829092	0.079697
	0.195102	0.196177	0.166125	0.201833	0.82861	0.177108	0.48568	0.156836
	0.206561	0.236741	0.189074	0.225722	1.5586	0.19717	0.168896	0.158415
	0.221591	0.233833	0.19072	0.235599	1.46413	0.201314	0.172497	0.163839
loop 92
	0.0969625	0.114243	0.0905725	0.11907	1.31879	0.096495	0.0821348	0.0825592
	0.159445	0.173184	0.146101	0.178827	0.847409	0.156883	0.448018	0.141445
	0.210424	0.240731	0.188591	0.225346	1.55811	0.196785	0.168561	0.157916
	0.232901	0.247237	0.199736	0.249397	1.48289	0.21128	0.178747	0.173421
loop 93
	0.09688	0.113404	0.0934929	0.118213	1.32467	0.0996547	0.0852829	0.0819495
	0.166036	0.179272	0.15065	0.18558	0.796292	0.160371	0.470605	0.14248
	0.210187	0.237108	0.184834	0.226032	1.55811	0.192886	0.164706	0.158509
	0.235035	0.246525	0.199613	0.248498	1.4801	0.21037	0.18204	0.169663
loop 94
	6.50983	3.92572	3.27955	3.9937	5.27573	3.35635	2.82141	2.71019
	0.156133	0.172308	0.144144	0.174333	0.788373	0.15291	0.459912	0.13583
	0.207861	0.237692	0.185856	0.222115	1.5586	0.193587	0.165319	0.159401
	0.240198	0.248154	0.201193	0.25441	1.48111	0.216382	0.184	0.175044
loop 95
	4.1492	2.67521	2.19437	2.70583	4.20675	2.2823	1.93151	1.82898
	0.160498	0.17393	0.145749	0.175856	0.797967	0.154785	0.453544	0.137941
	0.204306	0.237671	0.185895	0.222336	1.55256	0.193673	0.165397	0.159252
	0.250824	0.256598	0.205374	0.258651	1.49474	0.220819	0.188679	0.179592
loop 96
	0.139996	0.172115	0.132029	0.165187	1.40762	0.138742	0.118096	0.112977
	0.193554	0.198191	0.166355	0.203334	0.860401	0.178202	0.479343	0.158771
	0.20912	0.23954	0.187799	0.2287	1.56417	0.195757	0.167672	0.161408
	0.253932	0.259607	0.208439	0.262037	1.49525	0.220095	0.188062	0.178673
loop 97
	0.127901	0.158926	0.122479	0.158687	1.39027	0.132657	0.111538	0.106753
	0.162242	0.176414	0.146404	0.178462	0.831181	0.156678	0.45037	0.139351
	0.203047	0.231281	0.183859	0.220291	1.54847	0.191521	0.163075	0.157156
	0.248156	0.253339	0.206791	0.255547	1.48909	0.217686	0.185544	0.176881
loop 98
	0.146134	0.172992	0.132646	0.168986	1.40844	0.143573	0.12312	0.117427
	0.157777	0.174128	0.145788	0.180041	0.771805	0.154719	0.46641	0.138081
	0.204525	0.23819	0.186189	0.222732	1.5528	0.194129	0.165791	0.155604
	0.24296	0.251528	0.200641	0.253849	1.48523	0.215852	0.18353	0.174502
loop 99
	0.133645	0.161492	0.125237	0.157641	1.39316	0.131596	0.114608	0.105838
	0.157382	0.172935	0.144554	0.175254	0.807036	0.153624	0.443155	0.135815
	0.20923	0.239628	0.187847	0.228681	1.55738	0.195639	0.167568	0.161466
	0.24576	0.251089	0.203884	0.253219	1.49088	0.215394	0.183133	0.177832

work load:parser,swim,twolf,vpr
