loop 0
	1.60247	2.33963	1.86063	1.1584	4.66377	1.00892	0.871791	1.60779
	0.615153	0.561124	0.460073	0.5684	1.95067	0.489881	0.414936	0.392828
	1.60257	2.33963	1.86022	1.15856	4.66315	1.009	0.871857	1.60815
	0.251181	0.281799	0.23042	0.282973	1.55463	0.243358	0.205589	0.196133
loop 1
	1.60257	2.33944	1.86022	1.15856	4.66377	1.009	0.871857	1.60815
	0.600858	0.552684	0.451789	0.55916	1.928	0.480964	0.406187	0.38431
	1.60247	2.33963	1.86049	1.1584	4.66377	1.00887	0.871791	1.60779
	0.2558	0.291367	0.234874	0.28775	1.55798	0.248461	0.210715	0.19703
loop 2
	1.61182	2.33889	1.85953	1.15777	4.66315	1.00828	0.880861	1.60767
	0.61505	0.569816	0.463409	0.576549	1.94646	0.492907	0.418107	0.395872
	1.61202	2.33889	1.85967	1.15793	4.66315	1.00845	0.880995	1.60767
	0.261638	0.293469	0.237069	0.28988	1.55849	0.250658	0.21318	0.203235
loop 3
	1.61192	2.33889	1.85967	1.15793	4.66315	1.00845	0.880962	1.60767
	0.623903	0.57009	0.469146	0.581695	1.95577	0.498541	0.423953	0.396566
	1.61182	2.33889	1.85953	1.15772	4.66315	1.00828	0.880828	1.60767
	0.259501	0.291301	0.234987	0.288109	1.55952	0.248619	0.210696	0.20105
loop 4
	1.61202	2.33889	1.85981	1.15788	4.66254	1.00841	0.880928	1.60779
	0.579328	0.534932	0.437724	0.54151	1.92604	0.462079	0.391377	0.373715
	1.61192	2.33889	1.85967	1.15793	4.66315	1.00841	0.880962	1.60767
	0.268323	0.298647	0.242123	0.299538	1.56774	0.255993	0.21852	0.204532
loop 5
	1.60257	2.33908	1.86063	1.15846	4.66377	1.00892	0.871791	1.60779
	0.661543	0.597947	0.4943	0.605454	2.00017	0.522253	0.442938	0.41788
	1.60267	2.33963	1.86036	1.15856	4.66315	1.009	0.87189	1.60827
	0.256203	0.284838	0.229017	0.28564	1.55285	0.241713	0.208438	0.195307
loop 6
	1.60267	2.33963	1.86022	1.15856	4.66315	1.009	0.871857	1.60815
	0.718733	0.643623	0.529982	0.656183	2.05134	0.562432	0.478284	0.450671
	1.60257	2.33908	1.86063	1.15846	4.66377	1.00892	0.871791	1.60779
	0.25395	0.285725	0.230106	0.282837	1.55336	0.243171	0.2054	0.195826
loop 7
	1.60247	2.33944	1.86049	1.1584	4.66377	1.00887	0.871757	1.60767
	0.692613	0.621892	0.513167	0.633802	2.03016	0.539919	0.460814	0.433984
	1.60257	2.33963	1.86022	1.15856	4.66315	1.009	0.871857	1.60815
	0.252992	0.288637	0.232768	0.285655	1.55824	0.246079	0.208401	0.198637
loop 8
	1.61202	2.33889	1.85967	1.15793	4.66315	1.00845	0.880995	1.60767
	0.83621	0.730824	0.605541	0.745002	2.14344	0.635113	0.541692	0.507832
	1.60247	2.33944	1.86049	1.1584	4.66377	1.00887	0.871724	1.60815
	0.253222	0.288784	0.232596	0.285671	1.56414	0.246127	0.208429	0.198549
loop 9
	1.61182	2.33889	1.85953	1.15772	4.66315	1.00828	0.880828	1.60767
	0.832274	0.734413	0.604794	0.748602	2.14417	0.638926	0.540209	0.51226
	1.61202	2.33889	1.85967	1.15793	4.66315	1.00845	0.880995	1.60767
	0.259316	0.291101	0.234811	0.287828	1.55798	0.248437	0.210865	0.20094
loop 10
	1.61192	2.33889	1.85967	1.15793	4.66315	1.00841	0.880962	1.60731
	0.828982	0.731838	0.602002	0.740325	2.13438	0.636004	0.537225	0.509062
	1.61182	2.33889	1.85953	1.15772	4.66315	1.00828	0.880828	1.60767
	0.25684	0.284451	0.232818	0.285947	1.55875	0.24176	0.208512	0.194808
loop 11
	1.60267	2.33963	1.86036	1.15856	4.66315	1.009	0.87189	1.60827
	0.846803	0.741976	0.61124	0.755976	2.15653	0.646211	0.547544	0.518756
	1.61202	2.33853	1.85967	1.15793	4.66315	1.00845	0.880962	1.60743
	0.266366	0.296834	0.23689	0.294016	1.56903	0.250104	0.212911	0.203061
loop 12
	1.60247	2.33963	1.86063	1.15846	4.66377	1.00892	0.871791	1.60779
	0.853663	0.742183	0.610751	0.751034	2.15884	0.646749	0.547964	0.51845
	1.60267	2.33963	1.86036	1.15856	4.66315	1.009	0.87189	1.60815
	0.261221	0.292928	0.236648	0.290007	1.559	0.250375	0.212911	0.203122
loop 13
	1.60257	2.33963	1.86022	1.15856	4.66315	1.009	0.871857	1.60815
	0.84613	0.735162	0.6041	0.744666	2.16069	0.640249	0.541239	0.51166
	1.60247	2.33963	1.86063	1.15846	4.66377	1.00892	0.871791	1.60779
	0.2708	0.305535	0.250097	0.305984	1.55664	0.263075	0.226552	0.212585
loop 14
	1.61182	2.33889	1.85994	1.15777	4.66315	1.00832	0.880861	1.60767
	0.847896	0.741838	0.611511	0.755839	2.1498	0.646103	0.547544	0.514322
	1.60257	2.33963	1.86022	1.15851	4.66315	1.00896	0.871857	1.60815
	0.267739	0.302644	0.247276	0.302446	1.55355	0.259903	0.223341	0.209817
loop 15
	1.61202	2.33889	1.85967	1.15793	4.66315	1.00845	0.880995	1.60767
	0.861594	0.748599	0.618133	0.763241	2.17046	0.653403	0.554852	0.520424
	1.61182	2.33889	1.85967	1.15777	4.66315	1.00832	0.880861	1.60767
	0.266907	0.296715	0.245362	0.300987	1.54949	0.258245	0.217047	0.207451
loop 16
	1.61182	2.33889	1.85953	1.15772	4.66315	1.00828	0.880828	1.60755
	0.848927	0.740454	0.611294	0.755221	2.1581	0.645565	0.546997	0.518362
	1.61192	2.33889	1.85967	1.15793	4.66315	1.00845	0.880962	1.60767
	0.266538	0.300691	0.245444	0.300541	1.55129	0.258007	0.221095	0.207678
loop 17
	1.60257	2.33908	1.86022	1.15851	4.66377	1.00896	0.871824	1.60779
	0.852384	0.739209	0.608471	0.753505	2.14843	0.644058	0.545611	0.516615
	1.61182	2.33889	1.85953	1.15772	4.66254	1.00828	0.880828	1.60767
	0.269381	0.299506	0.244171	0.303735	1.54949	0.256618	0.219899	0.2106
loop 18
	1.60267	2.33963	1.86022	1.15856	4.66315	1.009	0.871857	1.60815
	0.891423	0.76997	0.632786	0.779506	2.20089	0.663918	0.565538	0.530953
	1.60257	2.33908	1.86022	1.15846	4.66377	1.00896	0.871824	1.60779
	0.268114	0.302663	0.247276	0.302446	1.55509	0.259862	0.222948	0.209629
loop 19
	1.60247	2.33963	1.86063	1.1584	4.66377	1.00892	0.871791	1.60779
	0.866595	0.753976	0.618133	0.763102	2.17795	0.653294	0.554766	0.525526
	1.60257	2.33963	1.86022	1.15856	4.66315	1.009	0.871857	1.60815
	0.272381	0.30026	0.244924	0.304432	1.55638	0.257464	0.220502	0.207202
loop 20
	1.60257	2.33944	1.86022	1.15856	4.66377	1.009	0.871857	1.60815
	0.842643	0.738609	0.608157	0.747453	2.16446	0.63771	0.544504	0.510974
	1.60247	2.33963	1.86049	1.1584	4.66377	1.00887	0.871791	1.60779
	0.268963	0.299506	0.244239	0.303247	1.54949	0.256591	0.219753	0.210666
loop 21
	1.61182	2.33889	1.85953	1.15777	4.66315	1.00828	0.880861	1.60767
	0.863636	0.750933	0.62101	0.765663	2.17235	0.650501	0.552324	0.52379
	1.61202	2.33889	1.85967	1.15793	4.66315	1.00845	0.880995	1.60767
	0.270756	0.305461	0.250055	0.309454	1.55941	0.262678	0.22228	0.212563
loop 22
	1.61192	2.33889	1.85967	1.15793	4.66315	1.00845	0.880962	1.60767
	0.862545	0.742183	0.610643	0.757143	2.1851	0.647126	0.548342	0.513847
	1.61182	2.33889	1.85953	1.15772	4.66315	1.00828	0.880828	1.60767
	0.262815	0.297317	0.241737	0.301484	1.54518	0.254397	0.217985	0.207981
loop 23
	1.61202	2.33889	1.85981	1.15788	4.66254	1.00841	0.880928	1.60779
	0.877062	0.764136	0.626902	0.773151	2.19336	0.663117	0.564402	0.52962
	1.61192	2.33889	1.85967	1.15793	4.66315	1.00841	0.880962	1.60767
	0.269093	0.303373	0.247583	0.3033	1.55001	0.260522	0.219826	0.20985
loop 24
	1.60257	2.33908	1.86063	1.15846	4.66377	1.00892	0.871791	1.60779
	0.859005	0.747141	0.610154	0.756388	2.18172	0.646534	0.547838	0.518668
	1.60267	2.33963	1.86036	1.15856	4.66315	1.009	0.87189	1.60827
	0.271107	0.305924	0.246204	0.305542	1.5538	0.263116	0.222651	0.212754
loop 25
	1.60267	2.33963	1.86022	1.15856	4.66315	1.009	0.871857	1.60815
	0.863669	0.747768	0.610914	0.756663	2.18359	0.646642	0.553323	0.519149
	1.60257	2.33908	1.86063	1.15846	4.66377	1.00892	0.871791	1.60779
	0.26583	0.299937	0.244814	0.30438	1.55052	0.2572	0.220929	0.207072
loop 26
	1.60247	2.33944	1.86049	1.1584	4.66377	1.00887	0.871757	1.60767
	0.885338	0.767316	0.629655	0.781732	2.21256	0.665996	0.567435	0.532768
	1.60257	2.33963	1.86022	1.15856	4.66315	1.009	0.871857	1.60815
	0.264839	0.299704	0.244677	0.299734	1.54846	0.257226	0.220658	0.206856
loop 27
	1.61202	2.33889	1.85967	1.15793	4.66315	1.00845	0.880995	1.60767
	0.916383	0.793068	0.659685	0.807297	2.2277	0.691927	0.588192	0.551791
	1.60247	2.33944	1.86049	1.1584	4.66377	1.00887	0.871724	1.60815
	0.279459	0.311465	0.251784	0.311374	1.56346	0.268988	0.228284	0.214474
loop 28
	1.61182	2.33889	1.85953	1.15772	4.66315	1.00828	0.880828	1.60767
	0.899089	0.775978	0.63815	0.790455	2.23076	0.674428	0.575912	0.540786
	1.61202	2.33889	1.85967	1.15793	4.66315	1.00845	0.880995	1.60767
	0.26807	0.302663	0.247583	0.303038	1.55561	0.260212	0.223712	0.209905
loop 29
	1.61192	2.33889	1.85967	1.15793	4.66315	1.00841	0.880962	1.60731
	0.810219	0.706321	0.58239	0.7155	2.14548	0.611269	0.523177	0.49483
	1.61182	2.33889	1.85953	1.15772	4.66315	1.00828	0.880828	1.60767
	0.270288	0.305287	0.24871	0.305948	1.56361	0.262473	0.221387	0.211206
loop 30
	1.60267	2.33963	1.86036	1.15856	4.66315	1.009	0.87189	1.60827
	0.911388	0.785214	0.648704	0.800085	2.22414	0.685027	0.581603	0.546146
	1.61202	2.33853	1.85967	1.15793	4.66315	1.00845	0.880962	1.60743
	0.268459	0.303446	0.247973	0.303822	1.55613	0.260831	0.223839	0.210225
loop 31
	1.60247	2.33963	1.86063	1.15846	4.66377	1.00892	0.871791	1.60779
	0.891242	0.777498	0.63982	0.791547	2.2186	0.676109	0.572362	0.538013
	1.60267	2.33963	1.86036	1.15856	4.66315	1.009	0.87189	1.60815
	0.269309	0.29938	0.243883	0.303456	1.54975	0.260777	0.223786	0.210511
loop 32
	1.60257	2.33963	1.86022	1.15856	4.66315	1.009	0.871857	1.60815
	0.928038	0.80472	0.660666	0.81921	2.23787	0.698052	0.594525	0.558155
	1.60247	2.33963	1.86063	1.15846	4.66377	1.00892	0.871791	1.60779
	0.265236	0.300368	0.244568	0.299734	1.55001	0.2572	0.22018	0.206975
loop 33
	1.61182	2.33889	1.85994	1.15777	4.66315	1.00832	0.880861	1.60767
	0.941678	0.806588	0.662009	0.821606	2.25955	0.699928	0.596189	0.559864
	1.60257	2.33963	1.86022	1.15851	4.66315	1.00896	0.871857	1.60815
	0.263178	0.298024	0.242639	0.297947	1.55078	0.255228	0.217893	0.204913
loop 34
	1.61202	2.33889	1.85967	1.15793	4.66315	1.00845	0.880995	1.60767
	0.753693	0.666305	0.545834	0.675056	2.12912	0.580182	0.495947	0.464184
	1.61182	2.33889	1.85967	1.15777	4.66315	1.00832	0.880861	1.60767
	0.263874	0.29859	0.243177	0.298555	1.54646	0.2558	0.218342	0.205358
loop 35
	1.61182	2.33889	1.85953	1.15772	4.66315	1.00828	0.880828	1.60755
	0.912202	0.789601	0.652098	0.804214	2.23826	0.688511	0.584792	0.54914
	1.61192	2.33889	1.85967	1.15793	4.66315	1.00845	0.880962	1.60767
	0.278336	0.310608	0.255032	0.31495	1.56554	0.268124	0.227225	0.217709
loop 36
	1.60257	2.33908	1.86022	1.15851	4.66377	1.00896	0.871824	1.60779
	0.931017	0.795734	0.657334	0.811003	2.25994	0.694785	0.590758	0.554573
	1.61182	2.33889	1.85953	1.15772	4.66254	1.00828	0.880828	1.60767
	0.264097	0.297777	0.24245	0.297305	1.55052	0.254774	0.218057	0.208587
loop 37
	1.60267	2.33963	1.86022	1.15856	4.66315	1.009	0.871857	1.60815
	0.933804	0.802969	0.657274	0.81813	2.28133	0.695738	0.591645	0.555292
	1.60257	2.33908	1.86022	1.15846	4.66377	1.00896	0.871824	1.60779
	0.268589	0.302535	0.247179	0.306391	1.54949	0.259741	0.223245	0.209684
loop 38
	1.60247	2.33963	1.86063	1.1584	4.66377	1.00892	0.871791	1.60779
	0.934808	0.807211	0.662985	0.821838	2.25721	0.700352	0.596616	0.560499
	1.60257	2.33963	1.86022	1.15856	4.66315	1.009	0.871857	1.60815
	0.268834	0.303319	0.24387	0.302969	1.54949	0.26067	0.219909	0.210478
loop 39
	1.60257	2.33944	1.86022	1.15856	4.66377	1.009	0.871857	1.60815
	0.909112	0.791164	0.653972	0.805482	2.23055	0.684791	0.581418	0.546336
	1.60247	2.33963	1.86049	1.1584	4.66377	1.00887	0.871791	1.60779
	0.265859	0.300009	0.244841	0.299974	1.54898	0.257491	0.221168	0.207062
loop 40
	1.61182	2.33889	1.85953	1.15777	4.66315	1.00828	0.880861	1.60767
	0.947698	0.81314	0.665166	0.822468	2.27229	0.706927	0.59793	0.56233
	1.61202	2.33889	1.85967	1.15793	4.66315	1.00845	0.880995	1.60767
	0.272337	0.302207	0.247054	0.306957	1.55509	0.259728	0.223585	0.20942
loop 41
	1.61192	2.33889	1.85967	1.15793	4.66315	1.00845	0.880962	1.60767
	0.960273	0.816694	0.672277	0.826516	2.28878	0.71031	0.600903	0.5644
	1.61182	2.33889	1.85953	1.15772	4.66315	1.00828	0.880828	1.60767
	0.271883	0.302025	0.246692	0.306214	1.54872	0.259297	0.222884	0.209122
loop 42
	1.61202	2.33889	1.85981	1.15788	4.66254	1.00841	0.880928	1.60779
	0.606892	0.579896	0.475781	0.585976	1.88819	0.503267	0.429049	0.402276
	1.61192	2.33889	1.85967	1.15793	4.66315	1.00841	0.880962	1.60767
	0.266368	0.300458	0.245129	0.300489	1.55129	0.257782	0.221262	0.207418
loop 43
	1.60257	2.33908	1.86063	1.15846	4.66377	1.00892	0.871791	1.60779
	0.608108	0.589511	0.483526	0.600499	1.89603	0.512226	0.432825	0.410375
	1.60267	2.33963	1.86036	1.15856	4.66315	1.009	0.87189	1.60827
	0.278967	0.311388	0.251827	0.311575	1.56528	0.264793	0.228262	0.214268
loop 44
	1.60267	2.33963	1.86022	1.15856	4.66315	1.009	0.871857	1.60815
	0.62195	0.595107	0.489498	0.601184	1.90328	0.518424	0.439148	0.412136
	1.60257	2.33908	1.86063	1.15846	4.66377	1.00892	0.871791	1.60779
	0.268402	0.302389	0.247095	0.306833	1.55509	0.259741	0.223054	0.209464
loop 45
	1.60247	2.33944	1.86049	1.1584	4.66377	1.00887	0.871757	1.60767
	0.965431	0.802355	0.669963	0.812818	2.30907	0.696095	0.591831	0.561965
	1.60257	2.33963	1.86022	1.15856	4.66315	1.009	0.871857	1.60815
	0.26566	0.299973	0.244663	0.300215	1.54949	0.257491	0.220367	0.206953
loop 46
	1.61202	2.33889	1.85967	1.15793	4.66315	1.00845	0.880995	1.60767
	0.532207	0.530854	0.436558	0.540951	1.82458	0.462576	0.392384	0.372691
	1.60247	2.33944	1.86049	1.1584	4.66377	1.00887	0.871724	1.60815
	0.271238	0.30587	0.249323	0.302085	1.56335	0.258588	0.22199	0.207948
loop 47
	1.61182	2.33889	1.85953	1.15772	4.66315	1.00828	0.880828	1.60767
	0.543011	0.540497	0.445739	0.550904	1.83769	0.472646	0.397619	0.377647
	1.61202	2.33889	1.85967	1.15793	4.66315	1.00845	0.880995	1.60767
	0.268661	0.302881	0.247221	0.303021	1.55664	0.260199	0.223192	0.209618
loop 48
	1.61192	2.33889	1.85967	1.15793	4.66315	1.00841	0.880962	1.60731
	0.575085	0.564573	0.464409	0.575279	1.86206	0.492095	0.417418	0.391543
	1.61182	2.33889	1.85953	1.15772	4.66315	1.00828	0.880828	1.60767
	0.265547	0.300512	0.244855	0.299974	1.55001	0.257345	0.220367	0.207267
loop 49
	1.60267	2.33963	1.86036	1.15856	4.66315	1.009	0.87189	1.60827
	0.596287	0.572273	0.468051	0.58376	1.88176	0.495653	0.421469	0.395865
	1.61202	2.33853	1.85967	1.15793	4.66315	1.00845	0.880962	1.60743
	0.269107	0.299237	0.243965	0.303178	1.55001	0.260777	0.223797	0.210467
loop 50
	1.60247	2.33963	1.86063	1.15846	4.66377	1.00892	0.871791	1.60779
	0.94834	0.78756	0.652846	0.797307	2.29255	0.680026	0.580676	0.550423
	1.60267	2.33963	1.86036	1.15856	4.66315	1.009	0.87189	1.60815
	0.269395	0.299596	0.244212	0.303857	1.55509	0.256856	0.219795	0.210655
loop 51
	1.60257	2.33963	1.86022	1.15856	4.66315	1.009	0.871857	1.60815
	0.572774	0.556811	0.457709	0.567865	1.85991	0.484448	0.4148	0.388729
	1.60247	2.33963	1.86063	1.15846	4.66377	1.00892	0.871791	1.60779
	0.274372	0.306479	0.246859	0.306267	1.55509	0.259539	0.222513	0.209431
loop 52
	1.61182	2.33889	1.85994	1.15777	4.66315	1.00832	0.880861	1.60767
	0.660384	0.620464	0.513458	0.632386	1.93897	0.538898	0.459981	0.431076
	1.60257	2.33963	1.86022	1.15851	4.66315	1.00896	0.871857	1.60815
	0.269251	0.299704	0.244335	0.303962	1.55078	0.256869	0.219889	0.210677
loop 53
	1.6514	2.35519	1.88709	1.19443	4.68491	1.03731	0.902721	1.6269
	0.955449	0.806355	0.662802	0.816166	2.30476	0.70017	0.596426	0.559474
	1.65649	2.36386	1.88525	1.19106	4.68491	1.03434	0.900106	1.62531
	0.262815	0.297175	0.241777	0.30097	1.54467	0.258469	0.217465	0.208024
loop 54
	1.61202	2.33853	1.85967	1.15793	4.66315	1.00845	0.880962	1.60743
	0.961993	0.818222	0.673063	0.827904	2.295	0.712081	0.60287	0.565817
	1.61182	2.33889	1.85953	1.15772	4.66315	1.00828	0.880828	1.60755
	0.265278	0.29947	0.243979	0.303247	1.54975	0.256605	0.220097	0.2105
loop 55
	1.60267	2.33963	1.86036	1.15856	4.66315	1.009	0.87189	1.60815
	0.92591	0.793455	0.653252	0.803289	2.25117	0.688177	0.58488	0.549441
	1.60257	2.33908	1.86022	1.15851	4.66377	1.00896	0.871824	1.60779
	0.268906	0.302881	0.247722	0.302446	1.55406	0.260078	0.223712	0.210214
loop 56
	1.60247	2.33963	1.86063	1.15846	4.66377	1.00892	0.871791	1.60779
	0.575642	0.560715	0.457255	0.56693	1.86509	0.483825	0.414256	0.388503
	1.60267	2.33963	1.86022	1.15856	4.66315	1.009	0.871857	1.60815
	0.263943	0.298148	0.239134	0.298251	1.5439	0.255527	0.21473	0.205189
loop 57
	1.60257	2.33963	1.86022	1.15851	4.66315	1.00896	0.871857	1.60815
	0.992558	0.829708	0.682668	0.840489	2.33111	0.718	0.614128	0.579713
	1.60247	2.33963	1.86063	1.1584	4.66377	1.00892	0.871791	1.60779
	0.265179	0.299793	0.2448	0.299906	1.54975	0.257134	0.220867	0.206953
loop 58
	1.61182	2.33889	1.85967	1.15777	4.66315	1.00832	0.880861	1.60767
	0.975667	0.831321	0.684446	0.846461	2.32903	0.723881	0.614374	0.576568
	1.60257	2.33944	1.86022	1.15856	4.66377	1.009	0.871857	1.60815
	0.268661	0.302699	0.247067	0.306816	1.55026	0.259795	0.223351	0.209398
loop 59
	1.61192	2.33889	1.85967	1.15793	4.66315	1.00845	0.880962	1.60767
	0.999738	0.846692	0.694727	0.862568	2.34129	0.734192	0.624966	0.586899
	1.61182	2.33889	1.85953	1.15777	4.66315	1.00828	0.880861	1.60767
	0.282078	0.310093	0.254885	0.314654	1.56372	0.26794	0.227402	0.217335
loop 60
	1.61182	2.33889	1.85953	1.15772	4.66254	1.00828	0.880828	1.60767
	0.888218	0.77987	0.642067	0.793225	2.23881	0.682618	0.57825	0.543375
	1.61192	2.33889	1.85967	1.15793	4.66315	1.00845	0.880962	1.60767
	0.262495	0.296715	0.241899	0.301347	1.54975	0.254267	0.217455	0.208197
loop 61
	1.60257	2.33908	1.86022	1.15846	4.66377	1.00896	0.871824	1.60779
	0.805145	0.727478	0.597868	0.740607	2.08456	0.630251	0.536525	0.504511
	1.61202	2.33889	1.85981	1.15788	4.66254	1.00841	0.880928	1.60779
	0.268589	0.302991	0.247541	0.302864	1.54975	0.260401	0.223648	0.209949
loop 62
	1.60257	2.33963	1.86022	1.15856	4.66315	1.009	0.871857	1.60815
	0.822213	0.722779	0.598035	0.736415	2.07777	0.627509	0.534934	0.504861
	1.60257	2.33908	1.86063	1.15846	4.66377	1.00892	0.871791	1.60779
	0.265066	0.299255	0.244349	0.304031	1.54923	0.256777	0.220013	0.210743
loop 63
	1.60247	2.33963	1.86049	1.1584	4.66377	1.00887	0.871791	1.60779
	0.689701	0.643758	0.531628	0.655594	1.99663	0.561151	0.476917	0.448503
	1.60267	2.33963	1.86022	1.15856	4.66315	1.009	0.871857	1.60815
	0.265252	0.299422	0.243459	0.300414	1.5572	0.256918	0.219995	0.205793
loop 64
	1.61202	2.33889	1.85967	1.15793	4.66315	1.00845	0.880995	1.60767
	0.696164	0.651448	0.534	0.663172	1.99663	0.568814	0.484626	0.451135
	1.60247	2.33944	1.86049	1.1584	4.66377	1.00887	0.871757	1.60767
	0.272162	0.306682	0.250862	0.306869	1.55716	0.263938	0.222874	0.213506
loop 65
	1.61182	2.33889	1.85953	1.15772	4.66315	1.00828	0.880828	1.60767
	0.693428	0.652852	0.535223	0.659221	1.99829	0.564812	0.48062	0.451904
	1.61202	2.33889	1.85967	1.15793	4.66315	1.00845	0.880995	1.60767
	0.266807	0.300476	0.245088	0.300249	1.55587	0.257649	0.220617	0.207321
loop 66
	1.61192	2.33889	1.85967	1.15793	4.66315	1.00841	0.880962	1.60767
	0.699495	0.655598	0.537976	0.667512	2.00423	0.567635	0.483599	0.454418
	1.61182	2.33889	1.85953	1.15772	4.66315	1.00828	0.880828	1.60767
	0.268574	0.303027	0.247833	0.302847	1.54923	0.260414	0.223489	0.209993
loop 67
	1.60267	2.33963	1.86036	1.15856	4.66315	1.009	0.87189	1.60827
	0.699743	0.650212	0.537844	0.662058	2.01245	0.567809	0.483702	0.45463
	1.61192	2.33889	1.85967	1.15793	4.66315	1.00841	0.880962	1.60731
	0.279259	0.307399	0.25213	0.311629	1.55941	0.26496	0.228173	0.214726
loop 68
	1.60257	2.33908	1.86063	1.15846	4.66377	1.00892	0.871791	1.60779
	0.704187	0.654975	0.537535	0.667063	2.01312	0.572594	0.483154	0.454453
	1.60267	2.33963	1.86036	1.15856	4.66315	1.009	0.87189	1.60827
	0.26068	0.295093	0.240113	0.295062	1.54492	0.252405	0.215	0.206197
loop 69
	1.60257	2.33963	1.86022	1.15856	4.66315	1.009	0.871857	1.60815
	0.704	0.655088	0.542088	0.66667	2.00851	0.572374	0.488219	0.454029
	1.60247	2.33963	1.86063	1.15846	4.66377	1.00892	0.871791	1.60779
	0.262607	0.296698	0.241845	0.301296	1.55026	0.254163	0.221387	0.207992
loop 70
	1.60247	2.33944	1.86049	1.1584	4.66377	1.00887	0.871724	1.60815
	0.675126	0.638439	0.526122	0.650248	1.98707	0.555402	0.470939	0.44287
	1.60257	2.33963	1.86022	1.15856	4.66315	1.009	0.871857	1.60815
	0.271488	0.305776	0.250168	0.305383	1.55329	0.262897	0.222057	0.212653
loop 71
	1.61202	2.33889	1.85967	1.15793	4.66315	1.00845	0.880995	1.60767
	0.824466	0.730486	0.602372	0.744666	2.09862	0.634641	0.541363	0.509444
	1.61182	2.33889	1.85994	1.15777	4.66315	1.00832	0.880861	1.60767
	0.26617	0.300332	0.245074	0.30006	1.55355	0.257425	0.220742	0.20744
loop 72
	1.61182	2.33889	1.85953	1.15772	4.66315	1.00828	0.880828	1.60767
	0.661716	0.596242	0.489627	0.604614	1.9286	0.517427	0.439457	0.413128
	1.61192	2.33889	1.85967	1.15793	4.66315	1.00845	0.880962	1.60767
	0.269352	0.299452	0.24439	0.303718	1.54872	0.256591	0.220326	0.210699
loop 73
	1.61202	2.33853	1.85967	1.15793	4.66315	1.00845	0.880962	1.60743
	0.721141	0.62736	0.517822	0.637237	1.96585	0.540902	0.459676	0.44044
	1.61182	2.33889	1.85953	1.15772	4.66315	1.00828	0.880828	1.60755
	0.27058	0.305258	0.246009	0.305348	1.552	0.262788	0.222375	0.212574
loop 74
	1.60267	2.33963	1.86036	1.15856	4.66315	1.009	0.87189	1.60815
	0.618028	0.544709	0.444946	0.544901	1.86477	0.468803	0.396834	0.381104
	1.60257	2.33908	1.86022	1.15851	4.66377	1.00896	0.871824	1.60779
	0.267811	0.302152	0.247207	0.302376	1.5538	0.259782	0.219327	0.209585
loop 75
	1.60247	2.33963	1.86063	1.15846	4.66377	1.00892	0.871791	1.60779
	0.83481	0.744632	0.611186	0.7583	2.09755	0.648699	0.550268	0.518275
	1.60267	2.33963	1.86022	1.15856	4.66315	1.009	0.871857	1.60815
	0.27683	0.308337	0.252965	0.308664	1.55993	0.266185	0.225146	0.215207
loop 76
	1.60257	2.33963	1.86022	1.15851	4.66315	1.00896	0.871857	1.60815
	0.813292	0.715773	0.589749	0.724639	2.08485	0.620624	0.52752	0.49661
	1.60247	2.33963	1.86063	1.1584	4.66377	1.00892	0.871791	1.60779
	0.267638	0.30585	0.246399	0.305807	1.55432	0.263376	0.222651	0.212596
loop 77
	1.61182	2.33889	1.85967	1.15777	4.66315	1.00832	0.880861	1.60767
	0.846725	0.740381	0.614089	0.754426	2.09533	0.645225	0.54717	0.515567
	1.60257	2.33944	1.86022	1.15856	4.66377	1.009	0.871857	1.60815
	0.268589	0.302644	0.247374	0.302655	1.55484	0.260185	0.223468	0.20974
loop 78
	1.61192	2.33889	1.85967	1.15793	4.66315	1.00845	0.880962	1.60767
	0.704414	0.651916	0.536124	0.664592	1.99891	0.570522	0.481306	0.452509
	1.61182	2.33889	1.85953	1.15777	4.66315	1.00828	0.880861	1.60767
	0.263052	0.300961	0.241629	0.301193	1.55535	0.258509	0.21724	0.207819
loop 79
	1.61182	2.33889	1.85953	1.15772	4.66254	1.00828	0.880828	1.60767
	0.679603	0.639386	0.523575	0.651631	1.9897	0.557185	0.472944	0.444514
	1.61192	2.33889	1.85967	1.15793	4.66315	1.00845	0.880962	1.60767
	0.26549	0.299291	0.244335	0.303997	1.55026	0.25683	0.220117	0.210666
loop 80
	1.60257	2.33908	1.86022	1.15846	4.66377	1.00896	0.871824	1.60779
	0.697263	0.645238	0.533563	0.657454	2.00283	0.563211	0.479164	0.450296
	1.61202	2.33889	1.85981	1.15788	4.66254	1.00841	0.880928	1.60779
	0.273011	0.303665	0.247861	0.304258	1.56025	0.261208	0.224624	0.210324
loop 81
	1.60257	2.33963	1.86022	1.15856	4.66315	1.009	0.871857	1.60815
	0.78325	0.68832	0.56647	0.696937	2.03499	0.599441	0.506899	0.479251
	1.60257	2.33908	1.86063	1.15846	4.66377	1.00892	0.871791	1.60779
	0.269194	0.303811	0.248098	0.304415	1.55871	0.261154	0.224295	0.210787
loop 82
	1.60247	2.33963	1.86049	1.1584	4.66377	1.00887	0.871791	1.60779
	0.755634	0.659855	0.540694	0.668494	2.00131	0.571017	0.483812	0.462546
	1.60267	2.33963	1.86022	1.15856	4.66315	1.009	0.871857	1.60815
	0.268733	0.303319	0.24387	0.303108	1.54923	0.260616	0.219285	0.210467
loop 83
	1.61202	2.33889	1.85967	1.15793	4.66315	1.00845	0.880995	1.60767
	0.735792	0.644293	0.531373	0.648121	1.98699	0.556156	0.474005	0.449265
	1.60247	2.33944	1.86049	1.1584	4.66377	1.00887	0.871757	1.60767
	0.273538	0.306164	0.24651	0.305949	1.55406	0.263568	0.22228	0.21299
loop 84
	1.61182	2.33889	1.85953	1.15772	4.66315	1.00828	0.880828	1.60767
	0.773948	0.67725	0.557471	0.687061	2.03037	0.589609	0.497435	0.474956
	1.61202	2.33889	1.85967	1.15793	4.66315	1.00845	0.880995	1.60767
	0.266198	0.300691	0.245293	0.30042	1.55052	0.257848	0.220856	0.207494
loop 85
	1.61192	2.33889	1.85967	1.15793	4.66315	1.00841	0.880962	1.60767
	0.584545	0.513863	0.418587	0.509796	1.80884	0.439391	0.37271	0.359788
	1.61182	2.33889	1.85953	1.15772	4.66315	1.00828	0.880828	1.60767
	0.270126	0.304463	0.249276	0.308771	1.5538	0.26198	0.225719	0.211844
loop 86
	1.60267	2.33963	1.86036	1.15856	4.66315	1.009	0.87189	1.60827
	0.585609	0.510589	0.418673	0.510827	1.81895	0.43983	0.372642	0.358841
	1.61192	2.33889	1.85967	1.15793	4.66315	1.00841	0.880962	1.60731
	0.271839	0.302061	0.246552	0.306391	1.54949	0.259432	0.222863	0.213057
loop 87
	1.60257	2.33908	1.86063	1.15846	4.66377	1.00892	0.871791	1.60779
	0.574703	0.507889	0.416891	0.508437	1.80713	0.437627	0.370746	0.357539
	1.60267	2.33963	1.86036	1.15856	4.66315	1.009	0.87189	1.60827
	0.265944	0.300673	0.245266	0.300335	1.54923	0.257795	0.221085	0.207137
loop 88
	1.60257	2.33963	1.86022	1.15856	4.66315	1.009	0.871857	1.60815
	0.584976	0.520372	0.426803	0.520606	1.83303	0.444436	0.381842	0.362908
	1.60247	2.33963	1.86063	1.15846	4.66377	1.00892	0.871791	1.60779
	0.262913	0.297936	0.242692	0.297491	1.5439	0.254995	0.21824	0.204616
loop 89
	1.60247	2.33944	1.86049	1.1584	4.66377	1.00887	0.871724	1.60815
	0.876233	0.726435	0.601897	0.732644	2.06137	0.625752	0.535565	0.512901
	1.60257	2.33963	1.86022	1.15856	4.66315	1.009	0.871857	1.60815
	0.271737	0.301934	0.246803	0.30586	1.55303	0.259149	0.222821	0.209563
loop 90
	1.61202	2.33889	1.85967	1.15793	4.66315	1.00845	0.880995	1.60767
	1.94025	1.48311	1.23505	1.51787	2.86513	1.29234	1.09622	1.03874
	1.61182	2.33889	1.85994	1.15777	4.66315	1.00832	0.880861	1.60767
	0.263693	0.29403	0.238857	0.29815	1.54415	0.255683	0.21463	0.205146
loop 91
	1.61182	2.33889	1.85953	1.15772	4.66315	1.00828	0.880828	1.60767
	1.27511	1.04173	0.867398	1.06322	2.37018	0.909672	0.770789	0.732395
	1.61192	2.33889	1.85967	1.15793	4.66315	1.00845	0.880962	1.60767
	0.274178	0.30622	0.250735	0.305967	1.56019	0.263554	0.222778	0.212877
loop 92
	1.61202	2.33853	1.85967	1.15793	4.66315	1.00845	0.880962	1.60743
	0.728564	0.619654	0.516446	0.633751	1.98895	0.54384	0.463231	0.43578
	1.61182	2.33889	1.85953	1.15772	4.66315	1.00828	0.880828	1.60755
	0.26549	0.299901	0.244568	0.299631	1.54975	0.257054	0.220606	0.210622
loop 93
	1.60267	2.33963	1.86036	1.15856	4.66315	1.009	0.87189	1.60815
	1.27625	1.04887	0.868954	1.06528	2.39718	0.91368	0.771	0.732791
	1.60257	2.33908	1.86022	1.15851	4.66377	1.00896	0.871824	1.60779
	0.273568	0.308187	0.252792	0.307927	1.55406	0.265712	0.22507	0.21531
loop 94
	1.60247	2.33963	1.86063	1.15846	4.66377	1.00892	0.871791	1.60779
	1.81494	1.38317	1.15393	1.41179	2.77479	1.20557	1.02096	0.963003
	1.60267	2.33963	1.86022	1.15856	4.66315	1.009	0.871857	1.60815
	0.269381	0.303537	0.247861	0.303387	1.55026	0.260858	0.22018	0.210114
loop 95
	1.60257	2.33963	1.86022	1.15851	4.66315	1.00896	0.871857	1.60815
	1.11782	0.912146	0.758719	0.927822	2.33104	0.793077	0.678369	0.636415
	1.60247	2.33963	1.86063	1.1584	4.66377	1.00892	0.871791	1.60779
	0.264726	0.303045	0.247666	0.302864	1.55303	0.260279	0.219753	0.209839
loop 96
	1.61182	2.33889	1.85967	1.15777	4.66315	1.00832	0.880861	1.60767
	1.1366	0.930176	0.766	0.945984	2.32664	0.805882	0.685902	0.648974
	1.60257	2.33944	1.86022	1.15856	4.66377	1.009	0.871857	1.60815
	0.268171	0.302517	0.247416	0.302568	1.55432	0.25993	0.219452	0.209806
loop 97
	1.61192	2.33889	1.85967	1.15793	4.66315	1.00845	0.880962	1.60767
	1.08957	0.896406	0.743809	0.9117	2.29052	0.783894	0.663451	0.626112
	1.61182	2.33889	1.85953	1.15777	4.66315	1.00828	0.880861	1.60767
	0.272088	0.306664	0.250862	0.307099	1.55767	0.264088	0.223341	0.213214
loop 98
	1.61182	2.33889	1.85953	1.15772	4.66254	1.00828	0.880828	1.60767
	0.92997	0.743695	0.618587	0.752125	2.25162	0.646705	0.547851	0.530776
	1.61192	2.33889	1.85967	1.15793	4.66315	1.00845	0.880962	1.60767
	0.269654	0.304722	0.244759	0.300781	1.55845	0.257636	0.220835	0.211228
loop 99
	1.60257	2.33908	1.86022	1.15846	4.66377	1.00896	0.871824	1.60779
	0.411953	0.402341	0.326193	0.404167	1.90402	0.346562	0.29961	0.306969
	1.61202	2.33889	1.85981	1.15788	4.66254	1.00841	0.880928	1.60779
	0.275756	0.308206	0.252763	0.312249	1.55993	0.265614	0.228846	0.215321

work load:bzip2,gcc,gzip,mesa
