loop 0
	0.243522	0.278717	0.227542	0.273436	1.58623	0.239071	0.203506	0.196875
	0.202389	0.235042	0.183238	0.219858	1.55402	0.191119	0.162719	0.156468
	0.613099	0.521788	0.444506	0.527206	2.00863	0.45641	0.391737	0.381246
	0.0699344	0.0856557	0.0778835	0.102481	0.997507	0.0811741	0.258668	0.0679981
loop 1
	0.258186	0.286393	0.23536	0.286013	1.5955	0.242532	0.207464	0.200632
	0.202683	0.235329	0.18373	0.220039	1.54822	0.191274	0.162856	0.156791
	0.515719	0.465385	0.397487	0.46131	2.06238	0.403048	0.341424	0.340789
	0.0699696	0.0854516	0.0778896	0.102494	0.997823	0.0811802	0.258891	0.0679998
loop 2
	0.241132	0.276066	0.224914	0.270779	1.58673	0.23628	0.200616	0.194205
	0.202286	0.235552	0.183722	0.220201	1.54895	0.191479	0.163026	0.156876
	0.51321	0.468704	0.399465	0.46469	2.06217	0.40102	0.345156	0.343529
	0.0699536	0.085418	0.0778714	0.102472	0.997823	0.081162	0.258668	0.0679679
loop 3
	0.2411	0.276011	0.224893	0.275554	1.58086	0.23625	0.200585	0.194533
	0.202389	0.23535	0.183783	0.220228	1.54798	0.191366	0.162933	0.156839
	0.432045	0.414785	0.355771	0.405337	1.99495	0.356628	0.304129	0.304629
	0.0699328	0.0853892	0.0778471	0.102434	0.997507	0.0811357	0.258668	0.0679561
loop 4
	0.245383	0.275738	0.224685	0.275281	1.58086	0.23601	0.200376	0.194516
	0.202073	0.234395	0.183049	0.223718	1.55353	0.190371	0.162084	0.156304
	0.379076	0.370408	0.31313	0.360645	1.94857	0.315088	0.271438	0.273129
	0.0706944	0.0859294	0.0748961	0.103005	0.998138	0.0780615	0.255139	0.0683696
loop 5
	0.245491	0.275874	0.224747	0.275424	1.5811	0.23612	0.200477	0.194559
	0.213302	0.243664	0.187466	0.228277	1.56442	0.199837	0.167256	0.160902
	0.438082	0.414353	0.355345	0.410575	2.00114	0.356032	0.30359	0.308312
	0.0699712	0.085442	0.0778896	0.102497	0.997665	0.0811802	0.258616	0.067988
loop 6
	0.245231	0.275546	0.224331	0.275073	1.58086	0.23583	0.200229	0.193902
	0.202508	0.235339	0.183435	0.219876	1.54847	0.191147	0.162752	0.156718
	0.425745	0.388391	0.333952	0.382925	1.98906	0.332827	0.284788	0.28689
	0.06992	0.085394	0.0778329	0.102431	0.997507	0.0811215	0.258582	0.0679544
loop 7
	0.24522	0.275546	0.224435	0.275073	1.58086	0.23582	0.200213	0.19385
	0.203087	0.235785	0.183881	0.220616	1.55451	0.191733	0.163245	0.15701
	0.25925	0.261481	0.231194	0.254965	1.81714	0.220571	0.188248	0.201994
	0.0700416	0.0855212	0.0779706	0.102597	0.997823	0.0812653	0.258908	0.0680603
loop 8
	0.244344	0.274957	0.223925	0.274476	1.58698	0.23529	0.199756	0.193478
	0.202801	0.235392	0.183594	0.220102	1.54798	0.191253	0.16284	0.1567
	0.403091	0.37902	0.325998	0.36879	1.95864	0.323827	0.275346	0.282859
	0.0729537	0.0886875	0.0776466	0.10223	0.997665	0.0809291	0.258702	0.0677863
loop 9
	0.244885	0.275395	0.224289	0.274904	1.58698	0.23565	0.200074	0.193764
	0.201811	0.234448	0.182958	0.223801	1.55353	0.190463	0.162155	0.156219
	0.419527	0.395771	0.34183	0.39109	1.98019	0.335777	0.288	0.293587
	0.0697936	0.0854204	0.0778673	0.102456	0.997665	0.0811559	0.258651	0.067983
loop 10
	0.244831	0.275532	0.224352	0.275073	1.58648	0.2358	0.200198	0.193729
	0.203102	0.231229	0.18404	0.220571	1.55427	0.191697	0.163223	0.157107
	0.401618	0.381217	0.328774	0.376404	1.96754	0.326406	0.278144	0.280692
	0.0698576	0.0854348	0.0778876	0.102491	0.997665	0.0811782	0.258685	0.0679897
loop 11
	0.244647	0.27508	0.22405	0.274566	1.58673	0.23537	0.199826	0.193738
	0.205335	0.238287	0.186352	0.222953	1.55305	0.194316	0.165954	0.15952
	0.394578	0.382043	0.324505	0.371828	1.95132	0.321897	0.279042	0.28232
	0.0699424	0.0854444	0.0778957	0.102497	0.997665	0.0811863	0.258891	0.0679914
loop 12
	0.258317	0.286583	0.235507	0.286166	1.59625	0.242649	0.207563	0.201093
	0.210745	0.240709	0.188987	0.225393	1.5586	0.196911	0.168677	0.158297
	0.284215	0.299326	0.253244	0.288967	1.83854	0.251384	0.215474	0.219407
	0.06992	0.0853916	0.0778329	0.102431	0.997665	0.0811195	0.258599	0.0679527
loop 13
	0.240856	0.27208	0.224445	0.275632	1.58086	0.23643	0.20074	0.1943
	0.204517	0.237444	0.185538	0.221958	1.55256	0.193435	0.165201	0.158908
	0.278945	0.291881	0.250588	0.287146	1.83587	0.249281	0.213104	0.221227
	0.069944	0.0854084	0.0778592	0.102463	0.997665	0.0811498	0.258685	0.0679561
loop 14
	0.245134	0.276504	0.224289	0.275359	1.58086	0.23618	0.200523	0.193867
	0.201368	0.234809	0.182799	0.223958	1.55378	0.190625	0.162292	0.156122
	0.507547	0.457754	0.393418	0.453623	2.05932	0.395288	0.339041	0.336361
	0.0703168	0.0856725	0.0746657	0.102726	0.998295	0.0778214	0.255139	0.0681814
loop 15
	0.245026	0.276354	0.224196	0.27519	1.5811	0.23605	0.200407	0.193651
	0.202667	0.235658	0.183669	0.220255	1.55427	0.191486	0.163042	0.156937
	0.617082	0.540546	0.459374	0.535982	2.15961	0.46871	0.398216	0.39292
	0.0699664	0.085442	0.0778855	0.102478	0.997665	0.0811762	0.258633	0.0679981
loop 16
	0.245491	0.272026	0.224466	0.275567	1.58135	0.23635	0.20067	0.193945
	0.205254	0.233939	0.18653	0.223184	1.55329	0.19449	0.166106	0.155708
	0.62391	0.540995	0.458547	0.540021	2.10929	0.468429	0.399021	0.392073
	0.0699472	0.0854108	0.0778633	0.102463	0.997507	0.0811539	0.258651	0.0679662
loop 17
	0.245091	0.276531	0.2243	0.275333	1.58135	0.23612	0.200477	0.193772
	0.204322	0.238266	0.186158	0.222907	1.55353	0.194215	0.165864	0.159345
	0.436016	0.408179	0.348939	0.404061	1.99671	0.349422	0.296704	0.301869
	0.0702992	0.0856485	0.0746464	0.102707	0.997665	0.0778001	0.258857	0.0681612
loop 18
	0.245123	0.271865	0.224331	0.275372	1.58086	0.23617	0.200515	0.19372
	0.205716	0.234703	0.182996	0.219389	1.55329	0.19066	0.162325	0.15631
	0.430323	0.401128	0.347147	0.396621	1.98696	0.347282	0.29428	0.299704
	0.0728377	0.088555	0.077521	0.102074	0.997507	0.0807955	0.258651	0.0676939
loop 19
	0.240973	0.272255	0.224685	0.270996	1.58135	0.23657	0.200856	0.194352
	0.213379	0.239154	0.187633	0.228431	1.56368	0.195388	0.167354	0.161075
	0.42444	0.391863	0.333669	0.380975	1.97082	0.331027	0.288595	0.286486
	0.0732563	0.0853339	0.0777964	0.1024	0.997665	0.081083	0.258685	0.0679124
loop 20
	0.245166	0.271865	0.224258	0.275411	1.58135	0.23622	0.200554	0.194153
	0.202081	0.235127	0.183359	0.219831	1.54774	0.19102	0.162632	0.156578
	0.263402	0.260952	0.230734	0.254505	1.81714	0.220077	0.192932	0.201358
	0.0701152	0.0856221	0.0746251	0.102698	0.997823	0.0777769	0.258874	0.0681511
loop 21
	0.245134	0.271865	0.224373	0.275398	1.5816	0.2362	0.200539	0.194248
	0.201455	0.234576	0.182875	0.223847	1.55353	0.190583	0.162254	0.156298
	0.488107	0.441483	0.38092	0.436548	2.05035	0.377435	0.326114	0.328739
	0.0698864	0.085478	0.077922	0.102522	0.99798	0.0812167	0.258942	0.0680149
loop 22
	0.24469	0.276025	0.223904	0.274839	1.58135	0.2357	0.200113	0.193513
	0.204825	0.233833	0.186297	0.223138	1.55305	0.194418	0.166044	0.15555
	0.500946	0.455387	0.390604	0.451766	2.05022	0.392916	0.336408	0.333748
	0.0698864	0.0854228	0.0778714	0.102472	0.997665	0.081162	0.258651	0.0679696
loop 23
	0.258578	0.282557	0.235158	0.286166	1.59012	0.242745	0.207646	0.200291
	0.205724	0.234395	0.182875	0.223801	1.55378	0.190434	0.162128	0.156146
	0.435267	0.40541	0.347518	0.400683	1.99877	0.345668	0.298265	0.299853
	0.06988	0.0853676	0.0778187	0.102415	0.997507	0.0811053	0.258633	0.0679359
loop 24
	0.240824	0.272	0.224352	0.270805	1.5816	0.2364	0.200709	0.19385
	0.204525	0.237714	0.186197	0.222511	1.55353	0.193876	0.165577	0.159376
	0.341086	0.346033	0.295467	0.337358	1.89897	0.296627	0.252077	0.256927
	0.0706944	0.0859438	0.0748961	0.103011	0.998453	0.0780615	0.255359	0.0683831
loop 25
	0.245329	0.272	0.224445	0.270805	1.5811	0.23639	0.200701	0.193902
	0.204622	0.233844	0.186623	0.222889	1.55353	0.194237	0.165892	0.155823
	0.643643	0.571281	0.485518	0.566494	2.15831	0.494964	0.419965	0.409375
	0.0703248	0.0856773	0.0746735	0.102745	0.99798	0.0778291	0.258822	0.0681696
loop 26
	0.240729	0.272121	0.22455	0.27092	1.58086	0.2365	0.200794	0.193911
	0.211632	0.242439	0.190828	0.231647	1.56319	0.198754	0.170743	0.16032
	0.543727	0.476655	0.411835	0.476644	2.07609	0.412999	0.351725	0.353898
	0.0699376	0.0854036	0.0778531	0.102437	0.997507	0.0811417	0.258651	0.0679696
loop 27
	0.24162	0.272713	0.22508	0.271546	1.58185	0.232352	0.201282	0.194706
	0.201399	0.234512	0.18295	0.22382	1.55329	0.190434	0.166545	0.156134
	0.492163	0.446249	0.385956	0.442095	2.05052	0.382889	0.326	0.333102
	0.0703056	0.0856509	0.0746522	0.102717	0.997665	0.0778078	0.258874	0.0681561
loop 28
	0.240803	0.272201	0.224664	0.271022	1.5816	0.231882	0.200872	0.194507
	0.202302	0.235042	0.183594	0.219813	1.54774	0.191034	0.162654	0.15673
	0.420272	0.393607	0.33153	0.383181	1.97777	0.333058	0.285035	0.287907
	0.073147	0.08872	0.0776749	0.102249	0.997507	0.0809595	0.258633	0.0678048
loop 29
	0.240835	0.272228	0.224695	0.271048	1.5816	0.231911	0.200895	0.194516
	0.202184	0.235371	0.183745	0.220327	1.54798	0.191422	0.162977	0.156846
	0.308154	0.308993	0.265642	0.299175	1.87604	0.261598	0.225992	0.23138
	0.06992	0.0853916	0.0778329	0.102431	0.997665	0.0811195	0.258616	0.0679527
loop 30
	0.240782	0.272161	0.224602	0.270984	1.5816	0.231852	0.200848	0.194135
	0.204031	0.23766	0.185794	0.222096	1.55231	0.1935	0.165251	0.159096
	0.503974	0.459955	0.390345	0.449844	2.05993	0.391373	0.335069	0.337964
	0.0700496	0.0855332	0.0779787	0.102607	0.997823	0.0812734	0.258891	0.0680687
loop 31
	0.241641	0.272726	0.22507	0.271558	1.58209	0.232372	0.201298	0.194378
	0.202247	0.231281	0.183881	0.220454	1.55451	0.191634	0.163163	0.157065
	0.416492	0.391863	0.340852	0.387417	1.98077	0.337416	0.289431	0.293861
	0.0698032	0.0854324	0.0778815	0.102503	0.99798	0.0811741	0.255055	0.0679847
loop 32
	0.241312	0.272349	0.22481	0.271162	1.58185	0.232019	0.200996	0.194222
	0.201772	0.234172	0.186375	0.223368	1.54798	0.190131	0.166281	0.159532
	0.29209	0.303502	0.261077	0.29322	1.86006	0.255588	0.219703	0.226142
	0.0697936	0.0854084	0.0778572	0.102444	0.997665	0.0811458	0.258633	0.0679746
loop 33
	0.240909	0.272121	0.224612	0.27092	1.58135	0.23649	0.200794	0.194023
	0.214671	0.241889	0.190253	0.231108	1.56294	0.19827	0.170316	0.163717
	0.422418	0.398521	0.343009	0.393659	1.98965	0.338566	0.290993	0.296158
	0.0698336	0.085406	0.0778552	0.102456	0.997507	0.0811458	0.258668	0.0679544
loop 34
	0.258887	0.282902	0.235495	0.286542	1.597	0.243042	0.207911	0.200466
	0.209323	0.239562	0.18787	0.228489	1.55762	0.19555	0.167487	0.161459
	0.38074	0.359091	0.311678	0.353765	1.94828	0.307918	0.264049	0.267501
	0.070616	0.085879	0.0748458	0.102949	0.998453	0.0780092	0.255308	0.0683394
loop 35
	0.241599	0.272713	0.225007	0.271533	1.58209	0.232343	0.201274	0.194698
	0.205335	0.234374	0.182693	0.223497	1.55353	0.190216	0.166348	0.156115
	0.356317	0.350241	0.297832	0.339817	1.91859	0.293886	0.254942	0.259057
	0.070296	0.0856557	0.0746425	0.102701	0.997823	0.0777962	0.258788	0.0681578
loop 36
	0.241662	0.272793	0.225195	0.271622	1.58259	0.232411	0.201336	0.19088
	0.205084	0.238244	0.18622	0.222917	1.55329	0.194251	0.165898	0.159395
	0.460772	0.412559	0.357944	0.407365	2.00201	0.358498	0.306188	0.30675
	0.0699424	0.0854036	0.0778572	0.102456	0.997665	0.0811458	0.258668	0.0679578
loop 37
	0.242066	0.273036	0.225392	0.271878	1.57647	0.232637	0.201538	0.190982
	0.2005	0.232706	0.180884	0.217392	1.54944	0.188497	0.159993	0.154154
	0.325325	0.310668	0.266647	0.304218	1.88215	0.261565	0.226374	0.233705
	0.0703024	0.0856533	0.0746502	0.102704	0.997823	0.0778059	0.258857	0.0681696
loop 38
	0.238585	0.273762	0.221607	0.272605	1.57672	0.233303	0.197558	0.191176
	0.203804	0.237422	0.185407	0.222078	1.55256	0.193471	0.165223	0.158784
	0.262432	0.26425	0.23447	0.258251	1.81186	0.223874	0.191683	0.200624
	0.0731437	0.0887225	0.0776729	0.102234	0.997507	0.0809534	0.258633	0.0678166
loop 39
	0.238585	0.273749	0.221443	0.272605	1.57696	0.233293	0.197558	0.190922
	0.205627	0.23518	0.183177	0.219714	1.55378	0.190999	0.16261	0.156566
	0.246622	0.255821	0.220879	0.244136	1.79086	0.214623	0.182015	0.191881
	0.0699552	0.0854228	0.0778734	0.102475	0.997507	0.081164	0.258651	0.0679729
loop 40
	0.238897	0.273897	0.221678	0.272759	1.57672	0.233421	0.197664	0.191143
	0.209848	0.240102	0.188092	0.229199	1.55836	0.196164	0.16803	0.161613
	0.353206	0.340425	0.29259	0.329696	1.90353	0.288293	0.24891	0.253832
	0.0703056	0.0856581	0.0746541	0.102713	0.997665	0.0778078	0.258719	0.0681679
loop 41
	0.238501	0.273708	0.221515	0.272529	1.58259	0.233205	0.197475	0.190973
	0.207563	0.237238	0.185438	0.221949	1.55811	0.193269	0.165049	0.15879
	0.300177	0.307875	0.26245	0.298332	1.85421	0.261147	0.225615	0.22814
	0.0732227	0.0853099	0.077758	0.10235	0.997823	0.0810445	0.258959	0.0678939
loop 42
	0.242904	0.273574	0.221454	0.272414	1.58259	0.233107	0.197392	0.190965
	0.207456	0.237	0.185314	0.226371	1.55811	0.193146	0.164942	0.15874
	0.349661	0.346113	0.295413	0.336026	1.91244	0.295461	0.251021	0.256904
	0.0732513	0.0853291	0.0777924	0.102394	0.997823	0.0810769	0.258651	0.0679158
loop 43
	0.242872	0.273534	0.22129	0.272376	1.58259	0.233078	0.197369	0.19121
	0.204622	0.234098	0.186452	0.223377	1.55329	0.194656	0.166247	0.155635
	0.33662	0.332896	0.286396	0.327771	1.88872	0.280935	0.241436	0.247946
	0.0732782	0.0853652	0.0778187	0.102425	0.997507	0.0811073	0.258651	0.0679527
loop 44
	0.242479	0.273291	0.221219	0.272133	1.58259	0.232862	0.19718	0.19132
	0.20561	0.234565	0.183026	0.223811	1.54822	0.190533	0.16221	0.156377
	0.472294	0.430635	0.370363	0.42577	2.02795	0.372124	0.320377	0.319124
	0.0702496	0.0857277	0.074718	0.102782	0.998295	0.0778737	0.25519	0.0682066
loop 45
	0.255908	0.283838	0.2319	0.282609	1.59087	0.24389	0.208648	0.201665
	0.202667	0.235191	0.183768	0.219831	1.54822	0.191098	0.162703	0.156998
	0.578246	0.51002	0.43072	0.509182	2.07028	0.442114	0.382794	0.368745
	0.0702704	0.0856821	0.0746754	0.102748	0.997823	0.0778291	0.258822	0.0681713
loop 46
	0.241769	0.272699	0.225049	0.271469	1.58135	0.232284	0.201236	0.194369
	0.207837	0.237108	0.185492	0.226315	1.5586	0.193103	0.164908	0.158858
	0.733824	0.631617	0.531739	0.614366	2.25448	0.530123	0.455375	0.452632
	0.0698928	0.0853772	0.0778207	0.102419	0.997507	0.0811073	0.258616	0.0679443
loop 47
	0.24128	0.272336	0.224747	0.271099	1.58086	0.23197	0.200949	0.194118
	0.211598	0.242304	0.190609	0.231558	1.56343	0.198588	0.170595	0.163973
	0.718406	0.599389	0.520514	0.596533	2.21763	0.519808	0.446079	0.44402
	0.0706672	0.0858982	0.0748671	0.102974	0.99798	0.0780305	0.255122	0.0683444
loop 48
	0.241132	0.272175	0.224633	0.270933	1.5811	0.23652	0.200817	0.194066
	0.202976	0.235499	0.183889	0.220174	1.54847	0.191408	0.162971	0.157131
	0.289064	0.303941	0.262384	0.295391	1.83134	0.257808	0.22219	0.227933
	0.0731554	0.0887275	0.0776851	0.102256	0.997665	0.0809676	0.258651	0.0678099
loop 49
	0.245447	0.271973	0.224466	0.275515	1.58061	0.23632	0.200639	0.193824
	0.204679	0.238395	0.186692	0.223046	1.55305	0.194331	0.165971	0.155915
	0.36196	0.358567	0.305582	0.349469	1.90381	0.303466	0.259635	0.262679
	0.069952	0.0854228	0.0778693	0.102459	0.997665	0.08116	0.258685	0.067983
loop 50
	0.241662	0.272578	0.224986	0.271341	1.5811	0.232186	0.201143	0.194438
	0.207348	0.237206	0.185477	0.22623	1.55836	0.193139	0.164936	0.158977
	0.819836	0.690298	0.596975	0.700484	2.26876	0.605278	0.523233	0.49642
	0.0703072	0.0856581	0.074656	0.10272	0.997665	0.0778098	0.258857	0.0681595
loop 51
	0.241291	0.27239	0.22482	0.271137	1.5811	0.23199	0.200972	0.194637
	0.208309	0.237887	0.185817	0.222502	1.55329	0.193876	0.165572	0.159039
	0.412847	0.37797	0.324693	0.372247	1.94902	0.322285	0.27977	0.283266
	0.069968	0.0854348	0.0778855	0.102488	0.997823	0.0811782	0.258942	0.0679864
loop 52
	0.241715	0.272632	0.224914	0.271392	1.5811	0.232235	0.201189	0.194715
	0.205076	0.234438	0.182791	0.223709	1.55353	0.190385	0.166494	0.156067
	0.32423	0.307537	0.267998	0.301217	1.87376	0.263755	0.223078	0.229853
	0.0699136	0.0853844	0.0778248	0.102422	0.997665	0.0811134	0.258582	0.0678216
loop 53
	0.241779	0.272726	0.225101	0.271482	1.58135	0.232303	0.201251	0.194706
	0.201415	0.234321	0.182504	0.223516	1.55329	0.190244	0.166376	0.155848
	0.271961	0.271846	0.237082	0.259924	1.82745	0.225918	0.193975	0.20321
	0.0732075	0.0852715	0.0777418	0.102334	0.997665	0.0810263	0.258685	0.067867
loop 54
	0.241259	0.272323	0.224726	0.271086	1.58135	0.23195	0.200941	0.194101
	0.211589	0.242327	0.190204	0.231568	1.56319	0.198641	0.170637	0.163723
	0.318256	0.305064	0.265349	0.293536	1.87294	0.255901	0.220377	0.22718
	0.0705184	0.0859174	0.0748845	0.103014	0.998453	0.0780479	0.255376	0.0683562
loop 55
	0.241238	0.272282	0.224726	0.271048	1.5811	0.231931	0.200918	0.194101
	0.208151	0.237682	0.185585	0.222069	1.5528	0.193507	0.165257	0.159002
	0.462197	0.414396	0.355216	0.408632	1.99642	0.354112	0.307248	0.303891
	0.0701824	0.0856773	0.0746676	0.102726	0.997823	0.0778214	0.258822	0.0681797
loop 56
	0.258649	0.287154	0.234967	0.285971	1.59575	0.247308	0.207505	0.204251
	0.199656	0.232436	0.180529	0.21703	1.54919	0.188173	0.164116	0.153869
	0.549529	0.486705	0.410972	0.484711	2.04311	0.42324	0.363482	0.355048
	0.0698352	0.085394	0.077845	0.102444	0.997507	0.0811337	0.258651	0.0679494
loop 57
	0.244528	0.27608	0.223925	0.274904	1.58036	0.23576	0.200151	0.193366
	0.209467	0.239529	0.18768	0.22846	1.55762	0.195528	0.167475	0.161318
	0.313673	0.306073	0.2649	0.294434	1.86982	0.256702	0.221078	0.231725
	0.070624	0.0858886	0.0748554	0.102958	0.99798	0.0780189	0.255089	0.0683478
loop 58
	0.244539	0.276066	0.223936	0.274904	1.58061	0.23577	0.200159	0.193539
	0.206404	0.236914	0.185144	0.226108	1.55787	0.192857	0.164689	0.15859
	0.322715	0.311555	0.267597	0.299753	1.87186	0.26242	0.227131	0.229708
	0.0731218	0.0887	0.0776486	0.102218	0.997507	0.0809291	0.258616	0.0677964
loop 59
	0.245026	0.27169	0.224237	0.275255	1.58086	0.23608	0.200438	0.194144
	0.20151	0.235127	0.183223	0.219849	1.55378	0.191027	0.162643	0.156517
	0.307043	0.297306	0.2586	0.291114	1.85492	0.253269	0.217529	0.22546
	0.0699696	0.0854372	0.0778896	0.102494	0.997665	0.0811802	0.258702	0.0679847
loop 60
	0.244993	0.276326	0.224227	0.275216	1.58086	0.23604	0.200399	0.194127
	0.204606	0.238125	0.186359	0.222898	1.5528	0.194165	0.165825	0.15957
	0.2662	0.26425	0.229427	0.257836	1.81584	0.223556	0.191379	0.200465
	0.070304	0.0856557	0.0746522	0.102707	0.997823	0.0778059	0.258874	0.0681696
loop 61
	0.244982	0.276285	0.224196	0.275203	1.58086	0.23603	0.200391	0.193937
	0.209713	0.239882	0.188282	0.22464	1.55787	0.196194	0.168053	0.161632
	0.318999	0.307069	0.267952	0.300891	1.87131	0.263495	0.222864	0.230121
	0.0700016	0.0854804	0.077924	0.102525	0.997665	0.0812187	0.258891	0.0680183
loop 62
	0.245361	0.271811	0.224331	0.275424	1.58086	0.23623	0.200562	0.193764
	0.205708	0.234416	0.182625	0.223626	1.55353	0.19035	0.166466	0.156085
	0.255022	0.261697	0.227183	0.249962	1.80952	0.220825	0.188473	0.198183
	0.0731201	0.0886925	0.0776486	0.102215	0.997507	0.0809271	0.258445	0.0677813
loop 63
	0.244928	0.276217	0.224071	0.275151	1.58086	0.23597	0.200345	0.193539
	0.2054	0.234438	0.182867	0.223894	1.55353	0.190512	0.162194	0.156158
	0.320266	0.307901	0.268594	0.296312	1.86549	0.258832	0.223463	0.230621
	0.0699056	0.08537	0.0778167	0.102412	0.997507	0.0811053	0.258513	0.0679443
loop 64
	0.244982	0.276299	0.224081	0.275216	1.58061	0.23603	0.200391	0.193599
	0.202572	0.234979	0.183238	0.219623	1.55378	0.190865	0.162511	0.156468
	0.27869	0.279561	0.240686	0.26791	1.82534	0.234509	0.203088	0.212076
	0.0700576	0.085562	0.0779909	0.102616	0.998295	0.0812855	0.255156	0.0680855
loop 65
	0.240877	0.272107	0.224498	0.270907	1.58061	0.23647	0.200771	0.193859
	0.207605	0.236827	0.185167	0.226079	1.55885	0.192893	0.164722	0.15854
	0.341984	0.331121	0.282177	0.319889	1.8974	0.277988	0.238253	0.243816
	0.0732782	0.0853628	0.0778187	0.102425	0.997823	0.0811053	0.258651	0.0679326
loop 66
	0.241334	0.272417	0.22482	0.271226	1.58061	0.232058	0.201026	0.1943
	0.20734	0.237271	0.185546	0.226493	1.5586	0.193233	0.165015	0.158908
	0.259817	0.261432	0.226794	0.25501	1.80874	0.220542	0.188227	0.197858
	0.0732815	0.08537	0.0778228	0.102422	0.997507	0.0811093	0.258651	0.0679544
loop 67
	0.258697	0.282859	0.235473	0.286556	1.5965	0.243095	0.207952	0.201065
	0.205764	0.234767	0.183298	0.219587	1.55402	0.190766	0.162407	0.156462
	0.311118	0.302335	0.262538	0.290747	1.8629	0.252899	0.217212	0.22452
	0.0698832	0.085466	0.0779179	0.102516	0.99798	0.0812086	0.258908	0.0680149
loop 68
	0.242161	0.272968	0.225278	0.271724	1.5816	0.232519	0.201437	0.190855
	0.212757	0.243338	0.191589	0.227749	1.56392	0.199458	0.171354	0.161011
	0.358043	0.33961	0.291955	0.32828	1.90021	0.287069	0.247788	0.248944
	0.0731033	0.0887275	0.0776831	0.102256	0.997507	0.0809656	0.258616	0.0678115
loop 69
	0.242596	0.273251	0.221107	0.272018	1.58185	0.232774	0.197104	0.19088
	0.202405	0.235499	0.18373	0.220219	1.55378	0.19138	0.162944	0.156852
	0.32593	0.310219	0.271165	0.304082	1.87687	0.266754	0.22623	0.233323
	0.069928	0.0854012	0.077841	0.102444	0.997665	0.0811296	0.258633	0.0679611
loop 70
	0.242808	0.273238	0.221127	0.272005	1.5816	0.232784	0.197112	0.190609
	0.20269	0.23552	0.18351	0.219984	1.54798	0.191295	0.162873	0.156791
	0.365556	0.338964	0.295332	0.332885	1.91803	0.291606	0.246993	0.252023
	0.0703152	0.0856629	0.0746657	0.102732	0.997823	0.0778195	0.258891	0.0681662
loop 71
	0.241981	0.272767	0.225091	0.271482	1.58135	0.232313	0.201259	0.194404
	0.204598	0.233971	0.186313	0.22311	1.55353	0.194381	0.166011	0.159545
	0.345938	0.326808	0.28293	0.315509	1.891	0.278911	0.239015	0.245333
	0.0700064	0.0854828	0.0779281	0.102541	0.997823	0.0812227	0.258908	0.0680166
loop 72
	0.241917	0.272686	0.224997	0.271418	1.5811	0.232244	0.201197	0.194378
	0.205068	0.233791	0.186096	0.222852	1.55305	0.194222	0.165876	0.159408
	0.419666	0.381724	0.326628	0.37033	1.95649	0.325362	0.277128	0.280383
	0.0699712	0.085442	0.0778916	0.102484	0.997665	0.0811822	0.258685	0.0680015
loop 73
	0.24197	0.272753	0.225091	0.271482	1.58086	0.232294	0.201243	0.19436
	0.199261	0.231583	0.184048	0.22067	1.54847	0.191874	0.163371	0.157284
	0.662073	0.571824	0.489866	0.57586	2.14651	0.497094	0.427194	0.41585
	0.0731201	0.0886825	0.0776486	0.102215	0.99735	0.0809291	0.258479	0.0677863
loop 74
	0.241981	0.272767	0.225091	0.271494	1.58135	0.232313	0.201251	0.194525
	0.201993	0.234798	0.182905	0.22394	1.55353	0.19066	0.162331	0.156286
	0.280564	0.280983	0.241329	0.26941	1.82426	0.235832	0.204255	0.212366
	0.0699712	0.0854372	0.0778916	0.102488	0.99798	0.0811822	0.258891	0.0679864
loop 75
	0.242129	0.272955	0.225299	0.271673	1.58185	0.23248	0.201406	0.190872
	0.212342	0.243125	0.191225	0.227913	1.56368	0.199451	0.171342	0.160544
	0.485344	0.434747	0.371833	0.427901	2.01434	0.372994	0.32071	0.319386
	0.0731655	0.0852403	0.0776972	0.102278	0.997665	0.0809777	0.258599	0.0678435
loop 76
	0.242638	0.273318	0.221198	0.272044	1.58185	0.232803	0.197127	0.191126
	0.206628	0.23713	0.18512	0.226324	1.5586	0.193088	0.164886	0.158627
	0.637763	0.548001	0.467827	0.55253	2.13357	0.48047	0.410639	0.401057
	0.0732059	0.0852787	0.0777418	0.102334	0.997665	0.0810243	0.258685	0.0678687
loop 77
	0.242225	0.273036	0.22533	0.271801	1.5816	0.232578	0.201491	0.190736
	0.204136	0.238147	0.186197	0.222806	1.5528	0.194085	0.165752	0.159557
	0.69969	0.6022	0.507128	0.607348	2.17937	0.524671	0.450435	0.435523
	0.0701216	0.0856317	0.0746309	0.102704	0.998295	0.0777846	0.255122	0.0681578
loop 78
	0.241334	0.272	0.224445	0.275476	1.5811	0.23628	0.200608	0.19372
	0.207207	0.237335	0.185593	0.221967	1.55836	0.193298	0.165071	0.158989
	0.766645	0.644946	0.545474	0.650475	2.22993	0.563176	0.484655	0.463601
	0.0730041	0.088715	0.0776689	0.102227	0.997507	0.0809494	0.258599	0.0678149
loop 79
	0.25578	0.284371	0.232175	0.283198	1.597	0.244442	0.20912	0.201701
	0.199571	0.231926	0.180322	0.216756	1.54847	0.187911	0.16388	0.15362
	0.414223	0.382475	0.328241	0.371358	1.96108	0.326379	0.278036	0.280531
	0.070224	0.0856605	0.074658	0.102726	0.997665	0.0778117	0.258839	0.0681561
loop 80
	0.240803	0.27571	0.224529	0.275177	1.58061	0.23591	0.200291	0.19398
	0.199695	0.232415	0.180559	0.21718	1.54871	0.188276	0.159795	0.153757
	0.775573	0.656349	0.555111	0.662342	2.23456	0.575398	0.491239	0.473739
	0.0702736	0.0856557	0.0746541	0.102717	0.997665	0.0778078	0.258857	0.0681696
loop 81
	0.24128	0.276025	0.224841	0.270716	1.58036	0.23622	0.200562	0.194144
	0.203126	0.231427	0.184419	0.220905	1.54871	0.192008	0.163481	0.153437
	0.400759	0.372156	0.319129	0.367186	1.95864	0.321921	0.273105	0.280317
	0.0699664	0.0854468	0.0778835	0.102488	0.997665	0.0811741	0.258857	0.0679965
loop 82
	0.24128	0.276025	0.224851	0.270716	1.58036	0.23623	0.20057	0.194317
	0.214609	0.24581	0.189937	0.230353	1.56245	0.202134	0.169706	0.163605
	0.311409	0.301884	0.262671	0.290518	1.86155	0.252709	0.217057	0.224705
	0.0699792	0.0854492	0.0778997	0.102506	0.997665	0.0811903	0.258702	0.0679948
loop 83
	0.24092	0.275847	0.224695	0.275307	1.58036	0.23604	0.200407	0.194525
	0.207282	0.237173	0.185508	0.226362	1.5586	0.193146	0.164942	0.158865
	0.350177	0.339564	0.292722	0.33444	1.89512	0.287743	0.248442	0.249937
	0.0699632	0.08543	0.0778815	0.102472	0.997507	0.0811721	0.258874	0.0679965
loop 84
	0.240941	0.275861	0.224706	0.275359	1.58036	0.23607	0.20043	0.194533
	0.210804	0.23687	0.185035	0.225919	1.5586	0.19277	0.164616	0.158596
	0.528023	0.464125	0.400433	0.464235	2.05871	0.400364	0.344562	0.339161
	0.07	0.085478	0.077924	0.102522	0.997823	0.0812167	0.258925	0.0680166
loop 85
	0.24144	0.27623	0.225018	0.270907	1.58061	0.2364	0.200717	0.194637
	0.204355	0.233812	0.186646	0.223221	1.55305	0.19441	0.166027	0.155756
	0.620202	0.535814	0.456543	0.534284	2.12425	0.461656	0.397043	0.38884
	0.0699536	0.0854204	0.0778714	0.102472	0.997665	0.08116	0.258616	0.0679696
loop 86
	0.241514	0.276299	0.225018	0.271009	1.58061	0.2365	0.200794	0.194343
	0.207596	0.237195	0.185569	0.226183	1.55256	0.193059	0.164869	0.159133
	0.366043	0.345303	0.297859	0.339698	1.91525	0.293385	0.254426	0.259267
	0.0698944	0.0853628	0.0778045	0.1024	0.997507	0.0810911	0.258548	0.0679292
loop 87
	0.245329	0.27571	0.224518	0.275203	1.58036	0.23595	0.20033	0.193919
	0.201732	0.234809	0.182965	0.219425	1.55402	0.190667	0.162336	0.156243
	0.647823	0.56446	0.481328	0.569993	2.15448	0.492129	0.422725	0.40896
	0.0700656	0.0855716	0.0779989	0.102622	0.998295	0.0812936	0.255156	0.068099
loop 88
	0.24508	0.275423	0.224321	0.274891	1.58673	0.23567	0.200082	0.193798
	0.202944	0.23125	0.183806	0.220309	1.54847	0.191549	0.163092	0.157101
	0.583874	0.508546	0.437754	0.511774	2.09548	0.443811	0.378132	0.374722
	0.072942	0.08867	0.0776344	0.102202	0.997665	0.0809149	0.258462	0.0677678
loop 89
	0.244517	0.27482	0.22379	0.27419	1.58623	0.23503	0.19954	0.193158
	0.209848	0.239606	0.187965	0.228863	1.5586	0.195876	0.167781	0.161389
	0.682189	0.593392	0.50334	0.598944	2.17045	0.516206	0.441971	0.42649
	0.070136	0.0856509	0.0746464	0.102704	0.997665	0.0778001	0.258839	0.0681646
loop 90
	0.255173	0.28283	0.231922	0.282322	1.5955	0.243551	0.20835	0.201508
	0.207265	0.236589	0.18886	0.225816	1.5586	0.197288	0.164582	0.158122
	0.432253	0.394638	0.336614	0.388894	1.97285	0.339102	0.291378	0.293443
	0.0702	0.0856581	0.0746599	0.102729	0.997665	0.0778156	0.258874	0.0681646
loop 91
	0.244474	0.275108	0.224092	0.274657	1.58061	0.23546	0.199904	0.194014
	0.206561	0.236741	0.189074	0.225722	1.5586	0.19717	0.168896	0.158415
	0.708688	0.60851	0.514103	0.61352	2.18904	0.531214	0.45734	0.436602
	0.0699408	0.0854636	0.0779098	0.102519	0.997665	0.0812025	0.258874	0.0680032
loop 92
	0.244885	0.275382	0.224352	0.27493	1.58061	0.23569	0.200105	0.194239
	0.210424	0.240731	0.188591	0.225346	1.55811	0.196785	0.168561	0.157916
	0.60347	0.525793	0.446151	0.519614	2.11862	0.45209	0.387031	0.37977
	0.0699392	0.0854156	0.0778552	0.102459	0.997665	0.0811438	0.258651	0.0679696
loop 93
	0.244766	0.275245	0.224227	0.274774	1.58061	0.23555	0.199981	0.193962
	0.210187	0.237108	0.184834	0.226032	1.55811	0.192886	0.164706	0.158509
	0.529549	0.465149	0.39996	0.464235	2.04718	0.400463	0.344578	0.342065
	0.069976	0.085442	0.0778957	0.1025	0.997665	0.0811863	0.258702	0.0679948
loop 94
	0.244658	0.27508	0.224113	0.274618	1.58061	0.23544	0.199888	0.193573
	0.207861	0.237692	0.185856	0.222115	1.5586	0.193587	0.165319	0.159401
	0.709894	0.604116	0.515322	0.609024	2.18207	0.526734	0.452851	0.437829
	0.0703488	0.0857085	0.0747006	0.102776	0.99798	0.0778562	0.255156	0.0681898
loop 95
	0.244712	0.275176	0.224123	0.274696	1.58061	0.2355	0.199935	0.193582
	0.204306	0.237671	0.185895	0.222336	1.55256	0.193673	0.165397	0.159252
	0.56082	0.493005	0.420039	0.488072	2.09019	0.425135	0.364585	0.35781
	0.0699424	0.0854156	0.0778592	0.10245	0.997665	0.0811478	0.258616	0.0679746
loop 96
	0.244604	0.275067	0.224019	0.274553	1.58012	0.23537	0.199826	0.193539
	0.20912	0.23954	0.187799	0.2287	1.56417	0.195757	0.167672	0.161408
	0.582201	0.506608	0.432922	0.509762	2.08736	0.442173	0.382294	0.370472
	0.0699344	0.0853868	0.0778491	0.102441	0.997507	0.0811377	0.258651	0.067946
loop 97
	0.245112	0.275436	0.224383	0.274943	1.58036	0.23571	0.20012	0.193755
	0.203047	0.231281	0.183859	0.220291	1.54847	0.191521	0.163075	0.157156
	0.595322	0.517022	0.44264	0.517447	2.11799	0.449628	0.384314	0.376114
	0.0702896	0.0856365	0.0746367	0.102698	0.998138	0.0777904	0.255089	0.0681528
loop 98
	0.241068	0.275998	0.22482	0.270716	1.58036	0.23623	0.200562	0.194291
	0.204525	0.23819	0.186189	0.222732	1.5528	0.194129	0.165791	0.155604
	0.531023	0.461653	0.396998	0.459662	2.05553	0.401596	0.345578	0.340012
	0.0728243	0.08854	0.0775069	0.102058	0.997507	0.0807813	0.25841	0.0676821
loop 99
	0.244907	0.275436	0.224373	0.274943	1.58061	0.23572	0.200128	0.194248
	0.20923	0.239628	0.187847	0.228681	1.55738	0.195639	0.167568	0.161466
	0.501969	0.448858	0.384463	0.442734	2.02795	0.383829	0.327312	0.328303
	0.0732445	0.0853219	0.0777418	0.102384	0.997665	0.0810688	0.258685	0.0679023

work load:mcf,twolf,vortex,wupwise
