loop 0
	0.137581	0.133416	0.22562	0.188976	0.224571
	0.115859	0.110133	0.199768	0.16596	0.198216
	0.0360226	0.0342734	0.0622727	0.0514855	0.0609982
	0.115847	0.110122	0.199781	0.16598	0.198243
loop 1
	0.142906	0.138656	0.232195	0.197318	0.233478
	0.115847	0.110117	0.199781	0.16597	0.19823
	0.0360198	0.0342682	0.0622789	0.0514807	0.0609982
	0.115847	0.110122	0.199768	0.16597	0.198203
loop 2
	0.103676	0.099741	0.169622	0.144178	0.171163
	0.115847	0.110122	0.199768	0.16597	0.19823
	0.036017	0.0342708	0.0622665	0.0514807	0.0609921
	0.115841	0.110111	0.199781	0.16597	0.198203
loop 3
	0.111012	0.106902	0.18111	0.152679	0.180384
	0.11587	0.110144	0.199795	0.166001	0.198269
	0.0360001	0.0342552	0.0622477	0.0514616	0.0609738
	0.115882	0.110155	0.199822	0.165991	0.198269
loop 4
	0.114973	0.108948	0.185287	0.156773	0.186736
	0.11587	0.110144	0.199808	0.166001	0.198269
	0.0359917	0.0342448	0.062254	0.0514616	0.0609738
	0.115876	0.11015	0.199795	0.166001	0.198269
loop 5
	0.116705	0.112792	0.191578	0.161428	0.193195
	0.115876	0.11015	0.199781	0.16598	0.198256
	0.0366949	0.0349546	0.0643765	0.0535808	0.0630976
	0.115876	0.11015	0.199795	0.16598	0.198256
loop 6
	0.1017	0.0977516	0.168052	0.140392	0.167435
	0.11587	0.110144	0.199808	0.16597	0.198256
	0.0359496	0.0342031	0.0621728	0.051395	0.0608948
	0.115853	0.110128	0.199768	0.16596	0.198216
loop 7
	0.104542	0.100537	0.171155	0.143381	0.170522
	0.115853	0.110128	0.199768	0.16597	0.19823
	0.0359524	0.0342058	0.0621853	0.0514045	0.0609069
	0.115835	0.110106	0.199781	0.16596	0.19823
loop 8
	0.107542	0.103509	0.177093	0.148871	0.176335
	0.115847	0.110122	0.199768	0.16596	0.19823
	0.0359721	0.034224	0.0622103	0.0514283	0.0609313
	0.115847	0.110122	0.199781	0.16597	0.19823
loop 9
	0.111963	0.107942	0.183592	0.155304	0.182758
	0.115853	0.110128	0.199768	0.16596	0.198216
	0.0359552	0.0342058	0.0621916	0.0514093	0.060913
	0.115876	0.110144	0.199808	0.166011	0.198269
loop 10
	0.107487	0.103697	0.178411	0.149109	0.177906
	0.11587	0.110144	0.199795	0.166001	0.198269
	0.0359636	0.0342162	0.0621916	0.051414	0.060913
	0.11587	0.110144	0.199795	0.166001	0.198269
loop 11
	0.105459	0.101507	0.171606	0.146066	0.173175
	0.11587	0.110139	0.199795	0.165991	0.198256
	0.0359608	0.0342136	0.0621916	0.051414	0.0609191
	0.115876	0.11015	0.199781	0.165991	0.198243
loop 12
	0.111784	0.107763	0.181215	0.153041	0.182768
	0.115865	0.110139	0.199795	0.166001	0.198256
	0.0359749	0.0342292	0.0622165	0.0514283	0.0609434
	0.115859	0.110133	0.199795	0.16597	0.19823
loop 13
	0.125616	0.121594	0.206548	0.173377	0.205661
	0.118579	0.112886	0.20515	0.17152	0.200147
	0.0359833	0.0342344	0.062229	0.0514426	0.0609495
	0.118591	0.112909	0.20515	0.171509	0.200133
loop 14
	0.128626	0.122626	0.209822	0.176574	0.211308
	0.115841	0.110117	0.199781	0.16595	0.198216
	0.0359805	0.0342318	0.0622165	0.0514331	0.0609434
	0.115859	0.110133	0.199768	0.16596	0.198216
loop 15
	0.12747	0.121469	0.208747	0.175462	0.207946
	0.115888	0.110161	0.199822	0.166001	0.198269
	0.0359692	0.0342188	0.0622228	0.0514331	0.0609434
	0.115882	0.110155	0.199781	0.165991	0.198256
loop 16
	0.105038	0.10112	0.173225	0.145569	0.172626
	0.115882	0.110155	0.199795	0.166001	0.198269
	0.0366862	0.0349438	0.06437	0.0535707	0.0630848
	0.115876	0.110155	0.199808	0.16598	0.198256
loop 17
	0.126818	0.122903	0.210867	0.175887	0.210139
	0.115876	0.110155	0.199795	0.165991	0.198269
	0.0359664	0.0342162	0.0622103	0.0514236	0.0609252
	0.115876	0.11015	0.199795	0.165991	0.198256
loop 18
	0.149107	0.142682	0.239884	0.204424	0.241021
	0.11587	0.110144	0.199781	0.16597	0.19823
	0.0359692	0.0342188	0.0622228	0.0514283	0.0609373
	0.115859	0.110133	0.199781	0.16598	0.198256
loop 19
	0.154131	0.147588	0.245786	0.209967	0.246864
	0.115859	0.110133	0.199795	0.16596	0.19823
	0.0359749	0.0342292	0.0622228	0.0514378	0.0609495
	0.115859	0.110133	0.199768	0.16596	0.198216
loop 20
	0.135676	0.131078	0.213065	0.183882	0.216457
	0.115859	0.110133	0.199781	0.16597	0.19823
	0.0359692	0.0342214	0.0622103	0.0514283	0.0609313
	0.115847	0.110122	0.199781	0.16596	0.19823
loop 21
	0.135757	0.131247	0.216832	0.183236	0.217831
	0.115847	0.110122	0.199781	0.16597	0.198243
	0.0359636	0.0342136	0.0622103	0.0514188	0.0609313
	0.115882	0.110161	0.199822	0.165991	0.198269
loop 22
	0.130349	0.124156	0.211776	0.177523	0.210667
	0.115882	0.110155	0.199808	0.166001	0.198269
	0.0359721	0.0342266	0.062204	0.0514236	0.0609313
	0.115876	0.110155	0.199795	0.166001	0.198269
loop 23
	0.126559	0.122011	0.200801	0.169704	0.201777
	0.115876	0.11015	0.199781	0.165991	0.198256
	0.0359608	0.0342136	0.0621916	0.0514093	0.060913
	0.115876	0.11015	0.199795	0.165991	0.198269
loop 24
	0.128067	0.12348	0.202669	0.173721	0.206068
	0.115876	0.11015	0.199795	0.16597	0.198243
	0.0359552	0.0342084	0.0621916	0.0514093	0.060913
	0.115853	0.110128	0.199768	0.16596	0.198216
loop 25
	0.127094	0.122507	0.19945	0.170548	0.202865
	0.115853	0.110128	0.199768	0.16597	0.19823
	0.0359692	0.0342214	0.0621978	0.0514188	0.0609191
	0.115853	0.110128	0.199781	0.16596	0.19823
loop 26
	0.127931	0.123365	0.202418	0.173516	0.205811
	0.115847	0.110122	0.199768	0.16596	0.19823
	0.036017	0.0342682	0.0622914	0.0514902	0.0610104
	0.115859	0.110133	0.199768	0.16597	0.19823
loop 27
	0.12638	0.121827	0.200828	0.171923	0.201749
	0.115859	0.110133	0.199768	0.16596	0.198216
	0.0366833	0.0349384	0.0643831	0.0535808	0.063104
	0.115882	0.110155	0.199795	0.166001	0.198269
loop 28
	0.126321	0.121785	0.20047	0.171697	0.201498
	0.115882	0.110155	0.199795	0.166001	0.198269
	0.036017	0.0342708	0.0622789	0.0514855	0.0610043
	0.115882	0.110155	0.199795	0.166001	0.198269
loop 29
	0.129574	0.12499	0.204172	0.175221	0.20756
	0.115876	0.110155	0.199808	0.165991	0.198256
	0.0360226	0.034276	0.0622852	0.051495	0.0610104
	0.115876	0.11015	0.199781	0.16598	0.198256
loop 30
	0.125737	0.121153	0.198197	0.169252	0.199178
	0.115876	0.11015	0.199781	0.166001	0.198256
	0.0360114	0.034263	0.0622665	0.0514759	0.0609921
	0.11587	0.110144	0.199808	0.16597	0.198256
loop 31
	0.13276	0.126298	0.210146	0.179494	0.211221
	0.115859	0.110133	0.199781	0.16597	0.198243
	0.0360086	0.034263	0.0622665	0.0514759	0.0609921
	0.115853	0.110128	0.199781	0.16597	0.19823

work load: gcc.mips gzip.mips mcf.mips bzip2.mips
