./localsearch ../../shell/data/matrix8-9-2 8 25
5 2 1 7 6 0 4 3 
2.93646
0 3 4 6 7 5 1 2 
2.50795
0 3 4 2 7 5 1 6 
2.44258
0 3 4 2 7 5 1 6 
2.42654
0 3 4 2 7 5 1 6 
2.44385
0 3 4 2 7 5 1 6 
2.42571
0 3 4 2 7 5 1 6 
2.29875
0 3 6 2 7 1 5 4 
2.41568
0 3 6 2 7 1 5 4 
2.41161
0 3 6 2 7 1 5 4 
2.38636
0 2 6 3 7 1 5 4 
2.39118
1 3 6 2 7 0 5 4 
2.337
0 3 6 2 7 1 5 4 
2.36824
5 7 2 6 3 4 0 1 
2.336
5 7 2 6 3 4 0 1 
2.38346
4 7 2 6 3 5 0 1 
2.29249
4 7 2 6 3 5 0 1 
2.17959
4 7 2 6 3 5 0 1 
2.2216
2 7 4 6 3 5 0 1 
2.13191
2 7 4 6 3 5 0 1 
2.0021
7 2 4 6 3 0 5 1 
2.17368
7 2 4 6 3 0 5 1 
2.21307
7 2 4 6 3 0 5 1 
2.20989
7 2 4 0 3 6 5 1 
2.07949
7 2 4 0 3 6 5 1 
2.24597
352
0.017027
58.2612
