./greedy ../../shell/data/matrix16-1-1 16 31
第1轮调度计算开始:
greedy:15
greedy:4
greedy:8
greedy:3
greedy:13
greedy:12
greedy:6
greedy:7
greedy:5
greedy:1
greedy:2
greedy:14
greedy:0
greedy:9
greedy:11
greedy:10
15 2 14 4 9 11 7 13 10 6 3 8 0 5 1 12 
0
0
choosen:
15 2 14 4 9 11 7 13 10 6 3 8 0 5 1 12 
old:
6 7 8 13 9 15 4 2 1 12 14 10 3 0 11 5 
new:1.54686 old:1.51018
last cost 矩阵:
0 0 0 0 0 0 0.0457336 0 0 0 0 0 0 0 0 0.115847 
0 0 0.0523885 0 0 0 0 0.138656 0 0 0 0 0 0 0 0 
0 0 0 0 0 0 0 0 0.0696672 0 0 0 0 0 0.0729677 0 
0 0 0 0 0.0648056 0 0 0 0 0 0 0 0 0.0520499 0 0 
0 0 0 0 0 0 0 0 0 0.233478 0 0 0 0 0 0 
0 0 0 0 0 0 0 0 0 0 0 0.070599 0 0 0 0.223693 
0 0 0 0 0.0867391 0 0 0.256814 0 0 0 0 0 0 0 0 
0 0 0.0424029 0 0 0 0 0 0 0 0 0 0 0.028085 0 0 
0 0.104595 0 0 0 0 0 0 0 0 0.100615 0 0 0 0 0 
0 0 0 0 0 0 0.0406518 0 0 0 0 0 0.0317716 0 0 0 
0 0 0 0.144909 0 0 0 0 0 0 0 0 0 0 0.0519618 0 
0 0 0 0 0 0 0 0 0.0677727 0 0.0948142 0 0 0 0 0 
0.112179 0 0 0.112179 0 0 0 0 0 0 0 0 0 0 0 0 
0.102827 0 0 0 0 0.0511944 0 0 0 0 0 0 0 0 0 0 
0 0.094746 0 0 0 0 0 0 0 0 0 0.0565115 0 0 0 0 
0 0 0 0 0 0.0631007 0 0 0 0 0 0 0.0398037 0 0 0 

life 矩阵:
0 0 0 0 0 0 16 0 0 0 0 0 0 0 0 16 
0 0 16 0 0 0 0 16 0 0 0 0 0 0 0 0 
0 0 0 0 0 0 0 0 16 0 0 0 0 0 16 0 
0 0 0 0 16 0 0 0 0 0 0 0 0 16 0 0 
0 0 0 0 0 0 0 0 0 16 0 0 0 0 0 0 
0 0 0 0 0 0 0 0 0 0 0 16 0 0 0 16 
0 0 0 0 16 0 0 16 0 0 0 0 0 0 0 0 
0 0 16 0 0 0 0 0 0 0 0 0 0 16 0 0 
0 16 0 0 0 0 0 0 0 0 16 0 0 0 0 0 
0 0 0 0 0 0 16 0 0 0 0 0 16 0 0 0 
0 0 0 16 0 0 0 0 0 0 0 0 0 0 16 0 
0 0 0 0 0 0 0 0 16 0 16 0 0 0 0 0 
16 0 0 16 0 0 0 0 0 0 0 0 0 0 0 0 
16 0 0 0 0 16 0 0 0 0 0 0 0 0 0 0 
0 16 0 0 0 0 0 0 0 0 0 16 0 0 0 0 
0 0 0 0 0 16 0 0 0 0 0 0 16 0 0 0 

第2轮调度计算开始:
greedy:15
greedy:0
greedy:4
greedy:8
greedy:7
greedy:12
greedy:11
greedy:2
greedy:1
greedy:14
greedy:3
greedy:5
greedy:13
greedy:10
greedy:9
greedy:6
10 6 0 7 4 9 14 5 13 2 12 15 1 3 8 11 
0
0
choosen:
10 6 0 7 4 9 14 5 13 2 12 15 1 3 8 11 
old:
6 7 8 13 9 15 4 2 1 12 14 10 3 0 11 5 
new:1.46271 old:1.41905
last cost 矩阵:
0 0 0 0 0 0 0.0497683 0 0 0 0.0555864 0 0 0 0 0.115847 
0 0 0.0523885 0 0 0 0.0477612 0.099741 0 0 0 0 0 0 0 0 
0.199781 0 0 0 0 0 0 0 0.0711553 0 0 0 0 0 0.0729677 0 
0 0 0 0 0.0648056 0 0 0.144178 0 0 0 0 0 0.052025 0 0 
0 0 0 0 0.0848057 0 0 0 0 0.171163 0 0 0 0 0 0 
0 0 0 0 0 0 0 0 0 0.195184 0 0.070599 0 0 0 0.223709 
0 0 0 0 0.0924717 0 0 0.256814 0 0 0 0 0 0 0.0812 0 
0 0 0.043037 0 0 0.0461131 0 0 0 0 0 0 0 0.028085 0 0 
0 0.100238 0 0 0 0 0 0 0 0 0.100615 0 0 0.0622971 0 0 
0 0 0.048608 0 0 0 0.0406518 0 0 0 0 0 0.0317504 0 0 0 
0 0 0 0.144909 0 0 0 0 0 0 0 0 0.0448397 0 0.0533644 0 
0 0 0 0 0 0 0 0 0.0677727 0 0.096043 0 0 0 0 0.190493 
0.112179 0.0546587 0 0.112168 0 0 0 0 0 0 0 0 0 0 0 0 
0.102817 0 0 0.102817 0 0.0511944 0 0 0 0 0 0 0 0 0 0 
0 0.094746 0 0 0 0 0 0 0.0646014 0 0 0.0564833 0 0 0 0 
0 0 0 0 0 0.0631167 0 0 0 0 0 0.0397826 0.0398037 0 0 0 

life 矩阵:
0 0 0 0 0 0 16 0 0 0 16 0 0 0 0 15 
0 0 15 0 0 0 16 16 0 0 0 0 0 0 0 0 
16 0 0 0 0 0 0 0 16 0 0 0 0 0 15 0 
0 0 0 0 15 0 0 16 0 0 0 0 0 16 0 0 
0 0 0 0 16 0 0 0 0 16 0 0 0 0 0 0 
0 0 0 0 0 0 0 0 0 16 0 15 0 0 0 16 
0 0 0 0 16 0 0 15 0 0 0 0 0 0 16 0 
0 0 16 0 0 16 0 0 0 0 0 0 0 15 0 0 
0 16 0 0 0 0 0 0 0 0 15 0 0 16 0 0 
0 0 16 0 0 0 15 0 0 0 0 0 16 0 0 0 
0 0 0 15 0 0 0 0 0 0 0 0 16 0 16 0 
0 0 0 0 0 0 0 0 15 0 16 0 0 0 0 16 
15 16 0 16 0 0 0 0 0 0 0 0 0 0 0 0 
16 0 0 16 0 15 0 0 0 0 0 0 0 0 0 0 
0 15 0 0 0 0 0 0 16 0 0 16 0 0 0 0 
0 0 0 0 0 16 0 0 0 0 0 16 15 0 0 0 

第3轮调度计算开始:
greedy:14
greedy:9
greedy:3
greedy:15
greedy:4
greedy:5
greedy:12
greedy:8
greedy:7
greedy:6
greedy:10
greedy:2
greedy:11
greedy:1
greedy:0
greedy:13
14 8 4 2 5 3 6 1 12 7 9 11 13 15 10 0 
0
0
choosen:
14 8 4 2 5 3 6 1 12 7 9 11 13 15 10 0 
old:
6 7 8 13 9 15 4 2 1 12 14 10 3 0 11 5 
new:1.41905 old:1.43749
last cost 矩阵:
0 0 0 0 0 0 0.0498413 0 0 0 0.0555864 0 0 0 0.0427704 0.115847 
0 0 0.0523885 0 0 0 0.0477612 0.106902 0.0385992 0 0 0 0 0 0 0 
0.199781 0 0 0 0.084607 0 0 0 0.0712764 0 0 0 0 0 0.0729677 0 
0 0 0.0816914 0 0.0648056 0 0 0.144178 0 0 0 0 0 0.0520063 0 0 
0 0 0 0 0.0848057 0.0987559 0 0 0 0.180384 0 0 0 0 0 0 
0 0 0 0.223756 0 0 0 0 0 0.195184 0 0.070599 0 0 0 0.223756 
0 0 0 0 0.0925093 0 0.0925093 0.256814 0 0 0 0 0 0 0.0812 0 
0 0.0454031 0.0433371 0 0 0.0461131 0 0 0 0 0 0 0 0.028085 0 0 
0 0.102 0 0 0 0 0 0 0 0 0.100615 0 0.0622728 0.0622971 0 0 
0 0 0.048608 0 0 0 0.0406518 0.0989995 0 0 0 0 0.0317383 0 0 0 
0 0 0 0.144909 0 0 0 0 0 0.13274 0 0 0.0448397 0 0.0532519 0 
0 0 0 0 0 0 0 0 0.0677727 0 0.0958522 0.0593485 0 0 0 0.190493 
0.112179 0.0546587 0 0.112208 0 0 0 0 0 0 0 0 0 0.0349771 0 0 
0.102856 0 0 0.102817 0 0.0511944 0 0 0 0 0 0 0 0 0 0.102856 
0 0.094746 0 0 0 0 0 0 0.0646014 0 0.0915781 0.0564621 0 0 0 0 
0.128184 0 0 0 0 0.0631113 0 0 0 0 0 0.0397826 0.0398037 0 0 0 

life 矩阵:
0 0 0 0 0 0 16 0 0 0 15 0 0 0 16 14 
0 0 14 0 0 0 15 16 16 0 0 0 0 0 0 0 
15 0 0 0 16 0 0 0 16 0 0 0 0 0 14 0 
0 0 16 0 14 0 0 15 0 0 0 0 0 16 0 0 
0 0 0 0 15 16 0 0 0 16 0 0 0 0 0 0 
0 0 0 16 0 0 0 0 0 15 0 14 0 0 0 16 
0 0 0 0 16 0 16 14 0 0 0 0 0 0 15 0 
0 16 16 0 0 15 0 0 0 0 0 0 0 14 0 0 
0 16 0 0 0 0 0 0 0 0 14 0 16 15 0 0 
0 0 15 0 0 0 14 16 0 0 0 0 16 0 0 0 
0 0 0 14 0 0 0 0 0 16 0 0 15 0 16 0 
0 0 0 0 0 0 0 0 14 0 16 16 0 0 0 15 
14 15 0 16 0 0 0 0 0 0 0 0 0 16 0 0 
16 0 0 15 0 14 0 0 0 0 0 0 0 0 0 16 
0 14 0 0 0 0 0 0 15 0 16 16 0 0 0 0 
16 0 0 0 0 16 0 0 0 0 0 15 14 0 0 0 

第4轮调度计算开始:
greedy:7
greedy:2
greedy:12
greedy:10
greedy:5
greedy:11
greedy:6
greedy:15
greedy:4
greedy:13
greedy:3
greedy:8
greedy:14
greedy:1
greedy:0
greedy:9
12 14 5 10 11 0 3 7 4 8 6 9 15 13 2 1 
0
0
choosen:
12 14 5 10 11 0 3 7 4 8 6 9 15 13 2 1 
old:
14 8 4 2 5 3 6 1 12 7 9 11 13 15 10 0 
new:1.54006 old:1.45662
last cost 矩阵:
0 0 0 0 0 0 0.0498413 0 0 0 0.0555864 0 0.0355284 0 0.0427827 0.115847 
0 0 0.0523885 0 0 0 0.0477612 0.106902 0.038772 0 0 0 0 0 0.0411961 0 
0.199781 0 0 0 0.10069 0.0999304 0 0 0.0712764 0 0 0 0 0 0.0729677 0 
0 0 0.0809899 0 0.0648056 0 0 0.144178 0 0 0.0809899 0 0 0.0520063 0 0 
0 0 0 0 0.0848057 0.0987355 0 0 0 0.180384 0 0.0614353 0 0 0 0 
0.223725 0 0 0.223725 0 0 0 0 0 0.195184 0 0.070599 0 0 0 0.223756 
0 0 0 0.219323 0.0925093 0 0.110618 0.256814 0 0 0 0 0 0 0.0812 0 
0 0.044486 0.0433371 0 0 0.0461131 0 0.0922939 0 0 0 0 0 0.028085 0 0 
0 0.102 0 0 0.102449 0 0 0 0 0 0.100615 0 0.0623538 0.0622971 0 0 
0 0 0.048608 0 0 0 0.0406518 0.102935 0.0362491 0 0 0 0.0317383 0 0 0 
0 0 0 0.144909 0 0 0.0728478 0 0 0.136789 0 0 0.0448397 0 0.0532519 0 
0 0 0 0 0 0 0 0 0.0677727 0.179736 0.0958522 0.0594166 0 0 0 0.190493 
0.112179 0.0546587 0 0.112208 0 0 0 0 0 0 0 0 0 0.0338486 0 0.112208 
0.102856 0 0 0.102817 0 0.0511944 0 0 0 0 0 0 0 0.0307871 0 0.102851 
0 0.094746 0.0894426 0 0 0 0 0 0.0646014 0 0.0894426 0.0564621 0 0 0 0 
0.128184 0.0619193 0 0 0 0.0631113 0 0 0 0 0 0.0397826 0.0398037 0 0 0 

life 矩阵:
0 0 0 0 0 0 15 0 0 0 14 0 16 0 16 13 
0 0 13 0 0 0 14 15 16 0 0 0 0 0 16 0 
14 0 0 0 16 16 0 0 15 0 0 0 0 0 13 0 
0 0 16 0 13 0 0 14 0 0 16 0 0 15 0 0 
0 0 0 0 14 16 0 0 0 15 0 16 0 0 0 0 
16 0 0 16 0 0 0 0 0 14 0 13 0 0 0 15 
0 0 0 16 15 0 16 13 0 0 0 0 0 0 14 0 
0 16 15 0 0 14 0 16 0 0 0 0 0 13 0 0 
0 15 0 0 16 0 0 0 0 0 13 0 16 14 0 0 
0 0 14 0 0 0 13 16 16 0 0 0 15 0 0 0 
0 0 0 13 0 0 16 0 0 16 0 0 14 0 15 0 
0 0 0 0 0 0 0 0 13 16 15 16 0 0 0 14 
13 14 0 15 0 0 0 0 0 0 0 0 0 16 0 16 
15 0 0 14 0 13 0 0 0 0 0 0 0 16 0 16 
0 13 16 0 0 0 0 0 14 0 16 15 0 0 0 0 
16 16 0 0 0 15 0 0 0 0 0 14 13 0 0 0 

第5轮调度计算开始:
greedy:14
greedy:12
greedy:3
greedy:9
greedy:13
greedy:8
greedy:1
greedy:5
greedy:10
greedy:2
greedy:11
greedy:0
greedy:15
greedy:6
greedy:7
greedy:4
13 5 4 9 0 1 2 12 6 10 15 3 8 11 7 14 
0
0
choosen:
13 5 4 9 0 1 2 12 6 10 15 3 8 11 7 14 
old:
14 8 4 2 5 3 6 1 12 7 9 11 13 15 10 0 
new:1.61812 old:1.499
last cost 矩阵:
0 0 0 0 0 0 0.0498413 0 0 0 0.0555864 0 0.0355284 0.0355068 0.0425861 0.115847 
0 0 0.0523885 0 0 0.0556958 0.0477612 0.106902 0.037654 0 0 0 0 0 0.0411961 0 
0.199781 0 0 0 0.116525 0.0999304 0 0 0.0712764 0 0 0 0 0 0.0729677 0 
0 0 0.0807386 0 0.0648056 0 0 0.144178 0 0.161428 0.0809899 0 0 0.0520063 0 0 
0.198256 0 0 0 0.0848057 0.0987559 0 0 0 0.180384 0 0.0614353 0 0 0 0 
0.223725 0.117229 0 0.223725 0 0 0 0 0 0.195184 0 0.070599 0 0 0 0.223756 
0 0 0.111446 0.219323 0.0925093 0 0.128521 0.256814 0 0 0 0 0 0 0.0812 0 
0 0.0465313 0.0433371 0 0 0.0461131 0 0.0922939 0 0 0 0 0.0280775 0.028085 0 0 
0 0.102 0 0 0.102449 0 0.116287 0 0 0 0.100615 0 0.0623214 0.0622971 0 0 
0 0 0.048608 0 0 0 0.0406518 0.104987 0.0362491 0 0.0491485 0 0.0317383 0 0 0 
0 0 0 0.144909 0 0 0.0728478 0 0 0.141797 0 0 0.0448397 0 0.0532519 0.144926 
0 0 0 0.190543 0 0 0 0 0.0677727 0.179736 0.0958522 0.0593864 0 0 0 0.190493 
0.112179 0.0546587 0 0.112208 0 0 0 0 0.0386892 0 0 0 0 0.0338284 0 0.112208 
0.102856 0 0 0.102817 0 0.0511944 0 0 0 0 0 0.0307696 0 0.0307871 0 0.102851 
0 0.094746 0.0894426 0 0 0 0 0.176237 0.0646014 0 0.0906108 0.0564621 0 0 0 0 
0.128177 0.0619193 0 0 0 0.0631113 0 0 0 0 0 0.0397826 0.0398037 0 0.0473577 0 

life 矩阵:
0 0 0 0 0 0 14 0 0 0 13 0 15 16 16 12 
0 0 12 0 0 16 13 14 16 0 0 0 0 0 15 0 
13 0 0 0 16 15 0 0 14 0 0 0 0 0 12 0 
0 0 16 0 12 0 0 13 0 16 15 0 0 14 0 0 
16 0 0 0 13 16 0 0 0 14 0 15 0 0 0 0 
15 16 0 16 0 0 0 0 0 13 0 12 0 0 0 14 
0 0 16 15 14 0 16 12 0 0 0 0 0 0 13 0 
0 16 14 0 0 13 0 15 0 0 0 0 16 12 0 0 
0 14 0 0 15 0 16 0 0 0 12 0 16 13 0 0 
0 0 13 0 0 0 12 16 15 0 16 0 14 0 0 0 
0 0 0 12 0 0 15 0 0 16 0 0 13 0 14 16 
0 0 0 16 0 0 0 0 12 15 14 16 0 0 0 13 
12 13 0 14 0 0 0 0 16 0 0 0 0 16 0 15 
14 0 0 13 0 12 0 0 0 0 0 16 0 15 0 16 
0 12 15 0 0 0 0 16 13 0 16 14 0 0 0 0 
16 15 0 0 0 14 0 0 0 0 0 13 12 0 16 0 

第6轮调度计算开始:
greedy:1
greedy:11
greedy:2
greedy:5
greedy:4
greedy:9
greedy:7
greedy:0
greedy:3
greedy:6
greedy:10
greedy:8
greedy:12
greedy:15
greedy:14
greedy:13
11 4 0 8 14 7 5 9 6 15 12 3 2 1 13 10 
0
0
choosen:
11 4 0 8 14 7 5 9 6 15 12 3 2 1 13 10 
old:
14 8 4 2 5 3 6 1 12 7 9 11 13 15 10 0 
new:1.52283 old:1.5057
last cost 矩阵:
0 0 0 0 0 0 0.0498413 0 0 0 0.0555864 0.0354672 0.0355284 0.0355068 0.0440203 0.115847 
0 0 0.0523885 0 0.0758591 0.0556958 0.0477612 0.106902 0.0388548 0 0 0 0 0 0.0411961 0 
0.199768 0 0 0 0.133156 0.0999304 0 0 0.0712764 0 0 0 0 0 0.0729677 0 
0 0 0.0808444 0 0.0648056 0 0 0.144178 0.0586816 0.161428 0.0809899 0 0 0.0520063 0 0 
0.198256 0 0 0 0.0848057 0.0987457 0 0 0 0.180384 0 0.0614353 0 0 0.0745375 0 
0.223725 0.117229 0 0.223693 0 0 0 0.1915 0 0.195184 0 0.070599 0 0 0 0.223756 
0 0 0.111446 0.219323 0.0925093 0.111937 0.147616 0.256814 0 0 0 0 0 0 0.0812 0 
0 0.0444138 0.0433371 0 0 0.0461131 0 0.0922939 0 0.0814414 0 0 0.0280775 0.028085 0 0 
0 0.102 0 0 0.102449 0 0.135025 0 0 0 0.100615 0 0.0636478 0.0622971 0 0 
0 0 0.048608 0 0 0 0.0406518 0.0917633 0.0362491 0 0.0491485 0 0.0317383 0 0 0.102297 
0 0 0 0.144909 0 0 0.0728478 0 0 0.122938 0 0 0.0448094 0 0.0532519 0.144926 
0 0 0 0.190506 0 0 0 0 0.0677727 0.179736 0.0958522 0.0593258 0 0 0 0.190493 
0.112179 0.0546587 0.0533695 0.112208 0 0 0 0 0.0386892 0 0 0 0 0.0349632 0 0.112208 
0.102856 0.0497768 0 0.102817 0 0.0511944 0 0 0 0 0 0.0307696 0 0.0307871 0 0.102831 
0 0.094746 0.0894426 0 0 0 0 0.176237 0.0646014 0 0.0907338 0.0564621 0 0.0564409 0 0 
0.128156 0.0619193 0 0 0 0.0631113 0 0 0 0 0.0614151 0.0397826 0.0398037 0 0.0473577 0 

life 矩阵:
0 0 0 0 0 0 13 0 0 0 12 16 14 15 16 11 
0 0 11 0 16 15 12 13 16 0 0 0 0 0 14 0 
16 0 0 0 16 14 0 0 13 0 0 0 0 0 11 0 
0 0 16 0 11 0 0 12 16 15 14 0 0 13 0 0 
15 0 0 0 12 16 0 0 0 13 0 14 0 0 16 0 
14 15 0 16 0 0 0 16 0 12 0 11 0 0 0 13 
0 0 15 14 13 16 16 11 0 0 0 0 0 0 12 0 
0 16 13 0 0 12 0 14 0 16 0 0 15 11 0 0 
0 13 0 0 14 0 16 0 0 0 11 0 16 12 0 0 
0 0 12 0 0 0 11 16 14 0 15 0 13 0 0 16 
0 0 0 11 0 0 14 0 0 16 0 0 16 0 13 15 
0 0 0 16 0 0 0 0 11 14 13 16 0 0 0 12 
11 12 16 13 0 0 0 0 15 0 0 0 0 16 0 14 
13 16 0 12 0 11 0 0 0 0 0 15 0 14 0 16 
0 11 14 0 0 0 0 15 12 0 16 13 0 16 0 0 
16 14 0 0 0 13 0 0 0 0 16 12 11 0 15 0 

第7轮调度计算开始:
greedy:0
greedy:3
greedy:1
greedy:6
greedy:14
greedy:4
greedy:10
greedy:9
greedy:8
greedy:15
greedy:2
greedy:12
greedy:11
greedy:5
greedy:7
greedy:13
3 0 9 14 15 10 2 6 7 11 8 1 13 5 12 4 
0
0
choosen:
3 0 9 14 15 10 2 6 7 11 8 1 13 5 12 4 
old:
14 8 4 2 5 3 6 1 12 7 9 11 13 15 10 0 
new:1.52346 old:1.50282
last cost 矩阵:
0 0 0 0.115835 0 0 0.0498413 0 0 0 0.0555864 0.0354672 0.0355284 0.0355068 0.0439147 0.115847 
0.110106 0 0.0523885 0 0.0758591 0.0556958 0.0477612 0.106902 0.038538 0 0 0 0 0 0.0411961 0 
0.199768 0 0 0 0.131969 0.0999304 0 0 0.0712764 0.171155 0 0 0 0 0.0729677 0 
0 0 0.0804582 0 0.0648056 0 0 0.144178 0.0586816 0.161428 0.0809899 0 0 0.0520063 0.0624244 0 
0.198256 0 0 0 0.0848057 0.0987457 0 0 0 0.180384 0 0.0614353 0 0 0.0745375 0.19823 
0.223725 0.117229 0 0.223709 0 0 0 0.1915 0 0.195184 0.113451 0.070599 0 0 0 0.223756 
0 0 0.10978 0.219323 0.0925093 0.111937 0.146305 0.256814 0 0 0 0 0 0 0.0812 0 
0 0.0451996 0.0433371 0 0 0.0461131 0.0630726 0.0922939 0 0.0814414 0 0 0.0280775 0.028085 0 0 
0 0.102 0 0 0.102449 0 0.135025 0.170839 0 0 0.100615 0 0.0623133 0.0622971 0 0 
0 0 0.048608 0 0 0 0.0406518 0.0927333 0.0362491 0 0.0491485 0.0317625 0.0317383 0 0 0.102297 
0 0 0 0.144909 0 0 0.0728478 0 0.050375 0.125838 0 0 0.0448094 0 0.0532519 0.144926 
0 0.096911 0 0.190506 0 0 0 0 0.0677727 0.179736 0.0958522 0.0593788 0 0 0 0.190493 
0.112179 0.0546587 0.0533695 0.112208 0 0 0 0 0.0386892 0 0 0 0 0.033825 0 0.112208 
0.102856 0.0497768 0 0.102817 0 0.0512059 0 0 0 0 0 0.0307696 0 0.0307871 0 0.102817 
0 0.094746 0.0894426 0 0 0 0 0.176237 0.0646014 0 0.0889319 0.0564621 0.0564974 0.0564409 0 0 
0.128142 0.0619193 0 0 0.0879889 0.0631113 0 0 0 0 0.0614151 0.0397826 0.0398037 0 0.0473577 0 

life 矩阵:
0 0 0 16 0 0 12 0 0 0 11 15 13 14 16 10 
16 0 10 0 15 14 11 12 16 0 0 0 0 0 13 0 
15 0 0 0 16 13 0 0 12 16 0 0 0 0 10 0 
0 0 16 0 10 0 0 11 15 14 13 0 0 12 16 0 
14 0 0 0 11 16 0 0 0 12 0 13 0 0 15 16 
13 14 0 16 0 0 0 15 0 11 16 10 0 0 0 12 
0 0 16 13 12 15 16 10 0 0 0 0 0 0 11 0 
0 16 12 0 0 11 16 13 0 15 0 0 14 10 0 0 
0 12 0 0 13 0 15 16 0 0 10 0 16 11 0 0 
0 0 11 0 0 0 10 16 13 0 14 16 12 0 0 15 
0 0 0 10 0 0 13 0 16 16 0 0 15 0 12 14 
0 16 0 15 0 0 0 0 10 13 12 16 0 0 0 11 
10 11 15 12 0 0 0 0 14 0 0 0 0 16 0 13 
12 15 0 11 0 16 0 0 0 0 0 14 0 13 0 16 
0 10 13 0 0 0 0 14 11 0 16 12 16 15 0 0 
16 13 0 0 16 12 0 0 0 0 15 11 10 0 14 0 

第8轮调度计算开始:
greedy:7
greedy:8
greedy:9
greedy:3
greedy:14
greedy:6
greedy:2
greedy:5
greedy:1
greedy:4
greedy:0
greedy:11
greedy:15
greedy:13
greedy:10
greedy:12
7 13 10 6 8 4 9 14 15 1 5 12 11 2 3 0 
0
0
choosen:
7 13 10 6 8 4 9 14 15 1 5 12 11 2 3 0 
old:
14 8 4 2 5 3 6 1 12 7 9 11 13 15 10 0 
new:1.46292 old:1.39453
last cost 矩阵:
0 0 0 0.115835 0 0 0.0498413 0.107542 0 0 0.0555864 0.0354672 0.0355284 0.0355068 0.0437499 0.115847 
0.110106 0 0.0523885 0 0.0758591 0.0556958 0.0477612 0.106902 0.0389376 0 0 0 0 0.0341009 0.0411961 0 
0.199768 0 0 0 0.0783088 0.0999304 0 0 0.0712764 0.171155 0.0979017 0 0 0 0.0729677 0 
0 0 0.0792572 0 0.0648056 0 0.06444 0.144178 0.0586816 0.161428 0.0809899 0 0 0.0520063 0.0624244 0 
0.198256 0 0 0 0.0848057 0.0987559 0 0 0.0690884 0.180384 0 0.0614353 0 0 0.0745375 0.19823 
0.223725 0.117229 0 0.223709 0.0889343 0 0 0.1915 0 0.195184 0.113451 0.070599 0 0 0 0.223756 
0 0 0.10978 0.219323 0.0925093 0.111937 0.0861974 0.256814 0 0.195855 0 0 0 0 0.0812 0 
0 0.0433074 0.0433371 0 0 0.0461131 0.0630726 0.0922939 0 0.0814414 0 0 0.0280775 0.028085 0.0341843 0 
0 0.102 0 0 0.102449 0 0.135025 0.170839 0 0 0.100615 0 0.0623295 0.0622971 0 0.199337 
0 0.0496929 0.048608 0 0 0 0.0406518 0.0974948 0.0362491 0 0.0491485 0.0317625 0.0317383 0 0 0.102297 
0 0 0 0.144909 0 0.07152 0.0728478 0 0.050375 0.129101 0 0 0.0448094 0 0.0532519 0.144926 
0 0.096911 0 0.190506 0 0 0 0 0.0677727 0.179736 0.0958522 0.0594015 0.0594015 0 0 0.190493 
0.112179 0.0546587 0.0533695 0.112208 0 0 0 0 0.0386892 0 0 0.0338351 0 0.0338351 0 0.112208 
0.102856 0.0497768 0.0478248 0.102817 0 0.0512059 0 0 0 0 0 0.0307696 0 0.0307871 0 0.102831 
0 0.094746 0.0894426 0.181107 0 0 0 0.176237 0.0646014 0 0.0891552 0.0564621 0.0564974 0.0564409 0 0 
0.128156 0.0619193 0 0 0.0879889 0.0631113 0 0 0 0 0.0614151 0.0397826 0.0398037 0 0.0473577 0 

life 矩阵:
0 0 0 15 0 0 11 16 0 0 10 14 12 13 16 9 
15 0 9 0 14 13 10 11 16 0 0 0 0 16 12 0 
14 0 0 0 16 12 0 0 11 15 16 0 0 0 9 0 
0 0 16 0 9 0 16 10 14 13 12 0 0 11 15 0 
13 0 0 0 10 16 0 0 16 11 0 12 0 0 14 15 
12 13 0 16 16 0 0 14 0 10 15 9 0 0 0 11 
0 0 15 12 11 14 16 9 0 16 0 0 0 0 10 0 
0 16 11 0 0 10 15 12 0 14 0 0 13 9 16 0 
0 11 0 0 12 0 14 15 0 0 9 0 16 10 0 16 
0 16 10 0 0 0 9 16 12 0 13 15 11 0 0 14 
0 0 0 9 0 16 12 0 15 16 0 0 14 0 11 13 
0 15 0 14 0 0 0 0 9 12 11 16 16 0 0 10 
9 10 14 11 0 0 0 0 13 0 0 16 0 16 0 12 
11 14 16 10 0 15 0 0 0 0 0 13 0 12 0 16 
0 9 12 16 0 0 0 13 10 0 16 11 15 14 0 0 
16 12 0 0 15 11 0 0 0 0 14 10 9 0 13 0 

第9轮调度计算开始:
greedy:0
greedy:11
greedy:9
greedy:5
greedy:14
greedy:12
greedy:1
greedy:3
greedy:10
greedy:2
greedy:13
greedy:6
greedy:15
greedy:8
greedy:4
greedy:7
7 2 3 5 6 14 8 10 9 13 11 1 0 12 4 15 
0.107542
15
choosen:
7 2 3 5 6 14 8 10 9 13 11 1 0 12 4 15 
old:
14 8 4 2 5 3 6 1 12 7 9 11 13 15 10 0 
new:1.43921 old:1.42154
last cost 矩阵:
0 0 0 0.115835 0 0 0.0498413 0.111963 0 0 0.0555864 0.0354672 0.0355284 0.0355068 0.0430121 0.115847 
0.110106 0 0.0508133 0 0.0758591 0.0556958 0.0477612 0.106902 0.0388188 0 0 0 0 0.0341009 0.0411961 0 
0.199768 0 0 0.199808 0.0875019 0.0999304 0 0 0.0712764 0.171155 0.0979017 0 0 0 0.0729677 0 
0 0 0.0791423 0 0.0648056 0.082624 0.06444 0.144178 0.0586816 0.161428 0.0809899 0 0 0.0520063 0.0624244 0 
0.198256 0 0 0 0.0848057 0.0987457 0.0858165 0 0.0690884 0.180384 0 0.0614353 0 0 0.0745375 0.19823 
0.223725 0.117229 0 0.22374 0.0889343 0 0 0.1915 0 0.195184 0.113451 0.070599 0 0 0.0837899 0.223756 
0 0 0.10978 0.219323 0.0925093 0.111937 0.0954225 0.256814 0.0766303 0.195855 0 0 0 0 0.0812 0 
0 0.0443019 0.0433371 0 0 0.0461131 0.0630726 0.0922939 0 0.0814414 0.04198 0 0.0280775 0.028085 0.0341843 0 
0 0.102 0 0 0.102449 0 0.135025 0.170839 0 0.183269 0.100615 0 0.0622809 0.0622971 0 0.199337 
0 0.0496929 0.048608 0 0 0 0.0406518 0.100133 0.0362491 0 0.0491485 0.0317625 0.0317383 0.0317413 0 0.102297 
0 0 0 0.144909 0 0.07152 0.0728478 0 0.050375 0.135514 0 0.0448296 0.0448094 0 0.0532519 0.144926 
0 0.0942996 0 0.190506 0 0 0 0 0.0677727 0.179736 0.0958522 0.0593485 0.0594015 0 0 0.190493 
0.112202 0.0546587 0.0533695 0.112208 0 0 0 0 0.0386892 0 0 0.0338351 0 0.0349806 0 0.112208 
0.102856 0.0497768 0.0478248 0.102817 0 0.0512059 0 0 0 0 0 0.0307696 0.0318956 0.0307871 0 0.102851 
0 0.094746 0.0894426 0.181107 0.0793685 0 0 0.176237 0.0646014 0 0.0875678 0.0564621 0.0564974 0.0564409 0 0 
0.128184 0.0619193 0 0 0.0879889 0.0631113 0 0 0 0 0.0614151 0.0397826 0.0398037 0 0.0473577 0.128184 

life 矩阵:
0 0 0 14 0 0 10 16 0 0 9 13 11 12 16 8 
14 0 16 0 13 12 9 10 16 0 0 0 0 15 11 0 
13 0 0 16 16 11 0 0 10 14 15 0 0 0 8 0 
0 0 16 0 8 16 15 9 13 12 11 0 0 10 14 0 
12 0 0 0 9 16 16 0 15 10 0 11 0 0 13 14 
11 12 0 16 15 0 0 13 0 9 14 8 0 0 16 10 
0 0 14 11 10 13 16 8 16 15 0 0 0 0 9 0 
0 16 10 0 0 9 14 11 0 13 16 0 12 8 15 0 
0 10 0 0 11 0 13 14 0 16 8 0 16 9 0 15 
0 15 9 0 0 0 8 16 11 0 12 14 10 16 0 13 
0 0 0 8 0 15 11 0 14 16 0 16 13 0 10 12 
0 16 0 13 0 0 0 0 8 11 10 16 15 0 0 9 
16 9 13 10 0 0 0 0 12 0 0 15 0 16 0 11 
10 13 15 9 0 14 0 0 0 0 0 12 16 11 0 16 
0 8 11 15 16 0 0 12 9 0 16 10 14 13 0 0 
16 11 0 0 14 10 0 0 0 0 13 9 8 0 12 16 

第10轮调度计算开始:
greedy:15
greedy:13
greedy:0
greedy:5
greedy:1
greedy:14
greedy:4
greedy:10
greedy:7
greedy:2
greedy:11
greedy:8
greedy:3
greedy:6
greedy:9
greedy:12
8 11 6 15 0 12 13 3 2 9 1 5 4 10 14 7 
0
0
choosen:
8 11 6 15 0 12 13 3 2 9 1 5 4 10 14 7 
old:
14 8 4 2 5 3 6 1 12 7 9 11 13 15 10 0 
new:1.55612 old:1.61776
last cost 矩阵:
0 0 0 0.115835 0 0 0.0498413 0.111963 0.0404004 0 0.0555864 0.0354672 0.0355284 0.0355068 0.0425779 0.115847 
0.110106 0 0.0508133 0 0.0758591 0.0556958 0.0477612 0.106902 0.0388296 0 0 0.0340807 0 0.0341009 0.0411961 0 
0.199768 0 0 0.199808 0.182963 0.0999304 0.182963 0 0.0712764 0.171155 0.0979017 0 0 0 0.0729677 0 
0 0 0.0790401 0 0.0648056 0.082624 0.06444 0.144178 0.0586816 0.161428 0.0809899 0 0 0.0520063 0.0624244 0.166001 
0.198269 0 0 0 0.0848057 0.0987457 0.0858165 0 0.0690884 0.180384 0 0.0614353 0 0 0.0745375 0.19823 
0.223725 0.117229 0 0.22374 0.0889343 0 0 0.1915 0 0.195184 0.113451 0.070599 0.0705606 0 0.0837899 0.223756 
0 0 0.10978 0.219323 0.0925093 0.111937 0.204031 0.256814 0.0766303 0.195855 0 0 0 0.0684657 0.0812 0 
0 0.0479052 0.0433371 0.0918077 0 0.0461131 0.0630726 0.0922939 0 0.0814414 0.04198 0 0.0280775 0.028085 0.0341843 0 
0 0.102 0.0974792 0 0.102449 0 0.135025 0.170839 0 0.183269 0.100615 0 0.0622971 0.0622971 0 0.199337 
0 0.0496929 0.048608 0 0 0 0.0406518 0.0959999 0.0362491 0.0959999 0.0491485 0.0317625 0.0317383 0.0317413 0 0.102297 
0 0.0759118 0 0.144909 0 0.07152 0.0728478 0 0.050375 0.129948 0 0.0448296 0.0448094 0 0.0532519 0.144926 
0 0.0942996 0 0.190506 0 0.0960596 0 0 0.0677727 0.179736 0.0958522 0.0593712 0.0594015 0 0 0.190493 
0.112202 0.0546587 0.0533695 0.112208 0.10618 0 0 0 0.0386892 0 0 0.0338351 0 0.0338149 0 0.112208 
0.102856 0.0497768 0.0478248 0.102817 0 0.0512059 0 0 0 0 0.0476812 0.0307696 0.0318956 0.0307871 0 0.102851 
0 0.094746 0.0894426 0.181107 0.0793685 0 0 0.176237 0.0646014 0 0.0874653 0.0564621 0.0564974 0.0564409 0.0673919 0 
0.128177 0.0619193 0 0 0.0879889 0.0631113 0 0.116872 0 0 0.0614151 0.0397826 0.0398037 0 0.0473577 0.128184 

life 矩阵:
0 0 0 13 0 0 9 15 16 0 8 12 10 11 16 7 
13 0 15 0 12 11 8 9 16 0 0 16 0 14 10 0 
12 0 0 15 16 10 16 0 9 13 14 0 0 0 7 0 
0 0 16 0 7 15 14 8 12 11 10 0 0 9 13 16 
16 0 0 0 8 16 15 0 14 9 0 10 0 0 12 13 
10 11 0 16 14 0 0 12 0 8 13 7 16 0 15 9 
0 0 13 10 9 12 16 7 15 14 0 0 0 16 8 0 
0 16 9 16 0 8 13 10 0 12 15 0 11 7 14 0 
0 9 16 0 10 0 12 13 0 15 7 0 16 8 0 14 
0 14 8 0 0 0 7 16 10 16 11 13 9 15 0 12 
0 16 0 7 0 14 10 0 13 16 0 15 12 0 9 11 
0 15 0 12 0 16 0 0 7 10 9 16 14 0 0 8 
15 8 12 9 16 0 0 0 11 0 0 14 0 16 0 10 
9 12 14 8 0 13 0 0 0 0 16 11 15 10 0 16 
0 7 10 14 15 0 0 11 8 0 16 9 13 12 16 0 
16 10 0 0 13 9 0 16 0 0 12 8 7 0 11 15 

第11轮调度计算开始:
greedy:10
greedy:4
greedy:0
greedy:7
greedy:12
greedy:6
greedy:1
greedy:2
greedy:9
greedy:11
greedy:8
greedy:15
greedy:5
greedy:3
greedy:13
greedy:14
5 0 3 1 2 13 12 11 8 14 10 4 7 6 15 9 
0
0
choosen:
5 0 3 1 2 13 12 11 8 14 10 4 7 6 15 9 
old:
8 11 6 15 0 12 13 3 2 9 1 5 4 10 14 7 
new:1.41474 old:1.39353
last cost 矩阵:
0 0 0 0.115835 0 0.0573977 0.0498413 0.111963 0.0415475 0 0.0555864 0.0354672 0.0355284 0.0355068 0.0425779 0.115847 
0.11015 0 0.0508133 0 0.0758591 0.0556958 0.0477612 0.106902 0.0388296 0 0 0.0340975 0 0.0341009 0.0411961 0 
0.199768 0 0 0.199781 0.182963 0.0999304 0.0893836 0 0.0712764 0.171155 0.0979017 0 0 0 0.0729677 0 
0 0.0819312 0.0790401 0 0.0648056 0.082624 0.06444 0.144178 0.0586816 0.161428 0.0809899 0 0 0.0520063 0.0624244 0.165991 
0.198243 0 0.0914094 0 0.0848057 0.0987457 0.0858165 0 0.0690884 0.180384 0 0.0614353 0 0 0.0745375 0.19823 
0.223725 0.117229 0 0.22374 0.0889343 0 0 0.1915 0 0.195184 0.113451 0.070599 0.0705894 0.0705894 0.0837899 0.223756 
0 0 0.10978 0.219323 0.0925093 0.111937 0.204031 0.256814 0.0766303 0.195855 0 0 0.0684933 0.0684933 0.0812 0 
0 0.0479052 0.0433371 0.0918036 0 0.0461131 0.0630726 0.0922939 0 0.0814414 0.04198 0.0280825 0.0280775 0.028085 0.0341843 0 
0 0.102 0.0937344 0 0.102449 0 0.135025 0.170839 0.0712851 0.183269 0.100615 0 0.0622971 0.0622971 0 0.199337 
0 0.0496929 0.048608 0 0 0 0.0406518 0.0959999 0.0362491 0.0937206 0.0491485 0.0317625 0.0317383 0.0317413 0.0376028 0.102297 
0 0.0712182 0 0.144909 0 0.07152 0.0728478 0 0.050375 0.129948 0.0656337 0.0448296 0.0448094 0 0.0532519 0.144926 
0 0.0942996 0 0.190506 0.0868792 0.0960694 0 0 0.0677727 0.179736 0.0958522 0.0593712 0.0594015 0 0 0.190493 
0.112202 0.0546587 0.0533695 0.112208 0.0519987 0 0 0.101713 0.0386892 0 0 0.0338351 0 0.0338149 0 0.112208 
0.102856 0.0497768 0.0478248 0.102817 0 0.0512059 0.0475884 0 0 0 0.0449269 0.0307696 0.0318956 0.0307871 0 0.102851 
0 0.094746 0.0894426 0.181107 0.0793685 0 0 0.176237 0.0646014 0 0.0874653 0.0564621 0.0564974 0.0564409 0.0666294 0.181119 
0.128177 0.0619193 0 0 0.0879889 0.0631113 0 0.115085 0 0.115085 0.0614151 0.0397826 0.0398037 0 0.0473577 0.128184 

life 矩阵:
0 0 0 12 0 16 8 14 16 0 7 11 9 10 15 6 
16 0 14 0 11 10 7 8 15 0 0 16 0 13 9 0 
11 0 0 16 15 9 16 0 8 12 13 0 0 0 6 0 
0 16 15 0 6 14 13 7 11 10 9 0 0 8 12 16 
16 0 16 0 7 15 14 0 13 8 0 9 0 0 11 12 
9 10 0 15 13 0 0 11 0 7 12 6 16 16 14 8 
0 0 12 9 8 11 15 6 14 13 0 0 16 16 7 0 
0 15 8 16 0 7 12 9 0 11 14 16 10 6 13 0 
0 8 16 0 9 0 11 12 16 14 6 0 15 7 0 13 
0 13 7 0 0 0 6 15 9 16 10 12 8 14 16 11 
0 16 0 6 0 13 9 0 12 15 16 14 11 0 8 10 
0 14 0 11 16 16 0 0 6 9 8 15 13 0 0 7 
14 7 11 8 16 0 0 16 10 0 0 13 0 15 0 9 
8 11 13 7 0 12 16 0 0 0 16 10 14 9 0 15 
0 6 9 13 14 0 0 10 7 0 15 8 12 11 16 16 
15 9 0 0 12 8 0 16 0 16 11 7 6 0 10 14 

第12轮调度计算开始:
greedy:14
greedy:2
greedy:13
greedy:10
greedy:1
greedy:3
greedy:11
greedy:4
greedy:15
greedy:6
greedy:0
greedy:5
greedy:9
greedy:7
greedy:8
greedy:12
9 12 1 0 10 6 15 5 11 4 2 13 14 7 8 3 
0
0
choosen:
9 12 1 0 10 6 15 5 11 4 2 13 14 7 8 3 
old:
8 11 6 15 0 12 13 3 2 9 1 5 4 10 14 7 
new:1.42105 old:1.38876
last cost 矩阵:
0 0 0 0.115835 0 0.0573977 0.0498413 0.111963 0.0405465 0.111784 0.0555864 0.0354672 0.0355284 0.0355068 0.0425779 0.115847 
0.11015 0 0.0508133 0 0.0758591 0.0556958 0.0477612 0.106902 0.0388296 0 0 0.0340639 0.0340639 0.0341009 0.0411961 0 
0.199768 0.101985 0 0.199781 0.182963 0.0999304 0.0787304 0 0.0712764 0.171155 0.0979017 0 0 0 0.0729677 0 
0.16597 0.0819312 0.0790401 0 0.0648056 0.082624 0.06444 0.144178 0.0586816 0.161428 0.0809899 0 0 0.0520063 0.0624244 0.16597 
0.19823 0 0.0914094 0 0.0848057 0.0987457 0.0858165 0 0.0690884 0.180384 0.0918408 0.0614353 0 0 0.0745375 0.19823 
0.223725 0.117229 0 0.22374 0.0889343 0 0.0894115 0.1915 0 0.195184 0.113451 0.070599 0.0705414 0.0705894 0.0837899 0.223756 
0 0 0.10978 0.219323 0.0925093 0.111937 0.204031 0.256814 0.0766303 0.195855 0 0 0.0684933 0.068438 0.0812 0.219323 
0 0.0479052 0.0433371 0.0917873 0 0.0461033 0.0630726 0.0922939 0 0.0814414 0.04198 0.0280825 0.0280775 0.028085 0.0341843 0 
0 0.102 0.0926875 0 0.102449 0 0.135025 0.170839 0.0712851 0.183269 0.100615 0.0622728 0.0622971 0.0622971 0 0.199337 
0 0.0496929 0.048608 0 0.0419642 0 0.0406518 0.0959999 0.0362491 0.0998788 0.0491485 0.0317625 0.0317383 0.0317413 0.0376028 0.102297 
0 0.0723272 0.0648558 0.144909 0 0.07152 0.0728478 0 0.050375 0.129948 0.0656337 0.0448296 0.0448094 0 0.0532519 0.144926 
0 0.0942996 0 0.190506 0.0868792 0.0960498 0 0 0.0677727 0.179736 0.0958522 0.0593712 0.0594015 0.0593485 0 0.190493 
0.112202 0.0546587 0.0533695 0.112208 0.0448557 0 0 0.101713 0.0386892 0 0 0.0338351 0 0.0338149 0.0408271 0.112208 
0.102856 0.0497768 0.0478248 0.102817 0 0.0512059 0.0475884 0.0994006 0 0 0.0455495 0.0307696 0.0318956 0.0307871 0 0.102851 
0 0.094746 0.0894426 0.181107 0.0793685 0 0 0.176237 0.0637387 0 0.0874653 0.0564621 0.0564974 0.0564409 0.0675424 0.181119 
0.128177 0.0619193 0 0.128156 0.0879889 0.0631113 0 0.121563 0 0.115085 0.0614151 0.0397826 0.0398037 0 0.0473577 0.128184 

life 矩阵:
0 0 0 11 0 15 7 13 16 16 6 10 8 9 14 5 
15 0 13 0 10 9 6 7 14 0 0 16 16 12 8 0 
10 16 0 15 14 8 16 0 7 11 12 0 0 0 5 0 
16 15 14 0 5 13 12 6 10 9 8 0 0 7 11 16 
16 0 15 0 6 14 13 0 12 7 16 8 0 0 10 11 
8 9 0 14 12 0 16 10 0 6 11 5 16 15 13 7 
0 0 11 8 7 10 14 5 13 12 0 0 15 16 6 16 
0 14 7 16 0 16 11 8 0 10 13 15 9 5 12 0 
0 7 16 0 8 0 10 11 15 13 5 16 14 6 0 12 
0 12 6 0 16 0 5 14 8 16 9 11 7 13 15 10 
0 16 16 5 0 12 8 0 11 14 15 13 10 0 7 9 
0 13 0 10 15 16 0 0 5 8 7 14 12 16 0 6 
13 6 10 7 16 0 0 15 9 0 0 12 0 14 16 8 
7 10 12 6 0 11 15 16 0 0 16 9 13 8 0 14 
0 5 8 12 13 0 0 9 16 0 14 7 11 10 16 15 
14 8 0 16 11 7 0 16 0 15 10 6 5 0 9 13 

第13轮调度计算开始:
greedy:10
greedy:3
greedy:0
greedy:5
greedy:12
greedy:2
greedy:8
greedy:11
greedy:13
greedy:1
greedy:9
greedy:4
greedy:6
greedy:7
greedy:14
greedy:15
7 10 2 11 3 5 1 8 4 6 15 0 12 14 9 13 
0.111963
12
choosen:
7 10 2 11 3 5 1 8 4 6 15 0 12 14 9 13 
old:
8 11 6 15 0 12 13 3 2 9 1 5 4 10 14 7 
new:1.52702 old:1.41439
last cost 矩阵:
0 0 0 0.115835 0 0.0573977 0.0498413 0.125616 0.0404735 0.111784 0.0555864 0.0354672 0.0355284 0.0355068 0.0425779 0.115847 
0.11015 0 0.0508133 0 0.0758591 0.0556958 0.0477612 0.106902 0.0388296 0 0.049184 0.0340773 0.0340639 0.0341009 0.0411961 0 
0.199768 0.101985 0.09375 0.199781 0.182963 0.0999304 0.071456 0 0.0712764 0.171155 0.0979017 0 0 0 0.0729677 0 
0.16597 0.0819312 0.0790401 0 0.0648056 0.082624 0.06444 0.144178 0.0586816 0.161428 0.0809899 0.0520187 0 0.0520063 0.0624244 0.171509 
0.200133 0 0.0914094 0.200133 0.0848057 0.0987457 0.0858165 0 0.0690884 0.180384 0.0918408 0.0614353 0 0 0.0745375 0.19823 
0.223725 0.117229 0 0.22374 0.0889343 0.114727 0.0894115 0.1915 0 0.195184 0.113451 0.070599 0.070551 0.0705894 0.0837899 0.223756 
0 0.107163 0.10978 0.219323 0.0925093 0.111937 0.204031 0.256814 0.0766303 0.195855 0 0 0.0684933 0.0684564 0.0812 0.219323 
0 0.0479052 0.0433371 0.0947691 0 0.0461033 0.0630726 0.0922939 0.0310533 0.0814414 0.04198 0.0280825 0.0280775 0.028085 0.0341843 0 
0 0.102 0.0935781 0 0.071296 0 0.135025 0.170839 0.0712851 0.183269 0.100615 0.0622728 0.0622971 0.0622971 0 0.199337 
0 0.0496929 0.048608 0 0.0419642 0 0.0380525 0.0959999 0.0362491 0.111824 0.0491485 0.0317625 0.0317383 0.0317413 0.0376028 0.102297 
0 0.0693563 0.0648558 0.144909 0 0.07152 0.0728478 0 0.050375 0.129948 0.0656337 0.0448296 0.0448094 0 0.0532519 0.147405 
0.195889 0.0942996 0 0.190506 0.0868792 0.0960596 0 0 0.0677727 0.179736 0.0958522 0.0593712 0.0594015 0.0593485 0 0.190493 
0.112202 0.0546587 0.0533695 0.112208 0.0409665 0 0 0.101713 0.0386892 0 0 0.0338351 0.034984 0.0338149 0.0408271 0.112208 
0.102856 0.0497768 0.0478248 0.102817 0 0.0512059 0.0475884 0.0994006 0 0 0.0460636 0.0307696 0.0318956 0.0307871 0.0374851 0.102851 
0 0.094746 0.0894426 0.181107 0.0793685 0 0 0.176237 0.0637387 0.18848 0.0874653 0.0564621 0.0564974 0.0564409 0.0677483 0.181119 
0.128177 0.0619193 0 0.128156 0.0879889 0.0631113 0 0.13737 0 0.115085 0.0614151 0.0397826 0.0398037 0.0397784 0.0473577 0.128184 

life 矩阵:
0 0 0 10 0 14 6 16 16 15 5 9 7 8 13 4 
14 0 12 0 9 8 5 6 13 0 16 16 15 11 7 0 
9 15 16 14 13 7 16 0 6 10 11 0 0 0 4 0 
15 14 13 0 4 12 11 5 9 8 7 16 0 6 10 16 
16 0 14 16 5 13 12 0 11 6 15 7 0 0 9 10 
7 8 0 13 11 16 15 9 0 5 10 4 16 14 12 6 
0 16 10 7 6 9 13 4 12 11 0 0 14 16 5 15 
0 13 6 16 0 15 10 7 16 9 12 14 8 4 11 0 
0 6 16 0 16 0 9 10 14 12 4 15 13 5 0 11 
0 11 5 0 15 0 16 13 7 16 8 10 6 12 14 9 
0 16 15 4 0 11 7 0 10 13 14 12 9 0 6 16 
16 12 0 9 14 16 0 0 4 7 6 13 11 15 0 5 
12 5 9 6 16 0 0 14 8 0 0 11 16 13 15 7 
6 9 11 5 0 10 14 15 0 0 16 8 12 7 16 13 
0 4 7 11 12 0 0 8 15 16 13 6 10 9 16 14 
13 7 0 15 10 6 0 16 0 14 9 5 4 16 8 12 

第14轮调度计算开始:
greedy:0
greedy:13
greedy:3
greedy:5
greedy:6
greedy:4
greedy:7
greedy:1
greedy:2
greedy:8
greedy:9
greedy:10
greedy:11
greedy:12
greedy:14
greedy:15
8 12 15 1 13 14 9 10 5 3 7 0 11 4 6 2 
0.0404735
15
choosen:
8 12 15 1 13 14 9 10 5 3 7 0 11 4 6 2 
old:
8 11 6 15 0 12 13 3 2 9 1 5 4 10 14 7 
new:1.52101 old:1.41163
last cost 矩阵:
0 0 0 0.115835 0 0.0573977 0.0498413 0.125616 0.0402428 0.111784 0.0555864 0.0354672 0.0355284 0.0355068 0.0425779 0.115847 
0.11015 0 0.0508133 0 0.0758591 0.0556958 0.0477612 0.106902 0.0388296 0 0.049184 0.0341211 0.0341211 0.0341009 0.0411961 0 
0.199768 0.101985 0.09375 0.199781 0.182963 0.0999304 0.0789301 0 0.0712764 0.171155 0.0979017 0 0 0 0.0729677 0.199768 
0.16597 0.0840902 0.0790401 0 0.0648056 0.082624 0.06444 0.144178 0.0586816 0.161428 0.0809899 0.0520187 0 0.0520063 0.0624244 0.16596 
0.198216 0 0.0914094 0.200133 0.0848057 0.0987457 0.0858165 0 0.0690884 0.180384 0.0918408 0.0614353 0 0.0614432 0.0745375 0.19823 
0.223725 0.117229 0 0.22374 0.0889343 0.114727 0.0894115 0.1915 0 0.195184 0.113451 0.070599 0.0706278 0.0705894 0.0837474 0.223756 
0 0.107163 0.10978 0.219323 0.0925093 0.111937 0.204031 0.256814 0.0766303 0.233663 0 0 0.0684933 0.0685302 0.0812 0.219323 
0 0.0479052 0.0433371 0.0917873 0 0.0461033 0.0630726 0.0922939 0.0310533 0.0814414 0.0369459 0.0280825 0.0280775 0.028085 0.0341843 0 
0 0.102 0.0853514 0 0.071296 0.101708 0.135025 0.170839 0.0712851 0.183269 0.100615 0.0622728 0.0622971 0.0622971 0 0.199337 
0 0.0496929 0.048608 0.102302 0.0419642 0 0.0380525 0.0959999 0.0362491 0.114782 0.0491485 0.0317625 0.0317383 0.0317413 0.0376028 0.102297 
0 0.0733594 0.0648558 0.144909 0 0.07152 0.0728478 0.154418 0.050375 0.129948 0.0656337 0.0448296 0.0448094 0 0.0532519 0.147405 
0.190506 0.0942996 0 0.190506 0.0868792 0.0960694 0 0 0.0677727 0.179736 0.0958522 0.0593712 0.0594015 0.0593485 0 0.190493 
0.112202 0.0546587 0.0533695 0.112208 0.0450019 0 0 0.101713 0.0386892 0 0 0.0338519 0.034984 0.0338149 0.0408271 0.112208 
0.102856 0.0497768 0.0478248 0.102817 0.0406518 0.0512059 0.0475884 0.0994006 0 0 0.0416745 0.0307696 0.0318956 0.0307871 0.0374851 0.102851 
0 0.094746 0.0894426 0.181107 0.0793685 0 0.0708864 0.176237 0.0637387 0.18848 0.0874653 0.0564621 0.0564974 0.0564409 0.0665055 0.181119 
0.128177 0.0619193 0.0526595 0.128156 0.0879889 0.0631113 0 0.140469 0 0.115085 0.0614151 0.0397826 0.0398037 0.0397784 0.0473577 0.128184 

life 矩阵:
0 0 0 9 0 13 5 15 16 14 4 8 6 7 12 3 
13 0 11 0 8 7 4 5 12 0 15 16 16 10 6 0 
8 14 15 13 12 6 16 0 5 9 10 0 0 0 3 16 
14 16 12 0 3 11 10 4 8 7 6 15 0 5 9 16 
16 0 13 15 4 12 11 0 10 5 14 6 0 16 8 9 
6 7 0 12 10 15 14 8 0 4 9 3 16 13 16 5 
0 15 9 6 5 8 12 3 11 16 0 0 13 16 4 14 
0 12 5 16 0 14 9 6 15 8 16 13 7 3 10 0 
0 5 16 0 15 16 8 9 13 11 3 14 12 4 0 10 
0 10 4 16 14 0 15 12 6 16 7 9 5 11 13 8 
0 16 14 3 0 10 6 16 9 12 13 11 8 0 5 15 
16 11 0 8 13 16 0 0 3 6 5 12 10 14 0 4 
11 4 8 5 16 0 0 13 7 0 0 16 15 12 14 6 
5 8 10 4 16 9 13 14 0 0 16 7 11 6 15 12 
0 3 6 10 11 0 16 7 14 15 12 5 9 8 16 13 
12 6 16 14 9 5 0 16 0 13 8 4 3 15 7 11 

第15轮调度计算开始:
greedy:7
greedy:12
greedy:2
greedy:14
greedy:8
greedy:0
greedy:4
greedy:10
greedy:1
greedy:5
greedy:3
greedy:6
greedy:9
greedy:11
greedy:13
greedy:15
2 11 12 6 7 8 10 15 9 5 4 14 0 3 1 13 
0
0
choosen:
2 11 12 6 7 8 10 15 9 5 4 14 0 3 1 13 
old:
8 11 6 15 0 12 13 3 2 9 1 5 4 10 14 7 
new:1.43902 old:1.43026
last cost 矩阵:
0 0 0.045945 0.115835 0 0.0573977 0.0498413 0.125616 0.0406349 0.111784 0.0555864 0.0354672 0.0355284 0.0355068 0.0425779 0.115847 
0.11015 0 0.0508133 0 0.0758591 0.0556958 0.0477612 0.106902 0.0388296 0 0.049184 0.0340908 0.0341211 0.0341009 0.0411961 0 
0.199768 0.101985 0.09375 0.199781 0.182963 0.0999304 0.09654 0 0.0712764 0.171155 0.0979017 0 0.0624429 0 0.0729677 0.199768 
0.16597 0.0840902 0.0790401 0 0.0648056 0.082624 0.0803827 0.144178 0.0586816 0.161428 0.0809899 0.0520187 0 0.0520063 0.0624244 0.165991 
0.198256 0 0.0914094 0.200133 0.0848057 0.0987457 0.0858165 0.207946 0.0690884 0.180384 0.0918408 0.0614353 0 0.0614432 0.0745375 0.19823 
0.223725 0.117229 0 0.22374 0.0889343 0.114727 0.0894115 0.1915 0.07934 0.195184 0.113451 0.070599 0.0705894 0.0705894 0.0837474 0.223756 
0 0.107163 0.10978 0.219323 0.0925093 0.111937 0.204031 0.256814 0.0766303 0.233663 0.0918723 0 0.0684933 0.0684841 0.0812 0.219323 
0 0.0479052 0.0433371 0.0918036 0 0.0461033 0.0630726 0.0922939 0.0310533 0.0814414 0.0369459 0.0280825 0.0280775 0.028085 0.0341843 0.0918036 
0 0.102 0.0827048 0 0.071296 0.101708 0.135025 0.170839 0.0712851 0.208395 0.100615 0.0622728 0.0622971 0.0622971 0 0.199337 
0 0.0496929 0.048608 0.102302 0.0419642 0.0509407 0.0380525 0.0959999 0.0362491 0.1136 0.0491485 0.0317625 0.0317383 0.0317413 0.0376028 0.102297 
0 0.0719692 0.0648558 0.144909 0.0689194 0.07152 0.0728478 0.154418 0.050375 0.129948 0.0656337 0.0448296 0.0448094 0 0.0532519 0.147405 
0.190506 0.0942996 0 0.190506 0.0868792 0.0960498 0 0 0.0677727 0.179736 0.0958522 0.0593712 0.0594015 0.0593485 0.0697095 0.190493 
0.112208 0.0546587 0.0533695 0.112208 0.0554436 0 0 0.101713 0.0386892 0 0 0.0338519 0.034984 0.0338149 0.0408271 0.112208 
0.102856 0.0497768 0.0478248 0.102856 0.0406518 0.0512059 0.0475884 0.0994006 0 0 0.0402612 0.0307696 0.0318956 0.0307871 0.0374851 0.102851 
0 0.092374 0.0894426 0.181107 0.0793685 0 0.0708864 0.176237 0.0637387 0.18848 0.0874653 0.0564621 0.0564974 0.0564409 0.0665287 0.181119 
0.128177 0.0619193 0.0526595 0.128156 0.0879889 0.0631113 0 0.137314 0 0.115085 0.0614151 0.0397826 0.0398037 0.0397953 0.0473577 0.128184 

life 矩阵:
0 0 16 8 0 12 4 14 16 13 3 7 5 6 11 2 
12 0 10 0 7 6 3 4 11 0 14 16 15 9 5 0 
7 13 14 12 11 5 16 0 4 8 9 0 16 0 2 15 
13 15 11 0 2 10 16 3 7 6 5 14 0 4 8 16 
16 0 12 14 3 11 10 16 9 4 13 5 0 15 7 8 
5 6 0 11 9 14 13 7 16 3 8 2 16 12 15 4 
0 14 8 5 4 7 11 2 10 15 16 0 12 16 3 13 
0 11 4 16 0 13 8 5 14 7 15 12 6 2 9 16 
0 4 16 0 14 15 7 8 12 16 2 13 11 3 0 9 
0 9 3 15 13 16 14 11 5 16 6 8 4 10 12 7 
0 16 13 2 16 9 5 15 8 11 12 10 7 0 4 14 
15 10 0 7 12 16 0 0 2 5 4 11 9 13 16 3 
16 3 7 4 16 0 0 12 6 0 0 15 14 11 13 5 
4 7 9 16 15 8 12 13 0 0 16 6 10 5 14 11 
0 16 5 9 10 0 15 6 13 14 11 4 8 7 16 12 
11 5 15 13 8 4 0 16 0 12 7 3 2 16 6 10 

第16轮调度计算开始:
greedy:0
greedy:12
greedy:10
greedy:1
greedy:2
greedy:3
greedy:4
greedy:5
greedy:6
greedy:7
greedy:8
greedy:9
greedy:13
greedy:11
greedy:14
greedy:15
14 9 7 12 4 2 3 1 8 11 13 6 10 0 5 15 
0.0425779
10
choosen:
14 9 7 12 4 2 3 1 8 11 13 6 10 0 5 15 
old:
8 11 6 15 0 12 13 3 2 9 1 5 4 10 14 7 
new:1.46012 old:1.41528
last cost 矩阵:
0 0 0.045945 0.115835 0 0.0573977 0.0498413 0.125616 0.03945 0.111784 0.0555864 0.0354672 0.0355284 0.0355068 0.0429957 0.115847 
0.11015 0 0.0508133 0 0.0758591 0.0556958 0.0477612 0.106902 0.0388296 0.10112 0.049184 0.0340605 0.0341211 0.0341009 0.0411961 0 
0.199768 0.101985 0.09375 0.199781 0.182963 0.0999304 0.112597 0.173225 0.0712764 0.171155 0.0979017 0 0.0624429 0 0.0729677 0.199768 
0.16597 0.0840902 0.0790401 0 0.0648056 0.082624 0.0803827 0.144178 0.0586816 0.161428 0.0809899 0.0520187 0.052 0.0520063 0.0624244 0.16598 
0.198256 0 0.0914094 0.200133 0.112686 0.0987457 0.0858165 0.207946 0.0690884 0.180384 0.0918408 0.0614353 0 0.0614432 0.0745375 0.19823 
0.223725 0.117229 0.0932351 0.22374 0.0889343 0.114727 0.0894115 0.1915 0.07934 0.195184 0.113451 0.070599 0.0705318 0.0705894 0.0837474 0.223756 
0 0.107163 0.10978 0.219339 0.0925093 0.111937 0.204031 0.256814 0.0766303 0.233663 0.0918723 0 0.0684933 0.0684288 0.0812 0.219323 
0 0.0443513 0.0433371 0.0918036 0 0.0461033 0.0630726 0.0922939 0.0310533 0.0814414 0.0369459 0.0280825 0.0280775 0.028085 0.0341843 0.0918036 
0 0.102 0.0830482 0 0.071296 0.101708 0.135025 0.170839 0.0689807 0.208395 0.100615 0.0622728 0.0622971 0.0622971 0 0.199337 
0 0.0496929 0.048608 0.102302 0.0419642 0.0509407 0.0380525 0.0959999 0.0362491 0.0951678 0.0491485 0.0317322 0.0317383 0.0317413 0.0376028 0.102297 
0 0.071469 0.0648558 0.144909 0.0689194 0.07152 0.0728478 0.154418 0.050375 0.129948 0.0656337 0.0448296 0.0448094 0.0448145 0.0532519 0.147405 
0.190506 0.0942996 0 0.190506 0.0868792 0.0960792 0.108077 0 0.0677727 0.179736 0.0958522 0.0593712 0.0594015 0.0593485 0.0697095 0.190493 
0.112208 0.0546587 0.0533695 0.112208 0.0644197 0 0 0.101713 0.0386892 0 0.0442764 0.0338519 0.034984 0.0338149 0.0408271 0.112208 
0.102856 0.0497768 0.0478248 0.102856 0.0406518 0.0512059 0.0475884 0.0994006 0 0 0.0412383 0.0307696 0.0318956 0.0307871 0.0374851 0.102851 
0 0.092374 0.0894426 0.181107 0.0793685 0.0922429 0.0708864 0.176237 0.0637387 0.18848 0.0874653 0.0564621 0.0564974 0.0564409 0.0680493 0.181119 
0.128177 0.0619193 0.0526595 0.128156 0.0879889 0.0631113 0 0.114696 0 0.115085 0.0614151 0.0397826 0.0398037 0.0397953 0.0473577 0.128184 

life 矩阵:
0 0 15 7 0 11 3 13 16 12 2 6 4 5 16 1 
11 0 9 0 6 5 2 3 10 16 13 16 14 8 4 0 
6 12 13 11 10 4 16 16 3 7 8 0 15 0 1 14 
12 14 10 0 1 9 15 2 6 5 4 13 16 3 7 16 
16 0 11 13 16 10 9 15 8 3 12 4 0 14 6 7 
4 5 16 10 8 13 12 6 15 2 7 1 16 11 14 3 
0 13 7 16 3 6 10 1 9 14 15 0 11 16 2 12 
0 16 3 16 0 12 7 4 13 6 14 11 5 1 8 15 
0 3 16 0 13 14 6 7 16 15 1 12 10 2 0 8 
0 8 2 14 12 15 13 10 4 16 5 16 3 9 11 6 
0 16 12 1 15 8 4 14 7 10 11 9 6 16 3 13 
14 9 0 6 11 16 16 0 1 4 3 10 8 12 15 2 
15 2 6 3 16 0 0 11 5 0 16 14 13 10 12 4 
16 6 8 15 14 7 11 12 0 0 16 5 9 4 13 10 
0 15 4 8 9 16 14 5 12 13 10 3 7 6 16 11 
10 4 14 12 7 3 0 16 0 11 6 2 1 15 5 16 

第17轮调度计算开始:
greedy:1
greedy:0
greedy:2
greedy:3
greedy:4
greedy:5
greedy:11
greedy:6
greedy:7
greedy:8
greedy:9
greedy:10
greedy:12
greedy:13
greedy:14
greedy:15
1 4 14 8 12 2 11 15 5 9 13 0 6 10 3 7 
0
0
choosen:
1 4 14 8 12 2 11 15 5 9 13 0 6 10 3 7 
old:
8 11 6 15 0 12 13 3 2 9 1 5 4 10 14 7 
new:1.41648 old:1.41422
last cost 矩阵:
0 0.0560256 0.045945 0.115835 0 0.0573977 0.0498413 0.125616 0.0403697 0.111784 0.0555864 0.0354672 0.0355284 0.0355068 0.0429957 0.115847 
0.11015 0 0.0508133 0 0.0437378 0.0556958 0.0477612 0.106902 0.0388296 0.10112 0.049184 0.0340874 0.0341211 0.0341009 0.0411961 0 
0.199768 0.101985 0.09375 0.199781 0.182963 0.0999304 0.0771486 0.173225 0.0712764 0.171155 0.0979017 0 0.0624429 0 0.0743209 0.199768 
0.16597 0.0840902 0.0790401 0 0.0648056 0.082624 0.0803827 0.144178 0.0571328 0.161428 0.0809899 0.0520187 0.052 0.0520063 0.0624244 0.165991 
0.198256 0 0.0914094 0.200133 0.112686 0.0987457 0.0858165 0.207946 0.0690884 0.180384 0.0918408 0.0614353 0.0613877 0.0614432 0.0745375 0.19823 
0.223725 0.117229 0.10354 0.22374 0.0889343 0.114727 0.0894115 0.1915 0.07934 0.195184 0.113451 0.070599 0.0705702 0.0705894 0.0837474 0.223756 
0 0.107163 0.10978 0.219339 0.0925093 0.111937 0.204031 0.256814 0.0766303 0.233663 0.0918723 0.0684749 0.0684933 0.0684749 0.0812 0.219323 
0 0.0443513 0.0433371 0.0917996 0 0.0461033 0.0630726 0.0922939 0.0310533 0.0814414 0.0369459 0.0280825 0.0280775 0.028085 0.0341843 0.0917996 
0 0.102 0.0918341 0 0.071296 0.101708 0.135025 0.170839 0.0689807 0.208395 0.100615 0.0622728 0.0622971 0.0622971 0 0.199337 
0 0.0496929 0.048608 0.102302 0.0419642 0.0509407 0.0380525 0.0959999 0.0362491 0.113213 0.0491485 0.0317322 0.0317383 0.0317413 0.0376028 0.102297 
0 0.0701225 0.0648558 0.144909 0.0689194 0.07152 0.0728478 0.154418 0.050375 0.129948 0.0656337 0.0448296 0.0448094 0.0448498 0.0532519 0.147405 
0.190531 0.0942996 0 0.190506 0.0868792 0.0960694 0.108077 0 0.0677727 0.179736 0.0958522 0.0593712 0.0594015 0.0593485 0.0697095 0.190493 
0.112208 0.0546587 0.0533695 0.112208 0.0450701 0 0.0450701 0.101713 0.0386892 0 0.0442764 0.0338519 0.034984 0.0338149 0.0408271 0.112208 
0.102856 0.0497768 0.0478248 0.102856 0.0406518 0.0512059 0.0475884 0.0994006 0 0 0.0451319 0.0307696 0.0318956 0.0307871 0.0374851 0.102851 
0 0.092374 0.0894426 0.18113 0.0793685 0.0922429 0.0708864 0.176237 0.0637387 0.18848 0.0874653 0.0564621 0.0564974 0.0564409 0.0676533 0.181119 
0.128177 0.0619193 0.0526595 0.128156 0.0879889 0.0631113 0 0.138431 0 0.115085 0.0614151 0.0397826 0.0398037 0.0397953 0.0473577 0.128184 

life 矩阵:
0 16 14 6 0 10 2 12 16 11 1 5 3 4 15 0 
10 0 8 0 16 4 1 2 9 15 12 16 13 7 3 0 
5 11 12 10 9 3 16 15 2 6 7 0 14 0 16 13 
11 13 9 0 0 8 14 1 16 4 3 12 15 2 6 16 
16 0 10 12 15 9 8 14 7 2 11 3 16 13 5 6 
3 4 16 9 7 12 11 5 14 1 6 0 16 10 13 2 
0 12 6 15 2 5 9 0 8 13 14 16 10 16 1 11 
0 15 2 16 0 11 6 3 12 5 13 10 4 0 7 16 
0 2 16 0 12 16 5 6 15 14 0 11 9 1 0 7 
0 7 1 13 11 14 12 9 3 16 4 15 2 8 10 5 
0 16 11 0 14 7 3 13 6 9 10 8 5 16 2 12 
16 8 0 5 10 16 15 0 0 3 2 9 7 11 14 1 
14 1 5 2 16 0 16 10 4 0 15 13 12 9 11 3 
15 5 7 14 13 6 10 11 0 0 16 4 8 3 12 9 
0 14 3 16 8 15 13 4 11 12 9 2 6 5 16 10 
9 3 13 11 6 2 0 16 0 10 5 1 0 14 4 15 

第18轮调度计算开始:
greedy:8
greedy:0
greedy:3
greedy:10
greedy:1
greedy:15
greedy:4
greedy:7
greedy:2
greedy:5
greedy:6
greedy:9
greedy:11
greedy:12
greedy:13
greedy:14
12 15 11 3 9 5 7 4 10 14 0 8 13 2 1 6 
0.0355284
2
choosen:
12 15 11 3 9 5 7 4 10 14 0 8 13 2 1 6 
old:
8 11 6 15 0 12 13 3 2 9 1 5 4 10 14 7 
new:1.58237 old:1.44283
last cost 矩阵:
0 0.0560256 0.045945 0.115835 0 0.0573977 0.0498413 0.125616 0.0409799 0.111784 0.0555864 0.0354672 0.0354996 0.0355068 0.0429957 0 
0.11015 0 0.0508133 0 0.0437378 0.0556958 0.0477612 0.106902 0.0388296 0.10112 0.049184 0.0340874 0.0341211 0.0341009 0.0411961 0.110133 
0.199768 0.101985 0.09375 0.199781 0.182963 0.0999304 0.0784124 0.173225 0.0712764 0.171155 0.0979017 0.0624348 0.0624429 0 0.0743209 0.199768 
0.16597 0.0840902 0.0790401 0.16598 0 0.082624 0.0803827 0.144178 0.0571328 0.161428 0.0809899 0.0520187 0.052 0.0520063 0.0624244 0.16598 
0.198256 0 0.0914094 0.200133 0.112686 0.0987457 0.0858165 0.207946 0.0690884 0.241021 0.0918408 0.0614353 0.0613877 0.0614432 0.0745375 0.19823 
0.223725 0.117229 0.10354 0.22374 0.0889343 0.114715 0.0894115 0.1915 0.07934 0.195184 0.113451 0 0.0705702 0.0705894 0.0837474 0.223756 
0 0.107163 0.10978 0.219339 0.0925093 0.111937 0.204031 0.267335 0.0766303 0.233663 0.0918723 0.0684749 0.0684933 0.0684749 0.0812 0.219323 
0 0.0443513 0.0433371 0.0917873 0.0366537 0.0461033 0.0630726 0.0922939 0.0310533 0.0814414 0.0369459 0.0280825 0.0280775 0 0.0341843 0.0917996 
0 0.102 0.0826672 0 0.071296 0.101708 0.135025 0.170839 0.0689807 0.208395 0.0826672 0.0622728 0.0622971 0.0622971 0 0.199337 
0 0.0496929 0.048608 0.102302 0.0419642 0.0509407 0.0380525 0.0959999 0.0362491 0.13253 0.0491485 0.0317322 0.0317383 0.0317413 0.0376566 0.102297 
0.144909 0.0698221 0.0648558 0 0.0689194 0.07152 0.0728478 0.154418 0.050375 0.129948 0.0656337 0.0448296 0.0448094 0.0448498 0.0532519 0.147405 
0.190531 0.0942996 0 0.190506 0.0868792 0.0960498 0.108077 0 0.0685336 0.179736 0.0958522 0.0593712 0.0594015 0.0593485 0.0697095 0.190493 
0.112208 0.0546587 0.0533695 0.112208 0.0446673 0 0.0450701 0.101713 0.0386892 0 0.0442764 0.0338519 0.034984 0.0338183 0.0408271 0.112208 
0.102856 0.0497768 0.0402102 0.102856 0.0406518 0.0512059 0.0475884 0.0994006 0 0 0.0402102 0.0307696 0.0318956 0.0307871 0.0374851 0.102851 
0 0.0896645 0.0894426 0.18113 0.0793685 0.0922429 0.0708864 0.176237 0.0637387 0.18848 0.0874653 0.0564621 0.0564974 0.0564409 0.0667146 0.181119 
0.128177 0.0619193 0.0526595 0.128156 0.0879889 0.0631113 0.0511406 0.161623 0 0.115085 0.0614151 0.0397826 0 0.0397953 0.0473577 0.128184 

life 矩阵:
0 15 13 5 0 9 1 11 16 10 0 4 16 3 14 0 
9 0 7 0 15 3 0 1 8 14 11 16 12 6 2 16 
4 10 11 9 8 2 16 14 1 5 6 16 13 0 15 12 
10 12 8 16 0 7 13 0 15 3 2 11 14 1 5 16 
16 0 9 11 14 8 7 13 6 16 10 2 15 12 4 5 
2 3 15 8 6 16 10 4 13 0 5 0 16 9 12 1 
0 11 5 14 1 4 8 16 7 12 13 15 9 16 0 10 
0 14 1 16 16 10 5 2 11 4 12 9 3 0 6 15 
0 1 16 0 11 15 4 5 14 13 16 10 8 0 0 6 
0 6 0 12 10 13 11 8 2 16 3 14 1 7 16 4 
16 16 10 0 13 6 2 12 5 8 9 7 4 15 1 11 
15 7 0 4 9 16 14 0 16 2 1 8 6 10 13 0 
13 0 4 1 16 0 15 9 3 0 14 12 11 16 10 2 
14 4 16 13 12 5 9 10 0 0 16 3 7 2 11 8 
0 16 2 15 7 14 12 3 10 11 8 1 5 4 16 9 
8 2 12 10 5 1 16 16 0 9 4 0 0 13 3 14 

第19轮调度计算开始:
greedy:0
greedy:1
greedy:12
greedy:15
greedy:2
greedy:3
greedy:7
greedy:4
greedy:5
greedy:6
greedy:13
greedy:9
greedy:14
greedy:8
greedy:10
greedy:11
5 8 1 7 11 3 14 10 13 4 0 15 9 6 2 12 
0.0573977
8
choosen:
5 8 1 7 11 3 14 10 13 4 0 15 9 6 2 12 
old:
8 11 6 15 0 12 13 3 2 9 1 5 4 10 14 7 
new:1.5686 old:1.47385
last cost 矩阵:
0 0.0560256 0.045945 0.115835 0 0.0573931 0.0498413 0.125616 0.0411268 0.111784 0 0.0354672 0.0354996 0.0355068 0.0429957 0 
0.11015 0 0.0508133 0 0.0437378 0.0556958 0 0.106902 0.039558 0.10112 0.049184 0.0340773 0.0341211 0.0341009 0.0411961 0.110133 
0.199768 0.106387 0.09375 0.199781 0.182963 0.0999304 0.0785011 0.173225 0.0712764 0.171155 0.0979017 0.0624348 0.0624429 0 0.0743209 0.199768 
0.16597 0.0840902 0.0790401 0.16598 0 0.082624 0.0803827 0.209967 0.0571328 0.161428 0.0809899 0.0520187 0.052 0.0520063 0.0624244 0.16596 
0.198216 0 0.0914094 0.200133 0.112686 0.0987457 0.0858165 0.207946 0.0690884 0.241021 0.0918408 0.0613719 0.0613877 0.0614432 0.0745375 0.19823 
0.223725 0.117229 0.10354 0.223693 0.0889343 0.114715 0.0894115 0.1915 0.07934 0 0.113451 0 0.070551 0.0705894 0.0837474 0.223756 
0 0.107163 0.10978 0.219339 0.0925093 0.111937 0.204031 0.267335 0.0766303 0.233663 0.0918723 0.0684749 0.0684933 0.0684564 0.0823269 0.219323 
0 0.0443513 0.0433371 0.0917832 0.0366537 0.0461033 0.0630726 0.0922939 0.0310533 0.0814414 0.0395885 0.0280825 0.0280775 0 0.0341843 0.0917996 
0 0.102 0.0926678 0 0.071296 0.101708 0.135025 0.170839 0.0689807 0.208395 0.0826672 0.0622728 0.0622971 0.062289 0 0.199337 
0 0.0496929 0 0.102302 0.0419088 0.0509407 0.0380525 0.0959999 0.0362491 0.13739 0.0491485 0.0317322 0.0317383 0.0317413 0.0376566 0.102297 
0.144909 0.0742441 0.0648558 0 0.0689194 0.07152 0.0728478 0.154418 0.050375 0.129948 0.0656337 0.0448296 0.0448094 0.0448498 0.0532519 0.147405 
0.190531 0.0942996 0 0.190506 0.0868792 0.0960694 0.108077 0 0.0685336 0.179736 0.0958522 0.0593712 0.0594015 0.0593485 0.0697095 0.190506 
0.112208 0 0.0533695 0.112208 0.0447842 0 0.0450701 0.101713 0.0386892 0.146047 0.0442764 0.0338519 0.034984 0.0338183 0.0408271 0.112208 
0.102856 0.0497768 0.0402102 0.102856 0.0406518 0.0512059 0.0404552 0.0994006 0 0 0.0443373 0.0307696 0.0318956 0.0307871 0.0374851 0.102851 
0 0.0896645 0.0824239 0.18113 0.0793685 0.0922429 0.0708864 0.176237 0.0637387 0.18848 0.0874653 0.0564621 0.0564974 0.0564409 0.0689391 0.181119 
0.128177 0.0619193 0.0526595 0.128156 0.0879889 0.0631113 0.0511406 0.166742 0 0.115085 0.0614151 0 0.0397784 0.0397953 0.0473577 0.128184 

life 矩阵:
0 14 12 4 0 16 0 10 16 9 0 3 15 2 13 0 
8 0 6 0 14 2 0 0 16 13 10 16 11 5 1 15 
3 16 10 8 7 1 16 13 0 4 5 15 12 0 14 11 
9 11 7 15 0 6 12 16 14 2 1 10 13 0 4 16 
16 0 8 10 13 7 6 12 5 15 9 16 14 11 3 4 
1 2 14 16 5 15 9 3 12 0 4 0 16 8 11 0 
0 10 4 13 0 3 7 15 6 11 12 14 8 16 16 9 
0 13 0 16 15 9 4 1 10 3 16 8 2 0 5 14 
0 0 16 0 10 14 3 4 13 12 15 9 7 16 0 5 
0 5 0 11 16 12 10 7 1 16 2 13 0 6 15 3 
16 16 9 0 12 5 1 11 4 7 8 6 3 14 0 10 
14 6 0 3 8 16 13 0 15 1 0 7 5 9 12 16 
12 0 3 0 16 0 14 8 2 16 13 11 10 15 9 1 
13 3 15 12 11 4 16 9 0 0 16 2 6 1 10 7 
0 15 16 14 6 13 11 2 9 10 7 0 4 3 16 8 
7 1 11 9 4 0 15 16 0 8 3 0 16 12 2 13 

第20轮调度计算开始:
greedy:0
greedy:8
greedy:3
greedy:1
greedy:4
greedy:7
greedy:15
greedy:2
greedy:13
greedy:14
greedy:5
greedy:6
greedy:9
greedy:10
greedy:11
greedy:12
5 7 6 13 9 15 4 0 11 2 14 1 3 10 12 8 
0.0573931
15
choosen:
5 7 6 13 9 15 4 0 11 2 14 1 3 10 12 8 
old:
8 11 6 15 0 12 13 3 2 9 1 5 4 10 14 7 
new:1.43603 old:1.41991
last cost 矩阵:
0 0.0560256 0.045945 0.115835 0 0.0573931 0 0.125616 0.0413609 0.111784 0 0.0354672 0.0354996 0.0355068 0.0429957 0 
0.11015 0 0.0508133 0 0.0437378 0.0556958 0 0.131078 0.039558 0.10112 0.049184 0.034084 0.0341211 0.0341009 0.0411961 0.110133 
0.199768 0.106387 0.09375 0.199781 0.182963 0.0999304 0.071616 0.173225 0 0.171155 0.0979017 0.0624348 0.0624429 0 0.0743209 0.199768 
0.16597 0.0840902 0.0790401 0.16598 0 0.082624 0.0803827 0.209967 0.0571328 0.161428 0.0809899 0.0520187 0.052 0.0520312 0.0624244 0.16596 
0.19823 0 0.0914094 0.200133 0.112686 0.0987457 0.0858165 0.207946 0.0690884 0.216457 0.0918408 0.0613719 0.0613877 0.0614432 0.0745375 0.19823 
0.223725 0.117229 0.10354 0.223693 0.0889343 0.114715 0.0894115 0.1915 0.07934 0 0.113451 0 0.0705702 0.0705894 0.0837474 0.223725 
0 0.107163 0.10978 0.219339 0.0777193 0.111937 0.204031 0.267335 0.0766303 0.233663 0.0918723 0.0684749 0.0684933 0.0684749 0.0823269 0.219323 
0.091775 0.0443513 0 0.091775 0.0366537 0.0461033 0.0630726 0.0922939 0.0310533 0.0814414 0.0395885 0.0280825 0.0280775 0 0.0341843 0.0917996 
0 0 0.0900288 0 0.071296 0.101708 0.135025 0.170839 0.0689807 0.208395 0.0826672 0.0623052 0.0622971 0.062289 0 0.199337 
0 0.0496929 0.0443639 0.102302 0.0419088 0.0509407 0.0380525 0.0959999 0.0362491 0.120624 0.0491485 0.0317322 0 0.0317413 0.0376566 0.102297 
0.144909 0.0713419 0.0648558 0 0.0689194 0.07152 0.0728478 0.154418 0.050375 0.129948 0.0656337 0.0448296 0.0448094 0.0448498 0.0532069 0.147405 
0.190531 0.0963719 0 0.190506 0.0868792 0.0960694 0.108077 0 0.0685336 0.179736 0 0.0593712 0.0594015 0.0593485 0.0697095 0.190506 
0.112208 0 0.0533695 0.112179 0.0411041 0 0.0450701 0.101713 0.0386892 0.146047 0.0442764 0.0338519 0.034984 0.0338183 0.0408271 0.112208 
0.102856 0.0497768 0.0402102 0.102856 0.0406518 0.0512059 0.0404552 0.0994006 0 0 0.0445718 0.0307696 0.0318956 0.0307871 0.0374851 0.102851 
0 0.0896645 0.0824239 0.18113 0.0793685 0.0922429 0.0708864 0.176237 0.0637387 0.18848 0.0874653 0 0.0564903 0.0564409 0.0676295 0.181119 
0.128177 0.0619193 0.0526595 0.128156 0.0879889 0 0.0511406 0.146474 0.0447464 0.115085 0.0614151 0 0.0397784 0.0397953 0.0473577 0.128184 

life 矩阵:
0 13 11 3 0 16 0 9 16 8 0 2 14 1 12 0 
7 0 5 0 13 1 0 16 15 12 9 16 10 4 0 14 
2 15 9 7 6 0 16 12 0 3 4 14 11 0 13 10 
8 10 6 14 0 5 11 15 13 1 0 9 12 16 3 16 
16 0 7 9 12 6 5 11 4 16 8 15 13 10 2 3 
0 1 13 15 4 14 8 2 11 0 3 0 16 7 10 16 
0 9 3 12 16 2 6 14 5 10 11 13 7 16 15 8 
16 12 0 16 14 8 3 0 9 2 15 7 1 0 4 13 
0 0 16 0 9 13 2 3 12 11 14 16 6 15 0 4 
0 4 16 10 15 11 9 6 0 16 1 12 0 5 14 2 
15 16 8 0 11 4 0 10 3 6 7 5 2 13 16 9 
13 16 0 2 7 16 12 0 14 0 0 6 4 8 11 15 
11 0 2 16 16 0 13 7 1 15 12 10 9 14 8 0 
12 2 14 11 10 3 15 8 0 0 16 1 5 0 9 6 
0 14 15 13 5 12 10 1 8 9 6 0 16 2 16 7 
6 0 10 8 3 0 14 16 16 7 2 0 15 11 1 12 

第21轮调度计算开始:
greedy:0
greedy:1
greedy:13
greedy:2
greedy:8
greedy:3
greedy:4
greedy:10
greedy:11
greedy:5
greedy:12
greedy:6
greedy:15
greedy:7
greedy:9
greedy:14
4 5 9 10 3 0 1 13 6 12 7 2 15 8 14 11 
0
0
choosen:
4 5 9 10 3 0 1 13 6 12 7 2 15 8 14 11 
old:
8 11 6 15 0 12 13 3 2 9 1 5 4 10 14 7 
new:1.58106 old:1.44196
last cost 矩阵:
0 0.0560256 0.045945 0.115835 0.0469448 0.0573931 0 0.125616 0.0414403 0.111784 0 0.0354672 0.0354996 0.0355068 0.0429957 0 
0.11015 0 0.0508133 0 0.0437378 0.0556871 0 0.131078 0.039558 0.10112 0.049184 0.0341042 0.0341211 0.0341009 0 0.110133 
0.199768 0.106387 0.09375 0.199781 0.182963 0 0.0784642 0.173225 0 0.216832 0.0979017 0.0624348 0.0624429 0 0.0743209 0.199768 
0.16597 0.0840902 0.0790401 0.16598 0 0.082624 0.0803827 0.209967 0.0571328 0.161428 0.0794212 0.0520187 0.052 0.0520312 0.0624244 0.165991 
0.198269 0 0.0914094 0.198269 0.112686 0.0987457 0.0858165 0.207946 0.0690884 0.216457 0.0918408 0.0613719 0.0613877 0.0614432 0.0745375 0.19823 
0.223756 0.117229 0.10354 0.223693 0.0889343 0.114715 0.0894115 0.1915 0.07934 0 0.113451 0 0.0706086 0.0705894 0.0837474 0.223725 
0 0.110679 0.10978 0.219339 0.0777193 0.111937 0.204031 0.267335 0.0766303 0.233663 0.0918723 0.0684749 0.0684933 0.0685117 0.0823269 0.219323 
0.091775 0.0443513 0 0.0918077 0.0366537 0.0461033 0.0630726 0 0.0310533 0.0814414 0.0395885 0.0280825 0.0280775 0.0280875 0.0341843 0.0917996 
0 0 0.098304 0 0.071296 0.101708 0.0801254 0.170839 0.0689807 0.208395 0.0826672 0.0623052 0.0622971 0.062289 0 0.199337 
0 0.0496929 0.0443639 0.102302 0.0419088 0.0509407 0.0380525 0.0959999 0 0.120878 0.0491485 0.0317322 0.0317746 0.0317413 0.0376566 0.102297 
0.144909 0.0712343 0.0648558 0 0.0689194 0.07152 0 0.159543 0.050375 0.129948 0.0656337 0.0448296 0.0448094 0.0448498 0.0532069 0.147405 
0.190531 0.0963719 0.0938859 0.190506 0.0868792 0.0960498 0.108077 0 0.0685336 0 0 0.0593712 0.0594015 0.0593485 0.0697095 0.190506 
0.112208 0 0.0533695 0.112179 0.0446997 0 0.0450701 0.101713 0.0386892 0.146047 0.0442764 0.0338519 0.034984 0.0338183 0.0408271 0.112213 
0.102856 0.0497768 0.0402102 0.102856 0.0406518 0.0512059 0.0404552 0.0994006 0.0361906 0 0.0473193 0.0307696 0.0318956 0 0.0374851 0.102851 
0 0.0896645 0.0824239 0.18113 0.0793685 0.0922429 0.0708864 0.176237 0.0637387 0.18848 0.0874653 0 0.0564903 0.0564409 0.0678434 0.181119 
0.128177 0 0.0526595 0.128156 0.0879889 0 0.0511406 0.146433 0.0447464 0.115085 0.0614151 0.0398122 0.0397784 0.0397953 0.0473577 0.128184 

life 矩阵:
0 12 10 2 16 15 0 8 16 7 0 1 13 0 11 0 
6 0 4 0 12 16 0 15 14 11 8 16 9 3 0 13 
1 14 8 6 5 0 16 11 0 16 3 13 10 0 12 9 
7 9 5 13 0 4 10 14 12 0 16 8 11 15 2 16 
16 0 6 16 11 5 4 10 3 15 7 14 12 9 1 2 
16 0 12 14 3 13 7 1 10 0 2 0 16 6 9 15 
0 16 2 11 15 1 5 13 4 9 10 12 6 16 14 7 
15 11 0 16 13 7 2 0 8 1 14 6 0 16 3 12 
0 0 16 0 8 12 16 2 11 10 13 15 5 14 0 3 
0 3 15 9 14 10 8 5 0 16 0 11 16 4 13 1 
14 16 7 0 10 3 0 16 2 5 6 4 1 12 15 8 
12 15 16 1 6 16 11 0 13 0 0 5 3 7 10 14 
10 0 1 15 16 0 12 6 0 14 11 9 8 13 7 16 
11 1 13 10 9 2 14 7 16 0 16 0 4 0 8 5 
0 13 14 12 4 11 9 0 7 8 5 0 15 1 16 6 
5 0 9 7 2 0 13 16 15 6 1 16 14 10 0 11 

第22轮调度计算开始:
greedy:6
greedy:1
greedy:5
greedy:0
greedy:2
greedy:3
greedy:4
greedy:13
greedy:7
greedy:14
greedy:8
greedy:9
greedy:10
greedy:11
greedy:12
greedy:15
4 12 7 11 8 2 3 0 14 10 6 9 1 13 15 5 
0.0469448
15
choosen:
4 12 7 11 8 2 3 0 14 10 6 9 1 13 15 5 
old:
8 11 6 15 0 12 13 3 2 9 1 5 4 10 14 7 
new:1.53023 old:1.41006
last cost 矩阵:
0 0.0560256 0.045945 0.115835 0.0416434 0.0573931 0 0.125616 0.0403774 0.111784 0 0.0354672 0.0354996 0 0.0429957 0 
0.11015 0 0.0508133 0 0.0437378 0.0556871 0 0.131078 0.039558 0.10112 0.049184 0.0340672 0.0340672 0.0341009 0 0.110133 
0.199768 0.106387 0.09375 0.199781 0.182963 0 0.0713024 0.211776 0 0.216832 0.0979017 0.0624348 0.0624429 0 0.0743209 0.199768 
0.16597 0.0840902 0.0790401 0.16598 0 0.082624 0.0803827 0.209967 0.0571328 0 0.0794212 0.0520063 0.052 0.0520312 0.0624244 0.166001 
0.198269 0 0.0914094 0.198269 0.112686 0.0987457 0.0858165 0.207946 0.0688234 0.216457 0.0918408 0.0613719 0.0613877 0.0614432 0.0745375 0.19823 
0.223756 0 0.103996 0.223693 0.0889343 0.114715 0.0894115 0.1915 0.07934 0 0.113451 0 0.0705414 0.0705894 0.0837474 0.223725 
0 0.110679 0.10978 0.219323 0.0777193 0.111937 0.204031 0.267335 0.0766303 0.233663 0.0918723 0.0684749 0.0684933 0.0684472 0.0823269 0.219323 
0.0918036 0.0443513 0 0.0918036 0.0366537 0.0461033 0.0630726 0 0.0310533 0.0814414 0.0395885 0.0280825 0 0.0280875 0.0341843 0.0917996 
0 0 0.0924286 0 0.071296 0.101708 0.0801254 0.170839 0.0689807 0.208395 0.0826672 0.0623052 0.0622971 0.062289 0.0743389 0.199337 
0 0.0496929 0.0443639 0.102302 0.0419088 0.0509407 0.0380525 0.0959999 0 0.116134 0.0448382 0.0317322 0.0317746 0.0317413 0.0376566 0.102297 
0.144909 0.0703787 0.0648558 0 0.0689194 0.07152 0.0511922 0.159543 0.050375 0.129948 0.0656337 0.0448296 0.0448094 0.0448498 0.0532069 0.147405 
0.190531 0.0963719 0.0938859 0.190506 0.0868792 0.0960596 0.108077 0 0.0685336 0.205831 0 0.0593712 0.0594015 0.0593485 0.0697095 0.190506 
0.112208 0.0544457 0.0533695 0.112179 0.0409356 0 0.0450701 0.101713 0 0.146047 0.0442764 0.0338519 0.034984 0.0338183 0.0408271 0.112213 
0.102856 0.0497768 0.0402102 0.102856 0.0406518 0.0512059 0.0404552 0.0994006 0.0361906 0 0.0450407 0 0.0318956 0.0318926 0.0374851 0.102851 
0 0.0896645 0.0824239 0.18113 0.0793685 0.0922429 0.0708864 0 0.0637387 0.18848 0.0874653 0 0.0564903 0.0564409 0.0678117 0.181142 
0.128177 0 0.0526595 0.128156 0.0879889 0.0631113 0.0511406 0.140459 0.0447464 0.115085 0.0614151 0.0398122 0.0397784 0.0397953 0 0.128184 

life 矩阵:
0 11 9 1 16 14 0 7 16 6 0 0 12 0 10 0 
5 0 3 0 11 15 0 14 13 10 7 16 16 2 0 12 
0 13 7 5 4 0 16 16 0 15 2 12 9 0 11 8 
6 8 4 12 0 3 9 13 11 0 15 16 10 14 1 16 
16 0 5 15 10 4 3 9 16 14 6 13 11 8 0 1 
15 0 16 13 2 12 6 0 9 0 1 0 16 5 8 14 
0 15 1 16 14 0 4 12 3 8 9 11 5 16 13 6 
16 10 0 16 12 6 1 0 7 0 13 5 0 15 2 11 
0 0 16 0 7 11 15 1 10 9 12 14 4 13 16 2 
0 2 14 8 13 9 7 4 0 16 16 10 15 3 12 0 
13 16 6 0 9 2 16 15 1 4 5 3 0 11 14 7 
11 14 15 0 5 16 10 0 12 16 0 4 2 6 9 13 
9 16 0 14 16 0 11 5 0 13 10 8 7 12 6 15 
10 0 12 9 8 1 13 6 15 0 16 0 3 16 7 4 
0 12 13 11 3 10 8 0 6 7 4 0 14 0 16 16 
4 0 8 6 1 16 12 16 14 5 0 15 13 9 0 10 

第23轮调度计算开始:
greedy:3
greedy:8
greedy:0
greedy:1
greedy:2
greedy:9
greedy:4
greedy:5
greedy:10
greedy:6
greedy:7
greedy:11
greedy:12
greedy:13
greedy:14
greedy:15
1 4 8 9 15 6 7 11 3 14 0 10 2 5 13 12 
0.0560256
10
choosen:
1 4 8 9 15 6 7 11 3 14 0 10 2 5 13 12 
old:
8 11 6 15 0 12 13 3 2 9 1 5 4 10 14 7 
new:1.55062 old:1.42541
last cost 矩阵:
0 0.0566805 0.045945 0.115835 0.0416434 0.0573931 0 0.125616 0.0414562 0.111784 0 0 0.0354996 0 0.0429957 0 
0.11015 0 0.0508133 0 0.0434838 0.0556871 0 0.131078 0.039558 0.10112 0.049184 0.0340605 0.0340672 0.0341009 0 0.110133 
0 0.106387 0.09375 0.199781 0.182963 0 0.0786565 0.211776 0.0711986 0.216832 0.0979017 0.0624348 0.0624429 0 0.0743209 0.199768 
0.16597 0.0840902 0.0790401 0.16598 0 0.082624 0.0803827 0.209967 0.0571328 0.169704 0.0794212 0.0520063 0.052 0.0520312 0.0624244 0.165991 
0.198269 0 0.0914094 0.198269 0.112686 0.0987457 0.0858165 0.207946 0.0688234 0.216457 0.0918408 0.0613719 0.0613877 0.0614432 0 0.198269 
0.223756 0 0.103996 0.223693 0.0889343 0.114715 0.089332 0 0.07934 0 0.113451 0 0.0705222 0.0705894 0.0837474 0.223725 
0 0.110679 0.10978 0.219323 0.0777193 0 0.204031 0.220775 0.0766303 0.233663 0.0918723 0.0684749 0.0684933 0.0684288 0.0823269 0.219323 
0.0918036 0.0443513 0 0.0918036 0.0366537 0.0461033 0.0630726 0 0.0310533 0 0.0395885 0.02805 0 0.0280875 0.0341843 0.0917996 
0 0 0.0982984 0.199351 0.071296 0.101708 0.0801254 0.170839 0.0689807 0.208395 0.0826672 0.0623052 0.0622971 0.062289 0.0743389 0.199337 
0 0.0496929 0.0443639 0.102302 0.0419088 0.0509407 0.0380525 0.0959999 0 0.113644 0.0448382 0.0317322 0.0317746 0.0317413 0.0373471 0 
0.144934 0.0707379 0.0648558 0 0.0689194 0.07152 0.0511922 0.159543 0.050375 0.129948 0.0656337 0.0448296 0 0.0448498 0.0532069 0.147405 
0.190531 0.0963719 0.0938859 0 0.0868792 0.0960596 0.108077 0 0.0685336 0.205831 0.0923944 0.0593712 0.0594015 0.0593485 0.0697095 0.190506 
0.112208 0.0544457 0.0516813 0.112179 0.0448265 0 0.0450701 0.101713 0 0.146047 0.0442764 0.0338519 0.034984 0.0338183 0.0408271 0.112213 
0.102856 0 0.0402102 0.102856 0.0406518 0.0512021 0.0404552 0.0994006 0.0361906 0 0.0476925 0 0.0318956 0.0318926 0.0374851 0.102851 
0 0.0896645 0.0824239 0.18113 0.0793685 0.0922429 0.0708864 0 0.0637387 0.18848 0.0874653 0 0.0564903 0.0564551 0.0677087 0.181142 
0.128177 0 0.0526595 0.128156 0.0879889 0.0631113 0.0511406 0.137255 0.0447464 0.115085 0 0.0398122 0.0397615 0.0397953 0 0.128184 

life 矩阵:
0 16 8 0 15 13 0 6 16 5 0 0 11 0 9 0 
4 0 2 0 16 14 0 13 12 9 6 16 15 1 0 11 
0 12 6 4 3 0 16 15 16 14 1 11 8 0 10 7 
5 7 3 11 0 2 8 12 10 16 14 15 9 13 0 16 
16 0 4 14 9 3 2 8 15 13 5 12 10 7 0 16 
14 0 15 12 1 11 16 0 8 0 0 0 16 4 7 13 
0 14 0 15 13 0 3 16 2 7 8 10 4 16 12 5 
15 9 0 16 11 5 0 0 6 0 12 16 0 14 1 10 
0 0 16 16 6 10 14 0 9 8 11 13 3 12 15 1 
0 1 13 7 12 8 6 3 0 16 15 9 14 2 16 0 
16 16 5 0 8 1 15 14 0 3 4 2 0 10 13 6 
10 13 14 0 4 16 9 0 11 15 16 3 1 5 8 12 
8 15 16 13 16 0 10 4 0 12 9 7 6 11 5 14 
9 0 11 8 7 16 12 5 14 0 16 0 2 15 6 3 
0 11 12 10 2 9 7 0 5 6 3 0 13 16 16 15 
3 0 7 5 0 15 11 16 13 4 0 14 16 8 0 9 

第24轮调度计算开始:
greedy:3
greedy:7
greedy:5
greedy:0
greedy:9
greedy:1
greedy:2
greedy:6
greedy:4
greedy:14
greedy:8
greedy:12
greedy:10
greedy:11
greedy:13
greedy:15
15 6 2 1 10 7 11 12 4 0 3 13 5 9 8 14 
0
0
choosen:
15 6 2 1 10 7 11 12 4 0 3 13 5 9 8 14 
old:
8 11 6 15 0 12 13 3 2 9 1 5 4 10 14 7 
new:1.4225 old:1.41579
last cost 矩阵:
0 0.0566805 0.045945 0 0.0416434 0.0573931 0 0.125616 0.040239 0.111784 0 0 0.0354996 0 0.0429957 0.115853 
0.11015 0 0.0508133 0 0.0434838 0.0556871 0.0413985 0.131078 0.039558 0.10112 0.049184 0.0341042 0.0340672 0.0341009 0 0.110133 
0 0.106387 0.092619 0.199781 0.182963 0 0.0745941 0.211776 0.0711986 0.216832 0.0979017 0.0624348 0.0624429 0 0.0743209 0.199768 
0.16597 0.0860678 0.0790401 0.16598 0 0.082624 0.0803827 0.209967 0.0571328 0.169704 0.0794212 0.0520063 0.052 0.0520312 0 0.16596 
0.198216 0 0.0914094 0.198269 0.112686 0.0987457 0.0858165 0.207946 0.0688234 0.216457 0.0915552 0.0613719 0.0613877 0.0614432 0 0.198269 
0.223756 0 0.103996 0.223693 0.0889343 0.114715 0.089332 0.233016 0.07934 0 0 0 0.0706086 0.0705894 0.0837474 0.223725 
0 0.110679 0 0.219323 0.0777193 0 0.204031 0.220775 0.0766303 0.233663 0.0918723 0.0685025 0.0684933 0.0685025 0.0823269 0.219323 
0.0918036 0.0443513 0 0.0917832 0.0366537 0.0461033 0 0 0.0310533 0 0.0395885 0.02805 0.0280875 0.0280875 0.0341843 0.0917996 
0 0 0.0924433 0.199351 0.076233 0.101708 0.0801254 0 0.0689807 0.208395 0.0826672 0.0623052 0.0622971 0.062289 0.0743389 0.199337 
0.102297 0.0496929 0.0443639 0.102302 0.0419088 0.0509407 0.0380525 0.0959999 0 0.115119 0.0448382 0.0317322 0.0317746 0.0317413 0.0373471 0 
0.144934 0.0751104 0.0648558 0.144901 0.0689194 0.07152 0.0511922 0.159543 0 0.129948 0.0656337 0.0448296 0 0.0448498 0.0532069 0.147405 
0.190531 0.0963719 0.0938859 0 0.0868792 0.0960596 0.108077 0 0.0685336 0.205831 0.0923944 0.0593712 0.0594015 0.0594015 0.0697095 0.190506 
0.112208 0.0544457 0.0516813 0.112179 0.042707 0.0551382 0.0450701 0.101713 0 0.146047 0.0442764 0.0338519 0.034984 0.0338183 0.0408271 0.112213 
0.102856 0 0.0402102 0.102856 0.0406518 0.0512021 0.0404552 0.0994006 0.0361906 0.116261 0.0450354 0 0.0318956 0.0318926 0.0374851 0.102851 
0 0.0896645 0.0824239 0.18113 0.0793685 0.0922429 0.0708864 0 0.0647755 0.18848 0.0874653 0 0.0564903 0.0564551 0.066459 0.181142 
0.128177 0 0.0526595 0.128156 0 0.0631113 0.0511406 0.13885 0.0447464 0.115085 0 0.0398122 0.0397615 0.0397953 0.0463972 0.128184 

life 矩阵:
0 15 7 0 14 12 0 5 16 4 0 0 10 0 8 16 
3 0 1 0 15 13 16 12 11 8 5 16 14 0 0 10 
0 11 16 3 2 0 16 14 15 13 0 10 7 0 9 6 
4 16 2 10 0 1 7 11 9 15 13 14 8 12 0 16 
16 0 3 13 8 2 1 7 14 12 16 11 9 6 0 15 
13 0 14 11 0 10 15 16 7 0 0 0 16 3 6 12 
0 13 0 14 12 0 2 15 1 6 7 16 3 16 11 4 
14 8 0 16 10 4 0 0 5 0 11 15 16 13 0 9 
0 0 16 15 16 9 13 0 8 7 10 12 2 11 14 0 
16 0 12 6 11 7 5 2 0 16 14 8 13 1 15 0 
15 16 4 16 7 0 14 13 0 2 3 1 0 9 12 5 
9 12 13 0 3 16 8 0 10 14 15 2 0 16 7 11 
7 14 15 12 16 16 9 3 0 11 8 6 5 10 4 13 
8 0 10 7 6 15 11 4 13 16 16 0 1 14 5 2 
0 10 11 9 1 8 6 0 16 5 2 0 12 15 16 14 
2 0 6 4 0 14 10 16 12 3 0 13 15 7 16 8 

第25轮调度计算开始:
greedy:1
greedy:10
greedy:7
greedy:8
greedy:2
greedy:14
greedy:11
greedy:0
greedy:3
greedy:5
greedy:9
greedy:4
greedy:6
greedy:12
greedy:13
greedy:15
13 4 15 14 1 0 2 9 7 8 5 6 3 12 11 10 
0
0
choosen:
13 4 15 14 1 0 2 9 7 8 5 6 3 12 11 10 
old:
8 11 6 15 0 12 13 3 2 9 1 5 4 10 14 7 
new:1.52193 old:1.42621
last cost 矩阵:
0 0.0566805 0.045945 0 0.0416434 0.0573931 0 0.125616 0.0403658 0.111784 0 0 0.0354996 0.0354996 0.0429957 0.115853 
0.11015 0 0.0508133 0 0.0470283 0.0556871 0.0413985 0.131078 0.039558 0.10112 0.049184 0.0340874 0.0340672 0 0 0.110133 
0 0.106387 0.092619 0.199781 0.182963 0 0.0823784 0.211776 0.0711986 0.216832 0 0.0624348 0.0624429 0 0.0743209 0.199781 
0.16597 0.0860678 0.0790401 0.16598 0 0.082624 0.0803827 0.209967 0.0571328 0.169704 0.0794212 0.0520063 0.052 0.0520312 0.060442 0.16596 
0.19823 0.0979832 0.0914094 0.198269 0.112686 0.0987457 0.0858165 0.207946 0.0688234 0.216457 0.0915552 0.0613719 0.0613877 0.0614432 0 0.198269 
0.223725 0 0.103996 0.223693 0 0.114715 0.089332 0.233016 0.07934 0 0 0 0.0705798 0.0705894 0.0837474 0.223725 
0 0.110679 0.105377 0.219323 0.0777193 0 0.204031 0.220775 0.0766303 0.233663 0.0918723 0.0685025 0.0684933 0.0684841 0.0823269 0.219323 
0.0918036 0.0443513 0 0.0917832 0.0366537 0.0461033 0 0 0.0310533 0.104293 0.0395885 0.02805 0.0280875 0.0280875 0 0.0917996 
0 0 0.0961127 0.199351 0.076233 0.101708 0.0801254 0.201517 0.0689807 0.208395 0.0826672 0.0623052 0.0622971 0.062289 0.0743389 0 
0.102297 0 0.0443639 0.102302 0.0419088 0.0509407 0.0380525 0.0959999 0.0362718 0.114117 0.0448382 0.0317322 0.0317746 0.0317413 0.0373471 0 
0.144934 0.0694428 0.0648558 0.144901 0.0689194 0.07152 0.0511922 0.159543 0 0.129948 0.0656337 0.0448296 0 0.0448498 0.0532069 0.147405 
0.190531 0.0963719 0.0938859 0 0.0868792 0.0960694 0.0799286 0 0.0685336 0.205831 0.0923944 0.0593712 0 0.0594015 0.0697095 0.190506 
0.112208 0.0544457 0.0516813 0.112185 0.0468125 0.0551382 0.0450701 0.101713 0 0.146047 0.0442764 0.0338519 0.034984 0.0338183 0.0408271 0.112213 
0.102856 0 0.0402102 0.102856 0.0406518 0.0512021 0.0404552 0.0994006 0.0361906 0.116261 0.0469518 0 0.0307638 0.0318926 0.0374851 0.102851 
0 0.0896645 0.0824239 0.18113 0.0793685 0.0922429 0.0708864 0 0.0647755 0.18848 0.0874653 0.0564974 0.0564903 0.0564551 0.0669314 0.181142 
0.128177 0 0.0526595 0.128156 0 0.0631113 0.0511406 0.137904 0.0447464 0.115085 0.0591181 0.0398122 0.0397615 0.0397953 0.0463972 0.128184 

life 矩阵:
0 14 6 0 13 11 0 4 16 3 0 0 9 16 7 15 
2 0 0 0 16 12 15 11 10 7 4 16 13 0 0 9 
0 10 15 2 1 0 16 13 14 12 0 9 6 0 8 16 
3 15 1 9 0 0 6 10 8 14 12 13 7 11 16 16 
16 16 2 12 7 1 0 6 13 11 15 10 8 5 0 14 
16 0 13 10 0 9 14 15 6 0 0 0 16 2 5 11 
0 12 16 13 11 0 1 14 0 5 6 15 2 16 10 3 
13 7 0 16 9 3 0 0 4 16 10 14 15 12 0 8 
0 0 16 14 15 8 12 16 7 6 9 11 1 10 13 0 
15 0 11 5 10 6 4 1 16 16 13 7 12 0 14 0 
14 16 3 15 6 16 13 12 0 1 2 0 0 8 11 4 
8 11 12 0 2 16 16 0 9 13 14 1 0 15 6 10 
6 13 14 16 16 15 8 2 0 10 7 5 4 9 3 12 
7 0 9 6 5 14 10 3 12 15 16 0 16 13 4 1 
0 9 10 8 0 7 5 0 15 4 1 16 11 14 16 13 
1 0 5 3 0 13 9 16 11 2 16 12 14 6 15 7 

第26轮调度计算开始:
greedy:5
greedy:13
greedy:4
greedy:0
greedy:1
greedy:7
greedy:2
greedy:10
greedy:3
greedy:6
greedy:12
greedy:8
greedy:14
greedy:9
greedy:15
greedy:11
10 13 0 2 11 9 5 14 15 3 8 12 6 1 7 4 
0
0
choosen:
10 13 0 2 11 9 5 14 15 3 8 12 6 1 7 4 
old:
8 11 6 15 0 12 13 3 2 9 1 5 4 10 14 7 
new:1.53389 old:1.40328
last cost 矩阵:
0 0.0566805 0.045945 0 0.0416434 0.0573931 0 0.125616 0.040289 0.111784 0.050627 0 0.0354996 0.0354996 0.0429957 0.115853 
0.11015 0 0 0 0.0470283 0.0556871 0.0413985 0.131078 0.039558 0.10112 0.049184 0.0340605 0.0340672 0.0340605 0 0.110133 
0.199768 0.106387 0.092619 0.199781 0.182963 0 0.0712448 0.211776 0.0711986 0.216832 0 0.0624348 0.0624429 0 0.0743209 0.199781 
0.16597 0.0860678 0.0735946 0.16598 0 0 0.0803827 0.209967 0.0571328 0.169704 0.0794212 0.0520063 0.052 0.0520312 0.060442 0.16597 
0.19823 0.0979832 0.0914094 0.198269 0.112686 0.0987457 0 0.207946 0.0688234 0.216457 0.0915552 0.0613481 0.0613877 0.0614432 0 0.198269 
0.223725 0 0.103996 0.223693 0 0.114715 0.089332 0.233016 0.07934 0.232715 0 0 0.0705222 0.0705894 0.0837474 0.223725 
0 0.110679 0.105377 0.219323 0.0777193 0.111925 0.204031 0.220775 0 0.233663 0.0918723 0.0685025 0.0684933 0.0684288 0.0823269 0.219323 
0.0918036 0.0443513 0 0.0917832 0.0366537 0.0461033 0 0 0.0310533 0.104293 0.0395885 0.02805 0.0280875 0.0280875 0.0335479 0.0917996 
0 0 0.0896845 0.199351 0.076233 0.101708 0.0801254 0.201517 0.0689807 0.208395 0.0826672 0.0623052 0.0622971 0.062289 0.0743389 0.199324 
0.102297 0 0.0443639 0.102297 0.0419088 0.0509407 0.0380525 0.0959999 0.0362718 0.115002 0.0448382 0.0317322 0.0317746 0 0.0373471 0 
0.144934 0.0721336 0.0648558 0.144901 0.0689194 0.07152 0.0511922 0.159543 0.0505935 0.129948 0.0656337 0 0 0.0448498 0.0532069 0.147405 
0.190531 0.0963719 0.0938859 0 0.0868792 0.0960498 0.0799286 0 0.0685336 0.205831 0.0923944 0.0593712 0.0593334 0.0594015 0.0697095 0.190506 
0.112208 0.0544457 0.0516813 0.112185 0.0408962 0.0551382 0.0408962 0.101713 0 0.146047 0.0442764 0.0338519 0.034984 0.0338183 0.0408271 0.112213 
0.102856 0.0503956 0.0402102 0.102856 0.0406518 0.0512021 0.0404552 0.0994006 0.0361906 0.116261 0.0435744 0 0.0307638 0.0318926 0.0374851 0.102851 
0 0.0896645 0.0824239 0.18113 0 0.0922429 0.0708864 0.187636 0.0647755 0.18848 0.0874653 0.0564974 0.0564903 0.0564551 0.066761 0.181142 
0.128177 0 0.0526595 0.128156 0.0458278 0.0631113 0.0511406 0.138648 0.0447464 0.115085 0.0591181 0.0398122 0.0397615 0.0397953 0.0463972 0.128184 

life 矩阵:
0 13 5 0 12 10 0 3 16 2 16 0 8 15 6 14 
1 0 0 0 15 11 14 10 9 6 3 16 12 16 0 8 
16 9 14 1 0 0 16 12 13 11 0 8 5 0 7 15 
2 14 16 8 0 0 5 9 7 13 11 12 6 10 15 16 
16 15 1 11 6 0 0 5 12 10 14 16 7 4 0 13 
15 0 12 9 0 8 13 14 5 16 0 0 16 1 4 10 
0 11 15 12 10 16 0 13 0 4 5 14 1 16 9 2 
12 6 0 16 8 2 0 0 3 15 9 13 14 11 16 7 
0 0 16 13 14 7 11 15 6 5 8 10 0 9 12 16 
14 0 10 16 9 5 3 0 15 16 12 6 11 0 13 0 
13 16 2 14 5 15 12 11 16 0 1 0 0 7 10 3 
7 10 11 0 1 16 15 0 8 12 13 0 16 14 5 9 
5 12 13 15 16 14 16 1 0 9 6 4 3 8 2 11 
6 16 8 5 4 13 9 2 11 14 16 0 15 12 3 0 
0 8 9 7 0 6 4 16 14 3 0 15 10 13 16 12 
0 0 4 2 16 12 8 16 10 1 15 11 13 5 14 6 

第27轮调度计算开始:
greedy:3
greedy:14
greedy:6
greedy:1
greedy:8
greedy:10
greedy:0
greedy:2
greedy:5
greedy:7
greedy:4
greedy:9
greedy:11
greedy:12
greedy:13
greedy:15
15 2 0 5 14 4 8 6 13 7 9 3 12 11 10 1 
0.115853
13
choosen:
15 2 0 5 14 4 8 6 13 7 9 3 12 11 10 1 
old:
8 11 6 15 0 12 13 3 2 9 1 5 4 10 14 7 
new:1.44562 old:1.41339
last cost 矩阵:
0 0.0566805 0.045945 0 0.0416434 0.0573931 0 0.125616 0.0413292 0.111784 0.050627 0 0.0354996 0.0354996 0.0429957 0.115882 
0.11015 0 0.0477959 0 0.0470283 0.0556871 0.0413985 0.131078 0.039558 0.10112 0.049184 0.0341009 0.0340672 0.0340605 0 0.110133 
0.199795 0.106387 0.092619 0.199781 0 0 0.0788192 0.211776 0.0711986 0.216832 0 0.0624348 0.0624429 0 0.0743209 0.199781 
0.16597 0.0860678 0.0735946 0.16598 0 0.0826319 0.0803827 0.209967 0.0571328 0.169704 0.0794212 0.0520063 0.052 0.0520312 0.060442 0.166001 
0.198269 0.0979832 0.0914094 0.198269 0.112686 0 0 0.207946 0.0688234 0.216457 0.0915552 0.0613481 0.0613877 0.0614432 0.0731002 0.198269 
0.223725 0 0.103996 0.223693 0.0876144 0.114715 0.089332 0.233016 0.07934 0.232715 0 0 0.070599 0.0705894 0.0837474 0.223725 
0 0.110679 0.105377 0.219323 0.0777193 0.111925 0 0.220775 0.0776141 0.233663 0.0918723 0.0685025 0.0684933 0.0685025 0.0823269 0.219323 
0.0918036 0.0443513 0 0.0918036 0.0366537 0.0461033 0.036949 0 0.0310533 0.104293 0.0395885 0.02805 0.0280875 0.0280875 0.0335479 0.0917996 
0 0 0.0910454 0.199351 0.076233 0.101708 0.0801254 0.201517 0.0689807 0.208395 0.0826672 0.0623052 0 0.0623295 0.0743389 0.199324 
0.102297 0 0.0443639 0.102297 0.0419088 0.0509407 0.0380525 0.113465 0.0362718 0.113465 0.0448382 0.0317322 0.0317746 0 0.0373471 0 
0.144934 0.0701402 0.0648558 0.144901 0.0689194 0.07152 0.0511922 0.159543 0.0505935 0.150377 0.0656337 0 0 0.0448498 0.0532069 0.147405 
0.190531 0.0963719 0.0938859 0.190543 0.0868792 0.0960596 0.0799286 0 0.0685336 0.205831 0.0923944 0 0.0593334 0.0594015 0.0697095 0.190506 
0.112208 0.0544457 0.0516813 0.112185 0.0449889 0.0551382 0.0408962 0.101713 0 0.146047 0.0442764 0.0338519 0.0338317 0.0338183 0.0408271 0.112213 
0.102856 0.0503956 0.0402102 0.102856 0.0406518 0.0512021 0.0404552 0.0994006 0.0361906 0.116261 0.043458 0.0307755 0.0307638 0.0318926 0.0374851 0 
0 0.0896645 0.0824239 0.18113 0 0.0922429 0.0708864 0.187636 0.0647755 0.18848 0.0809555 0.0564974 0.0564903 0.0564551 0.0676849 0.181142 
0 0.0619637 0.0526595 0.128156 0.0458278 0.0631113 0.0511406 0.137122 0.0447464 0.115085 0.0591181 0.0398122 0.0397615 0.0397953 0.0463972 0.128184 

life 矩阵:
0 12 4 0 11 9 0 2 16 1 15 0 7 14 5 16 
0 0 16 0 14 10 13 9 8 5 2 16 11 15 0 7 
16 8 13 0 0 0 16 11 12 10 0 7 4 0 6 14 
1 13 15 7 0 16 4 8 6 12 10 11 5 9 14 16 
16 14 0 10 5 0 0 4 11 9 13 15 6 3 16 12 
14 0 11 8 16 7 12 13 4 15 0 0 16 0 3 9 
0 10 14 11 9 15 0 12 16 3 4 13 0 16 8 1 
11 5 0 16 7 1 16 0 2 14 8 12 13 10 15 6 
0 0 16 12 13 6 10 14 5 4 7 9 0 16 11 15 
13 0 9 15 8 4 2 16 14 16 11 5 10 0 12 0 
12 16 1 13 4 14 11 10 15 16 0 0 0 6 9 2 
6 9 10 16 0 16 14 0 7 11 12 0 15 13 4 8 
4 11 12 14 16 13 15 0 0 8 5 3 16 7 1 10 
5 15 7 4 3 12 8 1 10 13 16 16 14 11 2 0 
0 7 8 6 0 5 3 15 13 2 16 14 9 12 16 11 
0 16 3 1 15 11 7 16 9 0 14 10 12 4 13 5 

第28轮调度计算开始:
greedy:0
greedy:7
greedy:1
greedy:12
greedy:2
greedy:3
greedy:6
greedy:4
greedy:13
greedy:11
greedy:5
greedy:15
greedy:8
greedy:9
greedy:10
greedy:14
6 1 9 0 4 11 8 2 12 13 3 5 7 15 10 14 
0
0
choosen:
6 1 9 0 4 11 8 2 12 13 3 5 7 15 10 14 
old:
8 11 6 15 0 12 13 3 2 9 1 5 4 10 14 7 
new:1.42485 old:1.41587
last cost 矩阵:
0 0.0566805 0.045945 0 0.0416434 0.0573931 0.0501873 0.125616 0.039331 0.111784 0.050627 0 0.0354996 0.0354996 0.0429957 0.115882 
0 0.0553036 0.0477959 0 0.0470283 0.0556871 0.0413985 0.131078 0.039558 0.10112 0.049184 0.0340941 0.0340672 0.0340605 0 0.110133 
0.199795 0.106387 0.092619 0 0 0 0.0836325 0.211776 0.0711986 0.20047 0 0.0624348 0.0624429 0 0.0743209 0.199781 
0.166001 0.0860678 0.0735946 0.16598 0 0.0826319 0.0803827 0.209967 0.0571328 0.169704 0.0794212 0.0520063 0.052 0.0520312 0.060442 0.166001 
0.198269 0.0979832 0 0.198269 0.083835 0 0 0.207946 0.0688234 0.216457 0.0915552 0.0613481 0.0613877 0.0614432 0.0731002 0.198269 
0.223725 0 0.103996 0.223693 0.0876144 0.114715 0.089332 0.233016 0.07934 0.232715 0 0.0705894 0.0705894 0 0.0837474 0.223725 
0 0.110679 0.105377 0.219323 0.0777193 0.111925 0 0.220775 0.075479 0.233663 0.0918723 0.0685025 0 0.0684933 0.0823269 0.219323 
0.0918036 0.0443513 0.0377055 0.0918077 0.0366537 0.0461033 0.036949 0 0.0310533 0.104293 0.0395885 0.02805 0.0280875 0.0280875 0.0335479 0.0917996 
0 0 0.0863714 0.199351 0.076233 0.101708 0.0801254 0.201517 0.0689807 0.208395 0.0826672 0.0623052 0.0623214 0.0623295 0.0743389 0.199324 
0.102297 0 0.0443639 0.102297 0.0419088 0.0509407 0.0380525 0.113465 0.0362718 0.11344 0.0448382 0.0317322 0.0317746 0.0317655 0.0373471 0 
0.144934 0.072579 0.0648558 0.144934 0.0689194 0.07152 0.0511922 0.159543 0.0505935 0.150377 0 0 0 0.0448498 0.0532069 0.147405 
0.190531 0.0963719 0.0938859 0.190543 0 0.0960694 0.0799286 0 0.0685336 0.205831 0.0923944 0 0.0593334 0.0594015 0.0697095 0.190506 
0.112208 0.0544457 0.0516813 0.112185 0.0479448 0.0551382 0.0408962 0.122323 0 0.146047 0.0442764 0.0338519 0.0338317 0.0338183 0.0408271 0.112213 
0.102856 0.0503956 0.0402102 0.102856 0.0406518 0.0512021 0.0404552 0.0994006 0.0361906 0.116261 0.0426062 0.0307755 0.0307638 0.0318926 0.0374851 0.102856 
0 0.0896645 0.0824239 0.18113 0 0.0922429 0.0708864 0.187636 0.0647755 0.18848 0.0775059 0.0564974 0.0564903 0.0564551 0.0676216 0.181142 
0 0.0619637 0.0526595 0.128156 0.0458278 0.0631113 0.0511406 0.137022 0.0447464 0 0.0591181 0.0398122 0.0397615 0.0397953 0.0475053 0.128184 

life 矩阵:
0 11 3 0 10 8 16 1 16 0 14 0 6 13 4 15 
0 16 15 0 13 9 12 8 7 4 1 16 10 14 0 6 
15 7 12 0 0 0 16 10 11 16 0 6 3 0 5 13 
16 12 14 6 0 15 3 7 5 11 9 10 4 8 13 16 
16 13 0 9 16 0 0 3 10 8 12 14 5 2 15 11 
13 0 10 7 15 6 11 12 3 14 0 16 16 0 2 8 
0 9 13 10 8 14 0 11 16 2 3 12 0 16 7 0 
10 4 16 16 6 0 15 0 1 13 7 11 12 9 14 5 
0 0 16 11 12 5 9 13 4 3 6 8 16 15 10 14 
12 0 8 14 7 3 1 15 13 16 10 4 9 16 11 0 
11 16 0 16 3 13 10 9 14 15 0 0 0 5 8 1 
5 8 9 15 0 16 13 0 6 10 11 0 14 12 3 7 
3 10 11 13 16 12 14 16 0 7 4 2 15 6 0 9 
4 14 6 3 2 11 7 0 9 12 16 15 13 10 1 16 
0 6 7 5 0 4 2 14 12 1 16 13 8 11 16 10 
0 15 2 0 14 10 6 16 8 0 13 9 11 3 16 4 

第29轮调度计算开始:
greedy:14
greedy:10
greedy:0
greedy:15
greedy:4
greedy:1
greedy:2
greedy:3
greedy:11
greedy:6
greedy:5
greedy:7
greedy:8
greedy:9
greedy:12
greedy:13
11 14 4 3 6 9 1 13 2 15 10 7 5 0 12 8 
0
0
choosen:
11 14 4 3 6 9 1 13 2 15 10 7 5 0 12 8 
old:
8 11 6 15 0 12 13 3 2 9 1 5 4 10 14 7 
new:1.47625 old:1.41059
last cost 矩阵:
0 0.0566805 0.045945 0 0.0416434 0.0573931 0.0501873 0.125616 0.0403812 0 0.050627 0.0354744 0.0354996 0.0354996 0.0429957 0.115882 
0 0.0553036 0.0477959 0 0.0470283 0.0556871 0.0413985 0.131078 0.039558 0.10112 0.049184 0.0340639 0.0340672 0.0340605 0.0411692 0.110133 
0.199795 0.106387 0.092619 0 0.0785825 0 0.0785825 0.211776 0.0711986 0.20047 0 0.0624348 0.0624429 0 0.0743209 0.199781 
0.166001 0.0860678 0.0735946 0.16598 0 0.0826319 0.0803827 0.209967 0.0571328 0.169704 0.0794212 0.0520063 0.052 0.0520312 0.060442 0.16598 
0.198256 0.0979832 0 0.198269 0.083835 0 0.0788044 0.207946 0.0688234 0.216457 0.0915552 0.0613481 0.0613877 0.0614432 0.0731002 0.198269 
0.223725 0 0.103996 0.223693 0.0876144 0.114715 0.089332 0.233016 0.07934 0.234487 0 0.0705894 0.0705318 0 0.0837474 0.223725 
0 0.112132 0.105377 0.219323 0.0777193 0.111925 0 0.220775 0.075479 0.233663 0.0918723 0.0685025 0 0.068438 0.0823269 0 
0.0918036 0.0443513 0.0377055 0.0917996 0.0366537 0 0.036949 0 0.0310533 0.104293 0.0395885 0.02805 0.0280875 0.02805 0.0335479 0.0917996 
0 0 0.0832028 0.199351 0.076233 0.101708 0.0801254 0.201517 0.0689807 0.208395 0.0826672 0.0623052 0.0623214 0.0623295 0.0743389 0.199324 
0.102297 0 0.0443639 0.102297 0.0419088 0.0509407 0.0380525 0.113465 0.0362718 0.116618 0.0448382 0.0317322 0.0317746 0.0317655 0.0373471 0.102317 
0.144934 0.071819 0 0.144934 0.0689194 0.07152 0.0511922 0.159543 0.0505935 0.150377 0.0577393 0 0 0.0448498 0.0532069 0.147405 
0.190531 0.0963719 0.0938859 0.190543 0 0.0960498 0.0799286 0.200112 0.0685336 0.205831 0.0923944 0 0.0593334 0.0594015 0.0697095 0.190506 
0.112208 0.0544457 0.0516813 0.112185 0.0447712 0.0551295 0.0408962 0.122323 0 0.146047 0.0442764 0.0338519 0.0338317 0.0338183 0 0.112213 
0.102851 0.0503956 0.0402102 0.102856 0.0406518 0.0512021 0.0404552 0 0.0361906 0.116261 0.0404785 0.0307755 0.0307638 0.0318926 0.0374851 0.102856 
0 0.0896645 0.0824239 0.18113 0 0.0922429 0.0708864 0.187636 0.0647755 0.18848 0.0775059 0.0564974 0.0564551 0.0564551 0.0692793 0.181142 
0 0.0619637 0.0526595 0 0.0458278 0.0631113 0.0511406 0.140343 0.0437647 0 0.0591181 0.0398122 0.0397615 0.0397953 0.0475053 0.128184 

life 矩阵:
0 10 2 0 9 7 15 0 16 0 13 16 5 12 3 14 
0 15 14 0 12 8 11 7 6 3 0 16 9 13 16 5 
14 6 11 0 16 0 16 9 10 15 0 5 2 0 4 12 
15 11 13 16 0 14 2 6 4 10 8 9 3 7 12 16 
16 12 0 8 15 0 16 2 9 7 11 13 4 1 14 10 
12 0 9 6 14 5 10 11 2 16 0 15 16 0 1 7 
0 16 12 9 7 13 0 10 15 1 2 11 0 16 6 0 
9 3 15 16 5 0 14 0 0 12 6 10 11 16 13 4 
0 0 16 10 11 4 8 12 3 2 5 7 15 14 9 13 
11 0 7 13 6 2 0 14 12 16 9 3 8 15 10 16 
10 16 0 15 2 12 9 8 13 14 16 0 0 4 7 0 
4 7 8 14 0 16 12 16 5 9 10 0 13 11 2 6 
2 9 10 12 16 16 13 15 0 6 3 1 14 5 0 8 
16 13 5 2 1 10 6 0 8 11 16 14 12 9 0 15 
0 5 6 4 0 3 1 13 11 0 15 12 16 10 16 9 
0 14 1 0 13 9 5 16 16 0 12 8 10 2 15 3 

第30轮调度计算开始:
greedy:0
greedy:6
greedy:7
greedy:10
greedy:5
greedy:1
greedy:2
greedy:3
greedy:4
greedy:13
greedy:8
greedy:12
greedy:9
greedy:11
greedy:14
greedy:15
2 14 13 4 5 10 12 15 1 6 11 3 8 7 9 0 
0.045945
1
choosen:
2 14 13 4 5 10 12 15 1 6 11 3 8 7 9 0 
old:
8 11 6 15 0 12 13 3 2 9 1 5 4 10 14 7 
new:1.40543 old:1.39732
last cost 矩阵:
0 0.0566805 0.0428728 0 0.0416434 0.0573931 0.0501873 0 0.0401775 0 0.050627 0.0354744 0.0354996 0.0354996 0.0429957 0.115882 
0 0.0553036 0.0477959 0 0.0470283 0.0556871 0.0413985 0.131078 0.039558 0.10112 0 0.0340941 0.0340672 0.0340605 0.0400714 0.110133 
0.199795 0.106387 0.092619 0 0.0785825 0 0.0822121 0.211776 0.0711986 0.20047 0 0.0624348 0.0624429 0.0624429 0.0743209 0.199781 
0.166001 0.0860678 0.0735946 0.16598 0.0681165 0.0826319 0.0803827 0.209967 0.0571328 0.169704 0.0794212 0.0520063 0.052 0.0520312 0.060442 0.16597 
0.198256 0.0979832 0 0.198269 0.083835 0.0987457 0.0788044 0.207946 0.0688234 0.216457 0.0915552 0.0613481 0.0613877 0.0614432 0.0731002 0.198269 
0.223725 0 0.103996 0.223693 0.0876144 0.114715 0.089332 0.233016 0.07934 0.234487 0.0866377 0.0705894 0.0705798 0 0.0837474 0.223725 
0 0.112132 0.105377 0.219323 0.0777193 0.111925 0 0.220775 0.075479 0.233663 0.0918723 0.0685025 0.0684841 0.0684841 0.0823269 0 
0.0918036 0.0443513 0.0377055 0.0917996 0.0366537 0 0.036949 0 0 0.104293 0.0395885 0.02805 0.0280875 0.02805 0.0335479 0.0917996 
0 0.101955 0.0766422 0.199351 0.076233 0.101708 0.0801254 0.201517 0.0689807 0.208395 0.0826672 0.0623052 0.0623214 0.0623295 0.0743389 0.199324 
0.102297 0 0.0443639 0.102297 0.0419088 0.0509407 0.043766 0.113465 0.0362718 0.112745 0.0448382 0.0317322 0.0317746 0.0317655 0.0373471 0.102317 
0.144934 0.0724378 0 0.144934 0.0689194 0.07152 0.0511922 0.159543 0.0505935 0.150377 0.0577393 0.0448548 0 0.0448498 0.0532069 0 
0.190531 0.0963719 0.0938859 0.190531 0 0.0960596 0.0799286 0.200112 0.0685336 0.205831 0.0923944 0 0.0593334 0.0594015 0.0697095 0.190506 
0.112208 0.0544457 0.0516813 0.112185 0.046635 0.0551295 0.0408962 0.122323 0.0396473 0.146047 0.0442764 0.0338519 0.0338317 0.0338183 0 0.112213 
0.102851 0.0503956 0.0402102 0.102856 0.0406518 0.0512021 0.0404552 0.113912 0.0361906 0.116261 0.038158 0.0307755 0.0307638 0.0318926 0 0.102856 
0 0.0896645 0.0824239 0.18113 0 0.0922429 0.0708864 0.187636 0.0647755 0.18342 0.0775059 0.0564974 0.0564551 0.0564551 0.0665055 0.181142 
0.128177 0.0619637 0.0526595 0 0.0458278 0.0631113 0.0511406 0.136561 0.0437647 0 0.0591181 0.0398122 0.0397615 0.0397953 0.0475053 0.128184 

life 矩阵:
0 9 16 0 8 6 14 0 16 0 12 15 4 11 2 13 
0 14 13 0 11 7 10 6 5 2 0 16 8 12 16 4 
13 5 10 0 15 0 16 8 9 14 0 4 1 16 3 11 
14 10 12 15 16 13 1 5 3 9 7 8 2 6 11 16 
16 11 0 7 14 16 15 1 8 6 10 12 3 0 13 9 
11 0 8 5 13 4 9 10 1 15 16 14 16 0 0 6 
0 15 11 8 6 12 0 9 14 0 1 10 16 16 5 0 
8 2 14 16 4 0 13 0 0 11 5 9 10 15 12 16 
0 16 16 9 10 3 7 11 2 1 4 6 14 13 8 12 
10 0 6 12 5 1 16 13 11 16 8 2 7 14 9 15 
9 16 0 14 1 11 8 7 12 13 15 16 0 3 6 0 
3 6 7 16 0 16 11 15 4 8 9 0 12 10 1 5 
1 8 9 11 16 15 12 14 16 5 2 0 13 4 0 7 
15 12 4 1 0 9 5 16 7 10 16 13 11 8 0 14 
0 4 5 3 0 2 0 12 10 16 14 11 15 9 16 8 
16 13 0 0 12 8 4 16 15 0 11 7 9 1 14 2 

第31轮调度计算开始:
greedy:14
greedy:6
greedy:10
greedy:13
greedy:2
greedy:0
greedy:3
greedy:1
greedy:9
greedy:15
greedy:4
greedy:5
greedy:7
greedy:8
greedy:11
greedy:12
9 3 10 4 13 14 6 8 11 12 15 1 5 7 0 2 
0
0
choosen:
9 3 10 4 13 14 6 8 11 12 15 1 5 7 0 2 
old:
8 11 6 15 0 12 13 3 2 9 1 5 4 10 14 7 
new:1.39999 old:1.41672
last cost 矩阵:
0 0.0566805 0.0428728 0 0.0416434 0.0573931 0.0501873 0 0.0413609 0.13276 0.050627 0.0354744 0.0354996 0.0354996 0.0429957 0.115882 
0 0.0553036 0.0477959 0.110128 0.0470283 0.0556871 0.0413985 0.131078 0.039558 0.10112 0 0.0341143 0.0340672 0.0340605 0.0400714 0.110133 
0.199795 0.106387 0.092619 0 0.0785825 0 0.0808086 0.211776 0.0711986 0.20047 0.0813936 0.0624348 0.0624429 0.0624429 0.0743209 0.199781 
0.166001 0.0860678 0.0735946 0.16598 0.068518 0.0826319 0.0803827 0.209967 0.0571328 0.169704 0.0794212 0.0520063 0.052 0.0520312 0.060442 0.16597 
0.19823 0.0979832 0 0.198269 0.083835 0.0987457 0.0788044 0.207946 0.0688234 0.216457 0.0915552 0.0613481 0.0613877 0.0614274 0.0731002 0.198269 
0.223725 0 0.103996 0.223693 0.0876144 0.114715 0.089332 0.233016 0.07934 0.234487 0.0866377 0.0705894 0.0706182 0 0.0851111 0.223725 
0 0.112132 0.105377 0.219323 0.0777193 0.111925 0.0887046 0.220775 0.075479 0 0.0918723 0.0685025 0.0684841 0.068521 0.0823269 0 
0.0918036 0.0443513 0.0377055 0.0917791 0.0366537 0 0.036949 0 0.0319451 0.104293 0.0395885 0.02805 0.0280875 0.02805 0.0335479 0.0917996 
0 0.101955 0.0827763 0.199351 0.076233 0.101708 0.0801254 0.201517 0.0689807 0.208395 0.0826672 0.0623457 0.0623214 0.0623295 0.0743389 0.199324 
0.102297 0 0.0443639 0.102297 0.0419088 0.0509407 0.043766 0.113465 0.0362718 0.118089 0.0448382 0.0317322 0.0317837 0.0317655 0.0373471 0.102317 
0.144934 0.0700783 0 0.144934 0.0689194 0.07152 0.0511922 0.159543 0.0505935 0.150377 0.0577393 0.0448548 0 0.0448498 0.0532069 0.144901 
0.190531 0.094663 0.0938859 0.190531 0 0.0960694 0.0799286 0.200112 0.0685336 0.205831 0.0923944 0 0.0593334 0.0594015 0.0697095 0.190506 
0.112208 0.0544457 0.0516813 0.112185 0.0470179 0.0551426 0.0408962 0.122323 0.0396473 0.146047 0.0442764 0 0.0338317 0.0338183 0 0.112213 
0.102851 0.0503956 0.0402102 0.102856 0 0.0512021 0.0404552 0.119292 0.0361906 0.116261 0.0402145 0.0307755 0.0307638 0.0318926 0 0.102856 
0.181107 0.0896645 0.0824239 0.18113 0 0.0922429 0 0.187636 0.0647755 0.18342 0.0775059 0.0564974 0.0564551 0.0564551 0.0678038 0.181142 
0.128177 0.0619637 0.0507653 0 0.0458278 0.0631113 0.0511406 0.143267 0.0437647 0 0.0591181 0.0398122 0.0397615 0.0397953 0.0475053 0.128184 

life 矩阵:
0 8 15 0 7 5 13 0 16 16 11 14 3 10 1 12 
0 13 12 16 10 6 9 5 4 1 0 16 7 11 15 3 
12 4 9 0 14 0 16 7 8 13 16 3 0 15 2 10 
13 9 11 14 16 12 0 4 2 8 6 7 1 5 10 16 
16 10 0 6 13 15 14 0 7 5 9 11 2 16 12 8 
10 0 7 4 12 3 8 9 0 14 15 13 16 0 16 5 
0 14 10 7 5 11 16 8 13 0 0 9 15 16 4 0 
7 1 13 16 3 0 12 0 16 10 4 8 9 14 11 15 
0 15 16 8 9 2 6 10 1 0 3 16 13 12 7 11 
9 0 5 11 4 0 15 12 10 16 7 1 16 13 8 14 
8 16 0 13 0 10 7 6 11 12 14 15 0 2 5 16 
2 16 6 15 0 16 10 14 3 7 8 0 11 9 0 4 
0 7 8 10 16 16 11 13 15 4 1 0 12 3 0 6 
14 11 3 0 0 8 4 16 6 9 16 12 10 7 0 13 
16 3 4 2 0 1 0 11 9 15 13 10 14 8 16 7 
15 12 16 0 11 7 3 16 14 0 10 6 8 0 13 1 

6 7 8 13 9 15 4 2 1 12 14 10 3 0 11 5 
1.51018
6 7 8 13 9 15 4 2 1 12 14 10 3 0 11 5 
1.41905
14 8 4 2 5 3 6 1 12 7 9 11 13 15 10 0 
1.41905
14 8 4 2 5 3 6 1 12 7 9 11 13 15 10 0 
1.45662
14 8 4 2 5 3 6 1 12 7 9 11 13 15 10 0 
1.499
14 8 4 2 5 3 6 1 12 7 9 11 13 15 10 0 
1.5057
14 8 4 2 5 3 6 1 12 7 9 11 13 15 10 0 
1.50282
14 8 4 2 5 3 6 1 12 7 9 11 13 15 10 0 
1.39453
14 8 4 2 5 3 6 1 12 7 9 11 13 15 10 0 
1.42154
8 11 6 15 0 12 13 3 2 9 1 5 4 10 14 7 
1.55612
8 11 6 15 0 12 13 3 2 9 1 5 4 10 14 7 
1.39353
8 11 6 15 0 12 13 3 2 9 1 5 4 10 14 7 
1.38876
8 11 6 15 0 12 13 3 2 9 1 5 4 10 14 7 
1.41439
8 11 6 15 0 12 13 3 2 9 1 5 4 10 14 7 
1.41163
8 11 6 15 0 12 13 3 2 9 1 5 4 10 14 7 
1.43026
8 11 6 15 0 12 13 3 2 9 1 5 4 10 14 7 
1.41528
8 11 6 15 0 12 13 3 2 9 1 5 4 10 14 7 
1.41422
8 11 6 15 0 12 13 3 2 9 1 5 4 10 14 7 
1.44283
8 11 6 15 0 12 13 3 2 9 1 5 4 10 14 7 
1.47385
8 11 6 15 0 12 13 3 2 9 1 5 4 10 14 7 
1.41991
8 11 6 15 0 12 13 3 2 9 1 5 4 10 14 7 
1.44196
8 11 6 15 0 12 13 3 2 9 1 5 4 10 14 7 
1.41006
8 11 6 15 0 12 13 3 2 9 1 5 4 10 14 7 
1.42541
8 11 6 15 0 12 13 3 2 9 1 5 4 10 14 7 
1.41579
8 11 6 15 0 12 13 3 2 9 1 5 4 10 14 7 
1.42621
8 11 6 15 0 12 13 3 2 9 1 5 4 10 14 7 
1.40328
8 11 6 15 0 12 13 3 2 9 1 5 4 10 14 7 
1.41339
8 11 6 15 0 12 13 3 2 9 1 5 4 10 14 7 
1.41587
8 11 6 15 0 12 13 3 2 9 1 5 4 10 14 7 
1.41059
8 11 6 15 0 12 13 3 2 9 1 5 4 10 14 7 
1.39732
9 3 10 4 13 14 6 8 11 12 15 1 5 7 0 2 
1.39999
last cost 矩阵:
0 0.0566805 0.0428728 0 0.0416434 0.0573931 0.0501873 0 0.0413609 0.13276 0.050627 0.0354744 0.0354996 0.0354996 0.0429957 0.115882 
0 0.0553036 0.0477959 0.110128 0.0470283 0.0556871 0.0413985 0.131078 0.039558 0.10112 0 0.0341143 0.0340672 0.0340605 0.0400714 0.110133 
0.199795 0.106387 0.092619 0 0.0785825 0 0.0808086 0.211776 0.0711986 0.20047 0.0813936 0.0624348 0.0624429 0.0624429 0.0743209 0.199781 
0.166001 0.0860678 0.0735946 0.16598 0.068518 0.0826319 0.0803827 0.209967 0.0571328 0.169704 0.0794212 0.0520063 0.052 0.0520312 0.060442 0.16597 
0.19823 0.0979832 0 0.198269 0.083835 0.0987457 0.0788044 0.207946 0.0688234 0.216457 0.0915552 0.0613481 0.0613877 0.0614274 0.0731002 0.198269 
0.223725 0 0.103996 0.223693 0.0876144 0.114715 0.089332 0.233016 0.07934 0.234487 0.0866377 0.0705894 0.0706182 0 0.0851111 0.223725 
0 0.112132 0.105377 0.219323 0.0777193 0.111925 0.0887046 0.220775 0.075479 0 0.0918723 0.0685025 0.0684841 0.068521 0.0823269 0 
0.0918036 0.0443513 0.0377055 0.0917791 0.0366537 0 0.036949 0 0.0319451 0.104293 0.0395885 0.02805 0.0280875 0.02805 0.0335479 0.0917996 
0 0.101955 0.0827763 0.199351 0.076233 0.101708 0.0801254 0.201517 0.0689807 0.208395 0.0826672 0.0623457 0.0623214 0.0623295 0.0743389 0.199324 
0.102297 0 0.0443639 0.102297 0.0419088 0.0509407 0.043766 0.113465 0.0362718 0.118089 0.0448382 0.0317322 0.0317837 0.0317655 0.0373471 0.102317 
0.144934 0.0700783 0 0.144934 0.0689194 0.07152 0.0511922 0.159543 0.0505935 0.150377 0.0577393 0.0448548 0 0.0448498 0.0532069 0.144901 
0.190531 0.094663 0.0938859 0.190531 0 0.0960694 0.0799286 0.200112 0.0685336 0.205831 0.0923944 0 0.0593334 0.0594015 0.0697095 0.190506 
0.112208 0.0544457 0.0516813 0.112185 0.0470179 0.0551426 0.0408962 0.122323 0.0396473 0.146047 0.0442764 0 0.0338317 0.0338183 0 0.112213 
0.102851 0.0503956 0.0402102 0.102856 0 0.0512021 0.0404552 0.119292 0.0361906 0.116261 0.0402145 0.0307755 0.0307638 0.0318926 0 0.102856 
0.181107 0.0896645 0.0824239 0.18113 0 0.0922429 0 0.187636 0.0647755 0.18342 0.0775059 0.0564974 0.0564551 0.0564551 0.0678038 0.181142 
0.128177 0.0619637 0.0507653 0 0.0458278 0.0631113 0.0511406 0.143267 0.0437647 0 0.0591181 0.0398122 0.0397615 0.0397953 0.0475053 0.128184 

life 矩阵:
0 8 15 0 7 5 13 0 16 16 11 14 3 10 1 12 
0 13 12 16 10 6 9 5 4 1 0 16 7 11 15 3 
12 4 9 0 14 0 16 7 8 13 16 3 0 15 2 10 
13 9 11 14 16 12 0 4 2 8 6 7 1 5 10 16 
16 10 0 6 13 15 14 0 7 5 9 11 2 16 12 8 
10 0 7 4 12 3 8 9 0 14 15 13 16 0 16 5 
0 14 10 7 5 11 16 8 13 0 0 9 15 16 4 0 
7 1 13 16 3 0 12 0 16 10 4 8 9 14 11 15 
0 15 16 8 9 2 6 10 1 0 3 16 13 12 7 11 
9 0 5 11 4 0 15 12 10 16 7 1 16 13 8 14 
8 16 0 13 0 10 7 6 11 12 14 15 0 2 5 16 
2 16 6 15 0 16 10 14 3 7 8 0 11 9 0 4 
0 7 8 10 16 16 11 13 15 4 1 0 12 3 0 6 
14 11 3 0 0 8 4 16 6 9 16 12 10 7 0 13 
16 3 4 2 0 1 0 11 9 15 13 10 14 8 16 7 
15 12 16 0 11 7 3 16 14 0 10 6 8 0 13 1 

0.150171
44.4491
