init
0.44,0.98,1.01,0.97,
0.54,0.98,1.02,0.96,
0.53,0.98,1.01,0.96,
0.52,0.98,1.02,0.96,
0.5,0.99,1.01,0.96,
0.55,0.98,1.01,0.95,
0.55,0.97,1,0.95,
0.53,0.98,1.02,0.95,
0.52,0.98,1.01,0.97,
0.53,0.98,1.01,0.96,
0.54,0.98,1.01,0.97,
0.52,0.99,1.01,0.96,
0.48,0.99,1.01,0.96,
0.47,0.98,1,0.97,
0.47,0.99,1.01,0.97,
0.54,1,1.02,0.96,
0.47,0.98,1.01,0.96,
0.43,0.96,1.01,0.97,
0.43,0.97,1.01,0.95,
0.48,0.97,1.02,0.96,
0.47,0.98,1.01,0.96,
0.47,0.98,1.01,0.96,
0.5,0.97,1.01,0.96,
0.5,0.98,1.01,0.97,
0.5,0.98,1,0.97,
0.5,0.98,1.02,0.97,
0.5,0.97,1.02,0.96,
0.5,0.99,1.01,0.96,
0.49,0.98,1.01,0.95,
0.51,0.98,1.01,0.97,
0.48,0.98,1.01,0.96,
107
